Row,Timestamp,EventSource,SlideEvent,StimType,Duration,CollectionPhase,SourceStimuliName,EventSource.1,CPU Sys,Memory Sys,CPU Proc,Memory Proc,EventSource.2,ET_GazeLeftx,ET_GazeLefty,ET_GazeRightx,ET_GazeRighty,ET_PupilLeft,ET_PupilRight,ET_TimeSignal,ET_DistanceLeft,ET_DistanceRight,ET_CameraLeftX,ET_CameraLeftY,ET_CameraRightX,ET_CameraRightY,ET_ValidityLeft,ET_ValidityRight,EventSource.3,Gaze X,Gaze Y,Interpolated Gaze X,Interpolated Gaze Y,Interpolated Distance,Gaze Velocity,Gaze Acceleration,Fixation Index,Fixation Index by Stimulus,Fixation X,Fixation Y,Fixation Start,Fixation End,Fixation Duration,Fixation Dispersion,Saccade Index,Saccade Index by Stimulus,Saccade Start,Saccade End,Saccade Duration,Saccade Amplitude,Saccade Peak Velocity,Saccade Peak Acceleration,Saccade Peak Deceleration,Saccade Direction
1,30.9133,1.0,StartSlide,TestImage,90000.0,StimuliDisplay,Frage 1,,,,,,,,,,,0.6585048574425887,0.6495113533451946,,,,,,,,,,,0.37959439571535225,0.3642823432120883,,,,,,,,,,,,,,,,,,,,,,,
2,32.508,,,,,,Frage 1,,,,,,1.0,985.0,573.0,944.0,564.0,0.8710552723678101,0.8518662352827744,49.96400000003632,589.7526245117188,586.54736328125,0.5902858972549438,0.3829639256000518,0.4400939345359802,0.3927517533302307,0.0,0.0,1.0,0.5274321266968325,0.5252572497661365,964.5,568.5,588.149993896484,4.12185524583611,,1.0,,965.388888888889,566.277777777778,24.18125,323.96565,299.7844,0.210253701254446,,,,,,,,,,
3,49.1635,,,,,,Frage 1,,,,,,1.0,991.0,589.0,949.0,548.0,0.8720487870633402,0.8534169675283632,66.61800000001676,589.4526977539064,586.25,0.5903680324554443,0.3829579055309295,0.4401734471321106,0.3927842080593109,0.0,0.0,1.0,0.5305429864253393,0.5252572497661365,970.0,568.5,587.851348876953,2.32130730656424,-108.105306911943,1.0,,965.388888888889,566.277777777778,24.18125,323.96565,299.7844,0.210253701254446,,,,,,,,,,
4,65.8267,,,,,,Frage 1,,,,,,1.0,984.0,580.0,946.0,552.0,0.8729249771591471,0.8523965375014732,83.2730000000447,588.4166259765625,585.2113647460938,0.5903689265251159,0.3828701078891754,0.4401541352272033,0.3927265405654907,0.0,0.0,1.0,0.3495851502841867,0.3545876334492659,965.0,566.0,586.813995361328,10.4024182156779,484.967527792601,1.0,,965.388888888889,566.277777777778,24.18125,323.96565,299.7844,0.210253701254446,,,,,,,,,,
5,82.474,,,,,,Frage 1,,,,,,1.0,978.0,582.0,944.0,569.0,0.8718216266681311,0.8505163750897229,99.92800000007264,587.8836059570312,584.6673583984375,0.5901376605033875,0.3829086422920227,0.4399259686470031,0.392785906791687,0.0,0.0,1.0,0.5254524886877827,0.5318054256314312,961.0,575.5,586.275482177734,6.78959698098515,-217.021453009963,1.0,,965.388888888889,566.277777777778,24.18125,323.96565,299.7844,0.210253701254446,,,,,,,,,,
6,99.1268,,,,,,Frage 1,,,,,,1.0,977.0,584.0,948.0,562.0,0.870783179147175,0.8512743323012973,116.58200000005309,587.9600219726562,584.7357177734375,0.5899488925933837,0.3827418088912963,0.4397588670253753,0.3926486372947692,0.0,0.0,1.0,0.4256532799608569,0.5294667913938259,962.5,573.0,586.347869873047,4.58788376400645,-132.212794063383,1.0,,965.388888888889,566.277777777778,24.18125,323.96565,299.7844,0.210253701254446,,,,,,,,,,
7,102.046,1.0,StartMedia,TestImage,90000.0,StimuliDisplay,Frage 1,,,,,,,,,,,0.6585048574425887,0.6495113533451946,,,,,,,,,,,0.37959439571535225,0.3642823432120883,,,,,,,,,,,,,,,,,,,,,,,
8,115.7825,,,,,,Frage 1,,,,,,1.0,982.0,578.0,941.0,563.0,0.8706958097644022,0.8512689757132298,133.2369999999646,588.2868041992188,585.0516357421875,0.589683711528778,0.3827492296695709,0.4395195841789245,0.3926834464073181,0.0,0.0,1.0,0.525735294117647,0.5271281571562207,961.5,570.5,586.669219970703,2.66053361631708,-115.717150746553,1.0,,965.388888888889,566.277777777778,24.18125,323.96565,299.7844,0.210253701254446,,,,,,,,,,
9,132.4379,,,,,,Frage 1,,,,,,1.0,979.0,576.0,941.0,567.0,0.8710677537082062,0.8515019872941731,149.89199999999255,588.9904174804688,585.7470703125,0.5894509553909301,0.3827936649322509,0.4393362402915954,0.3927647173404693,0.0,0.0,1.0,0.5248868778280542,0.5280636108512629,960.0,571.5,587.368743896484,0.455761271856129,-132.375826726524,1.0,,965.388888888889,566.277777777778,24.18125,323.96565,299.7844,0.210253701254446,,,,,,,,,,
10,149.0909,,,,,,Frage 1,,,,,,1.0,970.0,581.0,953.0,561.0,0.871235003669514,0.8530205800113559,166.5470000000205,589.5066528320312,586.2574462890625,0.5892901420593261,0.3828515708446502,0.439216136932373,0.3928815424442291,0.0,0.0,1.0,0.424607169684196,0.5275958840037418,961.5,571.0,587.882049560547,5.15164439798842,281.984214623929,1.0,,965.388888888889,566.277777777778,24.18125,323.96565,299.7844,0.210253701254446,,,,,,,,,,
11,165.7463,,,,,,Frage 1,,,,,,1.0,979.0,585.0,949.0,566.0,0.8725330630707092,0.8536526574033404,183.20100000000093,589.9375610351562,586.6819458007812,0.5891320705413818,0.3829742670059204,0.4390831887722015,0.3930693864822387,0.0,0.0,1.0,0.5271493212669682,0.5318054256314312,964.0,575.5,588.309753417969,7.78913690072446,158.356599225239,1.0,,965.388888888889,566.277777777778,24.18125,323.96565,299.7844,0.210253701254446,,,,,,,,,,
12,182.4007,,,,,,Frage 1,,,,,,1.0,992.0,582.0,948.0,558.0,0.8747197939081075,0.8560149127411804,199.85600000002887,589.9461669921875,586.6893920898438,0.5891422033309937,0.3829784393310546,0.4390802383422851,0.3931315839290618,0.0,0.0,1.0,0.5305429864253393,0.5266604303086997,970.0,570.0,588.317779541016,10.7864058597763,179.968594428613,1.0,,965.388888888889,566.277777777778,24.18125,323.96565,299.7844,0.210253701254446,,,,,,,,,,
13,199.0567,,,,,,Frage 1,,,,,,1.0,987.0,576.0,952.0,554.0,0.875853099616074,0.8554872888165154,216.5110000000568,589.9995727539064,586.7401123046875,0.5890941023826599,0.3829701840877533,0.4390292167663574,0.3931530714035034,0.0,0.0,1.0,0.530260180995475,0.5219831618334891,969.5,565.0,588.369842529297,7.53113494200998,-195.441337521996,1.0,,965.388888888889,566.277777777778,24.18125,323.96565,299.7844,0.210253701254446,,,,,,,,,,
14,215.7101,,,,,,Frage 1,,,,,,1.0,987.0,575.0,946.0,550.0,0.8764022785935027,0.8555837074017335,233.16500000003725,590.1011962890625,586.8384399414064,0.5890472531318665,0.3829365670680999,0.4389660656452179,0.3931488394737243,0.0,0.0,1.0,0.5285633484162895,0.5196445275958839,966.5,562.5,588.469818115234,3.55315222689248,-238.869102712809,1.0,,965.388888888889,566.277777777778,24.18125,323.96565,299.7844,0.210253701254446,,,,,,,,,,
15,232.3648,,,,,,Frage 1,,,,,,1.0,993.0,581.0,941.0,543.0,0.8758605884203117,0.8553239128804516,249.8200000000652,590.7946166992188,587.5301513671875,0.5890054106712341,0.3828470408916473,0.43892702460289,0.3930909633636474,0.0,0.0,1.0,0.5288461538461537,0.5191768007483629,967.0,562.0,589.162384033203,0.454439122219203,-186.056374757473,1.0,,965.388888888889,566.277777777778,24.18125,323.96565,299.7844,0.210253701254446,,,,,,,,,,
16,249.0201,,,,,,Frage 1,,,,,,1.0,980.0,574.0,953.0,552.0,0.8770238493452288,0.8566335986629956,266.4749999999767,591.0947875976562,587.8340454101562,0.5890706181526184,0.3827398717403411,0.4390124678611755,0.3929957747459411,0.0,0.0,1.0,0.5285633484162895,0.520112254443405,966.5,563.0,589.464416503906,1.92702850489475,88.4156624423187,1.0,,965.388888888889,566.277777777778,24.18125,323.96565,299.7844,0.210253701254446,,,,,,,,,,
17,265.6734,,,,,,Frage 1,,,,,,1.0,980.0,572.0,951.0,555.0,0.8780248528449967,0.8578602573304908,283.1290000000736,591.6903686523438,588.4324340820312,0.5891021490097045,0.3826497793197631,0.4390692114830017,0.3929099738597869,0.0,0.0,1.0,0.527997737556561,0.520579981290926,965.5,563.5,590.061401367188,7.48297719925519,333.624488501404,1.0,,965.388888888889,566.277777777778,24.18125,323.96565,299.7844,0.210253701254446,,,,,,,,,,
18,282.3293,,,,,,Frage 1,,,,,,1.0,987.0,557.0,950.0,553.0,0.8578118014985107,0.85991450885444,299.7839999999851,592.005615234375,588.7551879882812,0.5892637968063354,0.3826093673706054,0.4392274916172027,0.3928528726100921,0.0,0.0,1.0,0.5296945701357465,0.5126286248830683,968.5,555.0,590.380401611328,6.41260182320161,-64.2640371312015,1.0,,965.388888888889,566.277777777778,24.18125,323.96565,299.7844,0.210253701254446,,,,,,,,,,
19,298.9848,,,,,,Frage 1,,,,,,1.0,976.0,563.0,957.0,550.0,0.8837462992825726,0.8606644311839131,316.43900000001304,592.17138671875,588.9277954101562,0.5894040465354919,0.3824221789836883,0.4393734335899353,0.3926372230052948,0.0,0.0,1.0,0.5285633484162895,0.5140318054256314,966.5,556.5,590.549591064453,1.43361869351856,-298.939277096638,1.0,,965.388888888889,566.277777777778,24.18125,323.96565,299.7844,0.210253701254446,,,,,,,,,,
20,315.6379,,,,,,Frage 1,,,,,,1.0,983.0,568.0,951.0,543.0,0.884530127459448,0.8546127538174484,333.0929999999935,592.4227905273438,589.1839599609375,0.5895025134086608,0.3823890089988708,0.4394627213478088,0.3925787508487701,0.0,0.0,1.0,0.5288461538461537,0.5130963517305893,967.0,555.5,590.803375244141,5.16709811697373,224.191257090582,1.0,,965.388888888889,566.277777777778,24.18125,323.96565,299.7844,0.210253701254446,,,,,,,,,,
21,332.2934,,,,,,Frage 1,,,,,,1.0,988.0,565.0,934.0,545.0,0.8612715475816408,0.8603457141938871,349.7480000000214,592.591796875,589.3589477539064,0.5896520018577575,0.3824388086795806,0.4395776391029357,0.3925928771495819,0.0,0.0,1.0,0.3482168511614668,0.3541447478263754,961.0,555.0,590.975372314453,127.34610635457,7335.65538336263,,,,,,,,,1.0,1.0,323.96565,407.2397,83.27405,12.5831490803656,235.241034526628,7335.65538336263,-8156.12358534588,214.851438040019
22,348.9472,,,,,,Frage 1,,,,,,1.0,865.0,514.0,813.0,480.0,0.8862800113829824,0.8656915890854161,366.40300000004936,589.7152709960938,586.5467529296875,0.5912259221076965,0.3821731805801391,0.4410884082317352,0.3923257291316986,0.0,0.0,1.0,0.4564479638009049,0.4583723105706267,839.0,497.0,588.131011962891,208.439082335684,4869.33768756162,,,,,,,,,1.0,1.0,323.96565,407.2397,83.27405,12.5831490803656,235.241034526628,7335.65538336263,-8156.12358534588,214.851438040019
23,365.6022,,,,,,Frage 1,,,,,,1.0,789.0,479.0,727.0,415.0,0.8871037798491256,0.864709107654866,383.0570000000298,588.8055419921875,585.6943969726562,0.5924341678619384,0.38150155544281,0.4424011409282684,0.3915948569774627,0.0,0.0,1.0,0.41063348416289586,0.41159962581852194,758.0,447.0,587.249969482422,235.241034526628,1609.24360197804,,,,,,,,,1.0,1.0,323.96565,407.2397,83.27405,12.5831490803656,235.241034526628,7335.65538336263,-8156.12358534588,214.851438040019
24,382.2578,,,,,,Frage 1,,,,,,1.0,649.0,348.0,616.0,320.0,0.8781022371554527,0.8600350320859625,399.71200000005774,591.787353515625,588.6712036132812,0.592038869857788,0.3813286423683166,0.4421687722206115,0.3912716805934906,0.0,0.0,1.0,0.33964932126696823,0.3058933582787652,632.5,334.0,590.229278564453,168.661149584465,-3997.44740160444,,,,,,,,,1.0,1.0,323.96565,407.2397,83.27405,12.5831490803656,235.241034526628,7335.65538336263,-8156.12358534588,214.851438040019
25,398.9116,,,,,,Frage 1,,,,,,1.0,638.0,339.0,599.0,294.0,0.8811676543567366,0.860142163847316,416.36699999996927,591.1785888671875,588.0718383789064,0.5922148823738098,0.381556749343872,0.442383199930191,0.3914771378040313,0.0,0.0,1.0,0.33173076923076916,0.2895229186155285,618.5,316.5,589.625213623047,32.8306986188317,-8156.12358534588,,,,,,,,,1.0,1.0,323.96565,407.2397,83.27405,12.5831490803656,235.241034526628,7335.65538336263,-8156.12358534588,214.851438040019
26,415.5678,,,,,,Frage 1,,,,,,1.0,638.0,334.0,580.0,275.0,0.8821436951757122,0.8644196672283404,433.0219999999972,590.622314453125,587.5243530273438,0.5924241542816162,0.3814393877983093,0.4425938129425048,0.3913464844226837,0.0,0.0,1.0,0.3149015160188062,0.2782974742750233,609.0,304.5,589.073333740234,10.3294396202523,-1350.92392013661,2.0,1.0,618.214285714286,313.214285714286,407.2397,523.82245,116.58275,0.238640502830073,,,,,,,,,,
27,432.2208,,,,,,Frage 1,,,,,,1.0,655.0,336.0,577.0,274.0,0.864150521469804,0.8610206442904127,449.6759999999777,590.1758422851562,587.0858154296875,0.5926333665847778,0.3812490403652191,0.4427870213985443,0.3911498486995697,0.0,0.0,1.0,0.3303167420814479,0.2787652011225444,616.0,305.0,588.630828857422,11.8035364324099,88.5183938123852,2.0,1.0,618.214285714286,313.214285714286,407.2397,523.82245,116.58275,0.238640502830073,,,,,,,,,,
28,448.8759,,,,,,Frage 1,,,,,,1.0,649.0,342.0,591.0,283.0,0.877847617811372,0.8566443118391309,466.3310000000056,590.125,587.0365600585938,0.5926575660705566,0.3811662495136261,0.442832201719284,0.391076922416687,0.0,0.0,1.0,0.3325791855203619,0.2857811038353601,620.0,312.5,588.580780029297,8.89377725281461,-174.70679729304,2.0,1.0,618.214285714286,313.214285714286,407.2397,523.82245,116.58275,0.238640502830073,,,,,,,,,,
29,465.5321,,,,,,Frage 1,,,,,,1.0,641.0,342.0,594.0,288.0,0.8593989605870356,0.8563845173178493,482.9860000000335,589.8403930664064,586.7559814453125,0.5927549004554749,0.3811410367488861,0.4429408311843872,0.3910746574401855,0.0,0.0,1.0,0.33116515837104066,0.2881197380729653,617.5,315.0,588.298187255859,1.81159901937198,-425.19771817357,2.0,1.0,618.214285714286,313.214285714286,407.2397,523.82245,116.58275,0.238640502830073,,,,,,,,,,
30,482.1852,,,,,,Frage 1,,,,,,1.0,650.0,340.0,591.0,289.0,0.8757232936759545,0.8555194283449215,499.640000000014,589.4213256835938,586.3426513671875,0.5929070711135864,0.3811501264572143,0.4430897533893585,0.3911108970642089,0.0,0.0,1.0,0.33286199095022617,0.2876520112254443,620.5,314.5,587.881988525391,10.0265561577471,493.298973667069,2.0,1.0,618.214285714286,313.214285714286,407.2397,523.82245,116.58275,0.238640502830073,,,,,,,,,,
31,498.8404,,,,,,Frage 1,,,,,,1.0,660.0,342.0,594.0,301.0,0.8744701671001852,0.8557524399258648,516.2950000000419,589.0607299804688,585.98779296875,0.5930700302124023,0.3811780512332916,0.4432379603385925,0.3911634385585784,0.0,0.0,1.0,0.33653846153846145,0.294200187090739,627.0,321.5,587.524261474609,5.19469822165702,-290.11107258334,2.0,1.0,618.214285714286,313.214285714286,407.2397,523.82245,116.58275,0.238640502830073,,,,,,,,,,
32,515.4948,,,,,,Frage 1,,,,,,1.0,648.0,341.0,587.0,298.0,0.8723333616243716,0.8525920529659429,532.9500000000698,588.2592163085938,585.1983032226562,0.5933892726898193,0.3811142742633819,0.4435421526432037,0.3911255002021789,0.0,0.0,1.0,0.33116515837104066,0.2923292797006548,617.5,319.5,586.728759765625,13.7055614403348,511.027909662173,2.0,1.0,618.214285714286,313.214285714286,407.2397,523.82245,116.58275,0.238640502830073,,,,,,,,,,
33,532.1501,,,,,,Frage 1,,,,,,1.0,632.0,344.0,591.0,302.0,0.8692579593507705,0.8453311978402238,549.6040000000503,591.1925659179688,588.1514892578125,0.5935658812522888,0.3807972967624664,0.4439066052436828,0.3907605409622192,0.0,0.0,1.0,0.32490673179045665,0.2956033676333021,611.5,323.0,589.672027587891,215.430352308346,12111.7476639876,,,,,,,,,2.0,2.0,523.82245,607.0953,83.2728499999999,7.27215373779576,249.764244166195,12111.7476639876,-12536.3151201909,197.871401952108
34,548.8046,,,,,,Frage 1,,,,,,1.0,371.0,252.0,-1.0,-1.0,0.8671386277515115,0.0,566.2589999999618,592.1010131835938,-1.0,0.5933558344841003,0.3805558979511261,-1.0,-1.0,0.0,4.0,1.0,0.19174208144796376,0.22918615528531333,371.0,252.0,592.101013183594,249.764244166195,2061.5384345281,,,,,,,,,2.0,2.0,523.82245,607.0953,83.2728499999999,7.27215373779576,249.764244166195,12111.7476639876,-12536.3151201909,197.871401952108
35,565.4581,,,,,,Frage 1,,,,,,1.0,381.0,251.0,276.0,196.0,0.8677701835755547,0.8632382717504259,582.9139999999898,591.6404418945312,588.5595703125,0.5936166644096375,0.3804574608802795,0.4429275691509246,0.3903927505016326,0.0,0.0,1.0,0.1677036199095022,0.2025257249766136,328.5,223.5,590.100006103516,40.9907203120968,-12536.3151201909,,,,,,,,,2.0,2.0,523.82245,607.0953,83.2728499999999,7.27215373779576,249.764244166195,12111.7476639876,-12536.3151201909,197.871401952108
36,582.113,,,,,,Frage 1,,,,,,1.0,383.0,249.0,276.0,196.0,0.8647297290550626,0.8632382717504259,599.5679999999702,591.4966430664064,588.4469604492188,0.5944367051124572,0.37985160946846,0.4435178935527801,0.3894972503185272,0.0,0.0,1.0,0.16826923076923073,0.20159027128157153,329.5,222.5,589.971801757813,47.7086960512311,403.363318851167,,,,,,,,,2.0,2.0,523.82245,607.0953,83.2728499999999,7.27215373779576,249.764244166195,12111.7476639876,-12536.3151201909,197.871401952108
37,598.7679,,,,,,Frage 1,,,,,,1.0,382.0,249.0,-1.0,-1.0,0.8639084568569988,0.0,616.222999999998,591.4591674804688,-1.0,0.5944547057151794,0.3798401653766632,-1.0,-1.0,0.0,4.0,1.0,0.1979638009049773,0.22637979420018706,382.0,249.0,591.459167480469,47.8519995139543,8.60428238675767,,,,,,,,,2.0,2.0,523.82245,607.0953,83.2728499999999,7.27215373779576,249.764244166195,12111.7476639876,-12536.3151201909,197.871401952108
38,615.4227,,,,,,Frage 1,,,,,,1.0,380.0,254.0,-1.0,-1.0,0.8609104388938538,0.0,632.8780000000261,591.315673828125,-1.0,0.595438003540039,0.3798548877239227,-1.0,-1.0,0.0,4.0,1.0,0.4117488998600346,0.23105706267539755,380.0,254.0,591.315673828125,4.81298665997494,-2584.1807079028,,,,,,,,,,,,,,,,,,
39,632.0773,,,,,,Frage 1,,,,,,1.0,385.0,254.0,-1.0,-1.0,0.8598245622793924,0.0,649.5320000000065,591.2560424804688,-1.0,0.5957227349281311,0.3797934651374816,-1.0,-1.0,0.0,4.0,1.0,0.19966063348416282,0.23105706267539755,385.0,254.0,591.256042480469,18.1138237812846,798.628434264981,,,,,,,,,,,,,,,,,,
40,648.731,,,,,,Frage 1,,,,,,1.0,402.0,254.0,-1.0,-1.0,0.857046215907219,0.0,666.1870000000345,591.1792602539064,-1.0,0.5956188440322876,0.379676729440689,-1.0,-1.0,0.0,4.0,1.0,0.20927601809954746,0.30903875556639304,402.0,254.0,591.179260253906,11.3696235826015,-404.967076306352,,,,,,,,,,,,,,,,,,
41,665.3872,,,,,,Frage 1,,,,,,1.0,398.0,250.0,-1.0,-1.0,0.03624751721916497,0.0,682.8420000000624,590.8247680664064,-1.0,0.5962162017822265,0.3797265589237213,-1.0,-1.0,0.0,4.0,1.0,0.20701357466063344,0.22731524789522917,398.0,250.0,590.824768066406,60.1072868005128,2926.09738223072,,,,,,,,,3.0,3.0,657.0591,723.67845,66.6193500000001,3.92656071738572,71.828740785643,2926.09738223072,-544.693531309339,229.996760664571
42,682.0414,,,,,,Frage 1,,,,,,1.0,380.0,252.0,280.0,220.0,0.7342780647671275,0.7360135096717235,699.4969999999739,590.4796142578125,587.5128784179688,0.596930980682373,0.3797141313552856,0.4451927840709686,0.3890407085418701,0.0,0.0,1.0,0.168552036199095,0.21421889616463982,330.0,236.0,588.996246337891,66.9464253232869,410.655481666734,,,,,,,,,3.0,3.0,657.0591,723.67845,66.6193500000001,3.92656071738572,71.828740785643,2926.09738223072,-544.693531309339,229.996760664571
43,689.8106,,,,,,Frage 1,1.0,6.85117769241333,29.4078611931966,4.44970703125,219.33984375,,,,,,0.6585048574425887,0.6495113533451946,,,,,,,,,,,0.37959439571535225,0.3642823432120883,,,,,,,,,,,,,,,,,,,,,,,
44,698.6966,,,,,,Frage 1,,,,,,1.0,371.0,233.0,275.0,196.0,0.8478499643033666,0.8353384827999958,716.1510000000708,590.8080444335938,587.8953857421875,0.5976789593696594,0.3794150650501251,0.4464319944381713,0.3887234926223754,0.0,0.0,1.0,0.282022810496683,0.19410664172123476,323.0,214.5,589.351715087891,71.828740785643,293.140608480001,,,,,,,,,3.0,3.0,657.0591,723.67845,66.6193500000001,3.92656071738572,71.828740785643,2926.09738223072,-544.693531309339,229.996760664571
45,715.3517,,,,,,Frage 1,,,,,,1.0,364.0,182.0,265.0,119.0,0.8442503457331291,0.8320682857846866,732.8059999999823,591.6224365234375,588.7203369140625,0.597543954849243,0.3792220652103424,0.4466752409934997,0.3885122537612915,0.0,0.0,1.0,0.15978506787330315,0.2930898783889804,314.5,150.5,590.17138671875,62.7568155523328,-544.693531309339,,,,,,,,,3.0,3.0,657.0591,723.67845,66.6193500000001,3.92656071738572,71.828740785643,2926.09738223072,-544.693531309339,229.996760664571
46,732.0052,,,,,,Frage 1,,,,,,1.0,363.0,173.0,254.0,106.0,0.8444550397156252,0.8302791853700868,749.4610000000102,591.8809814453125,588.9915771484375,0.5976058840751647,0.3790836930274963,0.4469655752182006,0.3883433938026428,0.0,0.0,1.0,0.1563914027149321,0.12394761459307763,308.5,139.5,590.436279296875,12.4188109507945,-3022.66818395764,3.0,2.0,305.95,133.6,723.67845,890.22465,166.5462,0.259070824095532,,,,,,,,,,
47,748.6607,,,,,,Frage 1,,,,,,1.0,371.0,165.0,253.0,106.0,0.8427051557920909,0.8292346506968922,766.1149999999907,591.6204833984375,588.7483520507812,0.597868502140045,0.3789438903331756,0.4473609030246734,0.388173222541809,0.0,0.0,1.0,0.1583710407239819,0.12020579981290924,312.0,135.5,590.184417724609,5.13470663442585,-437.339276297235,3.0,2.0,305.95,133.6,723.67845,890.22465,166.5462,0.259070824095532,,,,,,,,,,
48,765.3145,,,,,,Frage 1,,,,,,1.0,366.0,162.0,258.0,107.0,0.8413721486377866,0.8297515614454217,782.7700000000185,591.3814697265625,588.524658203125,0.5981162190437316,0.3787989318370819,0.4477155208587646,0.3879969716072082,0.0,0.0,1.0,0.1583710407239819,0.11927034611786713,312.0,134.5,589.953063964844,11.8492972104943,403.186694692409,3.0,2.0,305.95,133.6,723.67845,890.22465,166.5462,0.259070824095532,,,,,,,,,,
49,781.9707,,,,,,Frage 1,,,,,,1.0,357.0,173.0,246.0,117.0,0.8389133245797534,0.8261519342639513,799.4250000000466,591.1189575195312,588.2747802734375,0.5983399748802185,0.3786258995532989,0.4479987919330596,0.3877788484096527,0.0,0.0,1.0,0.15243212669683254,0.12909260991580912,301.5,145.0,589.696868896484,10.7121552064322,-68.2713946795842,3.0,2.0,305.95,133.6,723.67845,890.22465,166.5462,0.259070824095532,,,,,,,,,,
50,798.6241,,,,,,Frage 1,,,,,,1.0,362.0,171.0,239.0,110.0,0.8363920938197398,0.8235272061107957,816.079000000027,591.2236328125,588.39453125,0.5986128449440002,0.3785091340541839,0.4483163058757782,0.3876018226146698,0.0,0.0,1.0,0.15186651583710403,0.12488306828811968,300.5,140.5,589.80908203125,17.8970545463068,431.437384550582,3.0,2.0,305.95,133.6,723.67845,890.22465,166.5462,0.259070824095532,,,,,,,,,,
51,815.2779,,,,,,Frage 1,,,,,,1.0,378.0,159.0,246.0,94.0,0.8332917288653464,0.8204203850315503,832.7340000000548,591.0992431640625,588.2863159179688,0.598930835723877,0.3784739673137664,0.4486666619777679,0.3875173032283783,0.0,0.0,1.0,0.1583710407239819,0.11178671655753036,312.0,126.5,589.692779541016,13.9408823308417,-237.553724403149,3.0,2.0,305.95,133.6,723.67845,890.22465,166.5462,0.259070824095532,,,,,,,,,,
52,831.9343,,,,,,Frage 1,,,,,,1.0,380.0,166.0,244.0,91.0,0.8321084977957953,0.8188589396098263,849.3889999999664,590.9003295898438,588.1036987304688,0.5992683172225952,0.3782970905303955,0.4490295648574829,0.3872984051704406,0.0,0.0,1.0,0.1583710407239819,0.11365762394761458,312.0,128.5,589.502014160156,6.1042551699725,-470.487449921303,3.0,2.0,305.95,133.6,723.67845,890.22465,166.5462,0.259070824095532,,,,,,,,,,
53,848.5877,,,,,,Frage 1,,,,,,1.0,375.0,171.0,236.0,89.0,0.8300291064858039,0.8158967464084077,866.0430000000633,590.702880859375,587.9205932617188,0.5995668172836303,0.3782128095626831,0.4493390917778015,0.3871631920337677,0.0,0.0,1.0,0.15469457013574658,0.11506080449017769,305.5,130.0,589.311737060547,10.649079008276,272.906664002755,3.0,2.0,305.95,133.6,723.67845,890.22465,166.5462,0.259070824095532,,,,,,,,,,
54,865.2432,,,,,,Frage 1,,,,,,1.0,367.0,169.0,231.0,80.0,0.8284839165447658,0.8140915762296048,882.6979999999747,590.7459106445312,587.9811401367188,0.5999048352241516,0.3781620264053344,0.4497106671333313,0.387050986289978,0.0,0.0,1.0,0.15101809954751128,0.1099158091674462,299.0,124.5,589.363525390625,7.35314077775213,-197.888879380617,3.0,2.0,305.95,133.6,723.67845,890.22465,166.5462,0.259070824095532,,,,,,,,,,
55,881.8982,,,,,,Frage 1,,,,,,1.0,363.0,170.0,230.0,93.0,0.8203786837711726,0.8110008249145626,899.3530000000029,590.5677490234375,587.8206787109375,0.6002646684646606,0.3781149089336395,0.4500858187675476,0.3869328796863555,0.0,0.0,1.0,0.25139754373762113,0.11646398503274086,296.5,131.5,589.194213867188,26.7838907367429,1166.66166070194,3.0,2.0,305.95,133.6,723.67845,890.22465,166.5462,0.259070824095532,,,,,,,,,,
56,898.5511,,,,,,Frage 1,,,,,,1.0,396.0,177.0,264.0,101.0,0.8225153395673469,0.8092572554985378,916.0069999999832,589.2135620117188,586.4797973632812,0.600626230239868,0.3781828582286834,0.4504168927669525,0.3869526386260986,0.0,0.0,1.0,0.168552036199095,0.12347988774555657,330.0,139.0,587.8466796875,101.862470669628,4508.43876639414,,,,,,,,,4.0,4.0,890.22465,923.5346,33.30995,2.79998298410616,101.862470669628,4508.43876639414,-486.160119863455,4.04135585443149
57,915.2079,,,,,,Frage 1,,,,,,1.0,467.0,178.0,377.0,113.0,0.820802899665001,0.8056924461395069,932.6620000000112,588.3646240234375,585.6351318359375,0.6007205247879028,0.3782269060611724,0.4505236148834228,0.3869453966617584,0.0,0.0,1.0,0.2205882352941176,0.12956033676333018,422.0,145.5,586.999877929688,93.7645987850865,-486.160119863455,,,,,,,,,4.0,4.0,890.22465,923.5346,33.30995,2.79998298410616,101.862470669628,4508.43876639414,-486.160119863455,4.04135585443149
58,931.8613,,,,,,Frage 1,,,,,,1.0,495.0,176.0,394.0,121.0,0.8137037050195444,0.8048086091083424,949.3170000000392,589.203857421875,586.4871826171875,0.6008992791175842,0.3782467544078826,0.450760394334793,0.3869116008281707,0.0,0.0,1.0,0.233314479638009,0.13236669784845645,444.5,148.5,587.845520019531,29.5087421278667,-3858.42270390549,4.0,3.0,452.09375,147.59375,923.5346,1190.0099,266.4753,0.198423690657206,,,,,,,,,,
59,948.5168,,,,,,Frage 1,,,,,,1.0,504.0,178.0,411.0,113.0,0.8137958751666261,0.8015732299154731,965.972000000067,588.80126953125,586.113525390625,0.601533830165863,0.3782382607460022,0.451408714056015,0.3868504464626312,0.0,0.0,1.0,0.2406674208144796,0.12956033676333018,457.5,145.5,587.457397460938,8.68052682805556,-1250.53077360699,4.0,3.0,452.09375,147.59375,923.5346,1190.0099,266.4753,0.198423690657206,,,,,,,,,,
60,965.1722,,,,,,Frage 1,,,,,,1.0,497.0,172.0,409.0,114.0,0.8118263196521202,0.7994493427466441,982.6260000000476,588.3504028320312,585.6876831054688,0.6020906567573547,0.3781640529632568,0.451968640089035,0.3867215812206268,0.0,0.0,1.0,0.23812217194570132,0.12722170252572498,453.0,143.0,587.01904296875,13.3787600832739,282.084684559866,4.0,3.0,452.09375,147.59375,923.5346,1190.0099,266.4753,0.198423690657206,,,,,,,,,,
61,981.8256,,,,,,Frage 1,,,,,,1.0,489.0,179.0,394.0,113.0,0.8094423836364637,0.7976200679215367,999.2810000000752,588.0323486328125,585.3878784179688,0.6024911999702453,0.378123939037323,0.4523749649524688,0.3866251111030578,0.0,0.0,1.0,0.23161764705882346,0.13002806361085123,441.5,146.0,586.710113525391,8.942553935111,-266.384410880837,4.0,3.0,452.09375,147.59375,923.5346,1190.0099,266.4753,0.198423690657206,,,,,,,,,,
62,998.4821,,,,,,Frage 1,,,,,,1.0,492.0,182.0,397.0,116.0,0.8092351933858882,0.7975316842184202,1015.935999999987,587.8897705078125,585.2702026367188,0.6029994487762451,0.3780617415904998,0.4528975188732147,0.3864528536796569,0.0,0.0,1.0,0.233314479638009,0.1328344246959775,444.5,149.0,586.579986572266,4.80201330093393,-248.58407433597,4.0,3.0,452.09375,147.59375,923.5346,1190.0099,266.4753,0.198423690657206,,,,,,,,,,
63,1015.1347,,,,,,Frage 1,,,,,,1.0,496.0,177.0,398.0,119.0,0.8062871007843275,0.7957747233322263,1032.5899999999674,587.7831420898438,585.183837890625,0.6034114956855773,0.3780756890773773,0.4533144533634185,0.3863625824451446,0.0,0.0,1.0,0.2347285067873303,0.13189897100093542,447.0,148.0,586.483489990234,7.14494924390197,140.694903076279,4.0,3.0,452.09375,147.59375,923.5346,1190.0099,266.4753,0.198423690657206,,,,,,,,,,
64,1031.7901,,,,,,Frage 1,,,,,,1.0,503.0,172.0,400.0,117.0,0.8035486947014214,0.794965878534009,1049.2449999999951,587.5252075195312,584.9496459960938,0.6039227843284606,0.3781366348266601,0.4538211524486541,0.3863389492034912,0.0,0.0,1.0,0.23727375565610856,0.31819078777617277,451.5,144.5,586.237426757813,11.7083990511234,273.992207165327,4.0,3.0,452.09375,147.59375,923.5346,1190.0099,266.4753,0.198423690657206,,,,,,,,,,
65,1048.4458,,,,,,Frage 1,,,,,,1.0,509.0,173.0,411.0,114.0,0.8030519373536564,0.793626731517093,1065.9000000000233,587.349365234375,584.7920532226562,0.6043026447296141,0.3781710863113403,0.4542136490345001,0.3862978518009185,0.0,0.0,1.0,0.24208144796380085,0.12768942937324604,460.0,143.5,586.070709228516,6.70227412384749,-300.565267582621,4.0,3.0,452.09375,147.59375,923.5346,1190.0099,266.4753,0.198423690657206,,,,,,,,,,
66,1065.0985,,,,,,Frage 1,,,,,,1.0,512.0,181.0,407.0,110.0,0.8043100564655842,0.7927643208381989,1082.5540000000035,586.94482421875,584.40869140625,0.6047711968421936,0.3782179355621337,0.4546811580657959,0.3862844705581665,0.0,0.0,1.0,0.2417986425339366,0.12956033676333018,459.5,145.5,585.6767578125,3.46450486634394,-194.429087025139,4.0,3.0,452.09375,147.59375,923.5346,1190.0099,266.4753,0.198423690657206,,,,,,,,,,
67,1081.7557,,,,,,Frage 1,,,,,,1.0,510.0,180.0,403.0,111.0,0.8031692619533798,0.7928044952487064,1099.2090000000317,586.6502075195312,584.1304321289064,0.6051217317581176,0.3782614469528198,0.4550391733646392,0.3862673342227935,0.0,0.0,1.0,0.24010180995475108,0.12956033676333018,456.5,145.5,585.390319824219,4.23309477767618,46.1416031105013,4.0,3.0,452.09375,147.59375,923.5346,1190.0099,266.4753,0.198423690657206,,,,,,,,,,
68,1098.4083,,,,,,Frage 1,,,,,,1.0,503.0,181.0,406.0,111.0,0.8011822325623194,0.7939186655667806,1115.8640000000596,586.2813110351562,583.7814331054688,0.6055494546890258,0.3782739341259002,0.4554831385612487,0.3862204253673553,0.0,0.0,1.0,0.23897058823529407,0.13002806361085123,454.5,146.0,585.031372070313,9.92156559508566,341.596556538285,4.0,3.0,452.09375,147.59375,923.5346,1190.0099,266.4753,0.198423690657206,,,,,,,,,,
69,1115.0647,,,,,,Frage 1,,,,,,1.0,498.0,179.0,396.0,125.0,0.800952575899031,0.7931098207685633,1132.51800000004,586.2950439453125,583.8065185546875,0.6057549715042114,0.3783019483089447,0.4557034969329834,0.3861620426177978,0.0,0.0,1.0,0.2347285067873303,0.1356407857811038,447.0,152.0,585.05078125,7.52160902440738,-144.086151309905,4.0,3.0,452.09375,147.59375,923.5346,1190.0099,266.4753,0.198423690657206,,,,,,,,,,
70,1131.7188,,,,,,Frage 1,,,,,,1.0,499.0,173.0,395.0,128.0,0.7995346956300331,0.7915778365812113,1149.173000000068,586.2425537109375,583.7696533203125,0.6060662269592285,0.3783380389213562,0.4560174345970153,0.3860974609851837,0.0,0.0,1.0,0.2347285067873303,0.13423760523854067,447.0,150.5,585.006103515625,8.37775506510131,51.4075237145161,4.0,3.0,452.09375,147.59375,923.5346,1190.0099,266.4753,0.198423690657206,,,,,,,,,,
71,1148.3726,,,,,,Frage 1,,,,,,1.0,506.0,172.0,408.0,132.0,0.7985162182537108,0.7903940306182573,1165.8279999999795,586.2628173828125,583.8019409179688,0.6062893271446228,0.3783482015132904,0.4562578499317169,0.3860248923301696,0.0,0.0,1.0,0.24038461538461534,0.1356407857811038,457.0,152.0,585.032379150391,8.79187908819092,24.8666384302448,4.0,3.0,452.09375,147.59375,923.5346,1190.0099,266.4753,0.198423690657206,,,,,,,,,,
72,1165.0279,,,,,,Frage 1,,,,,,1.0,502.0,165.0,413.0,138.0,0.7993200165752201,0.7914814179959933,1182.48199999996,585.8624877929688,583.4146118164064,0.6065683960914611,0.3783514201641082,0.4565327167510986,0.385942131280899,0.0,0.0,1.0,0.2406674208144796,0.13517305893358275,457.5,151.5,584.638549804688,2.05390920895394,-404.554098649495,4.0,3.0,452.09375,147.59375,923.5346,1190.0099,266.4753,0.198423690657206,,,,,,,,,,
73,1181.6823,,,,,,Frage 1,,,,,,1.0,496.0,164.0,414.0,137.0,0.7985960988322458,0.7921724178567219,1199.136999999988,585.6294555664064,583.1896362304688,0.6067311763763427,0.3783533871173858,0.456701636314392,0.3858784139156341,0.0,0.0,1.0,0.23925339366515833,0.3188317302309391,455.0,150.5,584.409545898438,13.907049593744,711.712243298475,4.0,3.0,452.09375,147.59375,923.5346,1190.0099,266.4753,0.198423690657206,,,,,,,,,,
74,1198.3375,,,,,,Frage 1,,,,,,1.0,504.0,173.0,431.0,157.0,0.7991927069031799,0.7877840689143303,1215.7920000000158,585.609375,583.1810913085938,0.6069482564926147,0.3783716857433319,0.4569428861141204,0.3858414590358734,0.0,0.0,1.0,0.24632352941176464,0.14780168381665107,467.5,165.0,584.395233154297,104.292738294468,5426.87501205169,,,,,,,,,5.0,5.0,1190.0099,1256.62865,66.6187500000001,8.73712279197737,179.322057534885,5426.87501205169,-4518.91391414304,129.895316030415
75,1214.9923,,,,,,Frage 1,,,,,,1.0,426.0,262.0,349.0,238.0,0.8013969116171324,0.796353234843534,1232.4470000000438,583.8599853515625,581.4712524414064,0.6078926920890808,0.3789433538913726,0.4579348266124725,0.3864344358444213,0.0,0.0,1.0,0.20107466063348411,0.22731524789522917,387.5,250.0,582.665618896484,179.322057534885,4504.96669070885,,,,,,,,,5.0,5.0,1190.0099,1256.62865,66.6187500000001,8.73712279197737,179.322057534885,5426.87501205169,-4518.91391414304,129.895316030415
76,1231.6451,,,,,,Frage 1,,,,,,1.0,360.0,339.0,294.0,295.0,0.801074893034913,0.7939722314474572,1249.1010000000242,582.8949584960938,580.5435180664064,0.6086625456809996,0.37973552942276,0.4588256180286407,0.387201577425003,0.0,0.0,1.0,0.16685520361990944,0.28999064546304953,327.0,317.0,581.71923828125,146.370426379822,-1978.74418446523,,,,,,,,,5.0,5.0,1190.0099,1256.62865,66.6187500000001,8.73712279197737,179.322057534885,5426.87501205169,-4518.91391414304,129.895316030415
77,1248.3019,,,,,,Frage 1,,,,,,1.0,331.0,391.0,237.0,378.0,0.791976873509791,0.7885058333244057,1265.7560000000522,584.1834716796875,581.8286743164064,0.6084246635437011,0.3796578347682952,0.4586520791053772,0.3870265483856201,0.0,0.0,1.0,0.14253393665158365,0.2874942985184809,284.0,384.5,583.006072998047,71.0997810947246,-4518.91391414304,,,,,,,,,5.0,5.0,1190.0099,1256.62865,66.6187500000001,8.73712279197737,179.322057534885,5426.87501205169,-4518.91391414304,129.895316030415
78,1264.9554,,,,,,Frage 1,,,,,,1.0,328.0,393.0,228.0,375.0,0.7940528909280626,0.7870568762521025,1282.4109999999637,584.8447265625,582.4982299804688,0.608545958995819,0.3796001374721527,0.4587836563587188,0.3869138360023498,0.0,0.0,1.0,0.13914027149321262,0.3526660430308699,278.0,384.0,583.671478271484,3.27077760004097,-4072.95784637963,5.0,4.0,282.25,374.333333333333,1256.62865,1456.4847,199.85605,0.246582897852193,,,,,,,,,,
79,1281.61,,,,,,Frage 1,,,,,,1.0,338.0,393.0,233.0,369.0,0.794676957947868,0.7889423952519204,1299.0650000000603,585.0623168945312,582.7294311523438,0.6088173389434814,0.3796280622482299,0.4590551257133483,0.3868895173072814,0.0,0.0,1.0,0.14338235294117646,0.34985968194574363,285.5,381.0,583.895874023438,9.10451589023387,350.277898610171,5.0,4.0,282.25,374.333333333333,1256.62865,1456.4847,199.85605,0.246582897852193,,,,,,,,,,
80,1298.2644,,,,,,Frage 1,,,,,,1.0,339.0,389.0,230.0,362.0,0.7951212936659695,0.7871827560716926,1315.719999999972,585.2103271484375,582.8908081054688,0.609098196029663,0.3796801567077636,0.459317147731781,0.3868712186813354,0.0,0.0,1.0,0.1428167420814479,0.34471468662301213,284.5,375.5,584.050567626953,7.66548692342136,-86.4053323333476,5.0,4.0,282.25,374.333333333333,1256.62865,1456.4847,199.85605,0.246582897852193,,,,,,,,,,
81,1314.9202,,,,,,Frage 1,,,,,,1.0,337.0,389.0,225.0,357.0,0.7970034797977026,0.7868533259055313,1332.375,585.1486206054688,582.8433837890625,0.6094204187393188,0.3796673119068145,0.459618330001831,0.3868054151535034,0.0,0.0,1.0,0.14083710407239813,0.34237605238540686,281.0,373.0,583.996002197266,2.49285165346029,-310.560601709979,5.0,4.0,282.25,374.333333333333,1256.62865,1456.4847,199.85605,0.246582897852193,,,,,,,,,,
82,1331.5746,,,,,,Frage 1,,,,,,1.0,334.0,390.0,232.0,366.0,0.7972930468948922,0.7904958057915431,1349.0289999999804,585.4425048828125,583.1544799804688,0.609771728515625,0.3796297907829284,0.4599583446979522,0.3866958916187286,0.0,0.0,1.0,0.14196832579185514,0.34705332086061735,283.0,378.0,584.298492431641,5.79220133432939,198.106787447709,5.0,4.0,282.25,374.333333333333,1256.62865,1456.4847,199.85605,0.246582897852193,,,,,,,,,,
83,1348.2287,,,,,,Frage 1,,,,,,1.0,336.0,385.0,234.0,350.0,0.7975826139920819,0.8027041396775856,1365.6840000000084,585.4353637695312,583.166259765625,0.6101881265640258,0.3796649277210235,0.4603540897369384,0.3866602778434753,0.0,0.0,1.0,0.14309954751131215,0.33723105706267537,285.0,367.5,584.300811767578,13.7086386523459,475.344648946296,5.0,4.0,282.25,374.333333333333,1256.62865,1456.4847,199.85605,0.246582897852193,,,,,,,,,,
84,1364.8849,,,,,,Frage 1,,,,,,1.0,336.0,385.0,227.0,339.0,0.7984538115517303,0.7887495580814845,1382.3390000000363,585.5111694335938,583.2630615234375,0.6106362342834472,0.3796714842319488,0.4607857167720794,0.3865791261196136,0.0,0.0,1.0,0.1411199095022624,0.3320860617399438,281.5,362.0,584.387115478516,5.28222590461506,-505.90247161602,5.0,4.0,282.25,374.333333333333,1256.62865,1456.4847,199.85605,0.246582897852193,,,,,,,,,,
85,1381.537,,,,,,Frage 1,,,,,,1.0,335.0,379.0,222.0,357.0,0.7997219157359747,0.7912751893553882,1398.9930000000168,585.5903930664064,583.360595703125,0.6110170483589172,0.3796639442443847,0.4611441493034362,0.3864632546901702,0.0,0.0,1.0,0.13942307692307687,0.3376987839101964,278.5,368.0,584.475494384766,15.8995845730551,637.598781441381,5.0,4.0,282.25,374.333333333333,1256.62865,1456.4847,199.85605,0.246582897852193,,,,,,,,,,
86,1398.1933,,,,,,Frage 1,,,,,,1.0,339.0,386.0,245.0,370.0,0.7995147254853994,0.804502987493873,1415.6480000000447,585.850830078125,583.6431274414064,0.611476480960846,0.3796699941158294,0.4615937173366546,0.3863956034183502,0.0,0.0,1.0,0.14705882352941174,0.34705332086061735,292.0,378.0,584.746978759766,11.9475283020167,-237.27095879868,5.0,4.0,282.25,374.333333333333,1256.62865,1456.4847,199.85605,0.246582897852193,,,,,,,,,,
87,1414.8487,,,,,,Frage 1,,,,,,1.0,333.0,393.0,248.0,360.0,0.8000303630825361,0.7987878041202876,1432.3030000000726,586.1771240234375,583.9863891601562,0.6118042469024658,0.3796734511852264,0.4619264900684356,0.3863192498683929,0.0,0.0,1.0,0.14621040723981898,0.3456501403180542,290.5,376.5,585.081756591797,15.5319902571896,215.213201434543,5.0,4.0,282.25,374.333333333333,1256.62865,1456.4847,199.85605,0.246582897852193,,,,,,,,,,
88,1431.5014,,,,,,Frage 1,,,,,,1.0,321.0,385.0,226.0,360.0,0.804422388529149,0.7948828514189602,1448.9570000000533,586.4990234375,584.3303833007812,0.6122426390647888,0.379662662744522,0.4623610079288482,0.3862043917179107,0.0,0.0,1.0,0.1365950226244343,0.3419083255378858,273.5,372.5,585.414703369141,13.3133123633593,-133.232322315917,5.0,4.0,282.25,374.333333333333,1256.62865,1456.4847,199.85605,0.246582897852193,,,,,,,,,,
89,1448.158,,,,,,Frage 1,,,,,,1.0,325.0,384.0,223.0,368.0,0.8060724217295144,0.7979628895578672,1465.6119999999646,586.4560546875,584.3097534179688,0.6127302646636962,0.3795711696147918,0.4628277122974395,0.3860208690166473,0.0,0.0,1.0,0.13687782805429863,0.34518241347053313,274.0,376.0,585.382904052734,10.2922033163749,-181.376093979831,5.0,4.0,282.25,374.333333333333,1256.62865,1456.4847,199.85605,0.246582897852193,,,,,,,,,,
90,1464.8114,,,,,,Frage 1,,,,,,1.0,331.0,373.0,218.0,348.0,0.8084338913324582,0.8006277921215303,1482.2669999999923,586.3389282226562,584.21630859375,0.6132546663284301,0.3792393207550048,0.4633331298828125,0.3856047987937927,0.0,0.0,1.0,0.35714844703483334,0.3570305998741198,274.5,360.5,585.277618408203,104.967202427915,5685.02522677289,,,,,,,,,6.0,6.0,1456.4847,1523.1036,66.6188999999999,6.23211255705681,147.654333351133,5685.02522677289,-3857.76211854329,283.256526558021
91,1481.4679,,,,,,Frage 1,,,,,,1.0,340.0,279.0,240.0,229.0,0.8125402523227776,0.8036462294976593,1498.9220000000205,586.8287353515625,584.7173461914064,0.6133896708488464,0.3786121904850006,0.4635500907897949,0.3848964571952819,0.0,0.0,1.0,0.14592760180995473,0.28859609235711864,290.0,254.0,585.773040771484,147.654333351133,2562.79115799943,,,,,,,,,6.0,6.0,1456.4847,1523.1036,66.6188999999999,6.23211255705681,147.654333351133,5685.02522677289,-3857.76211854329,283.256526558021
92,1498.1217,,,,,,Frage 1,,,,,,1.0,349.0,221.0,268.0,160.0,0.8143126026590248,0.803011473811641,1515.5760000000007,587.5760498046875,585.4861450195312,0.6136773824691772,0.3781245648860931,0.4639704525470733,0.3842930793762207,0.0,0.0,1.0,0.1563914027149321,0.17165575304022448,308.5,190.5,586.531097412109,83.4079345813374,-3857.76211854329,,,,,,,,,6.0,6.0,1456.4847,1523.1036,66.6188999999999,6.23211255705681,147.654333351133,5685.02522677289,-3857.76211854329,283.256526558021
93,1514.7756,,,,,,Frage 1,,,,,,1.0,366.0,185.0,277.0,137.0,0.8162247440077086,0.8068200079277503,1532.2310000000289,587.6382446289064,585.5760498046875,0.6142298579216003,0.3781962394714355,0.4645202159881591,0.384200096130371,0.0,0.0,1.0,0.16374434389140266,0.14405986903648263,321.5,161.0,586.607147216797,31.262864190116,-3131.10264810172,,,,,,,,,6.0,6.0,1456.4847,1523.1036,66.6188999999999,6.23211255705681,147.654333351133,5685.02522677289,-3857.76211854329,283.256526558021
94,1531.4316,,,,,,Frage 1,,,,,,1.0,372.0,172.0,271.0,140.0,0.8163637292201517,0.8086358912826886,1548.8860000000568,587.8757934570312,585.8413696289064,0.6148045659065245,0.3780166506767272,0.4650661945343017,0.3838744163513183,0.0,0.0,1.0,0.16374434389140266,0.1393826005612722,321.5,156.0,586.858581542969,9.13585841368465,-1328.47056774925,6.0,5.0,326.3,159.9,1523.1036,1689.6497,166.5461,0.176188923089043,,,,,,,,,,
95,1548.084,,,,,,Frage 1,,,,,,1.0,379.0,181.0,286.0,137.0,0.8167539528405036,0.8114676511931237,1565.5400000000373,587.882568359375,585.8734741210938,0.6153353452682495,0.377693772315979,0.4655978679656982,0.3834547996520996,0.0,0.0,1.0,0.16996606334841627,0.1421889616463985,332.5,159.0,586.878021240234,10.4521933036871,79.0477582812367,6.0,5.0,326.3,159.9,1523.1036,1689.6497,166.5461,0.176188923089043,,,,,,,,,,
96,1564.74,,,,,,Frage 1,,,,,,1.0,383.0,195.0,281.0,133.0,0.8180894562628871,0.8095465112541915,1582.1950000000652,587.8470458984375,585.8660888671875,0.6159471869468689,0.3773511052131652,0.4662044644355773,0.383037120103836,0.0,0.0,1.0,0.169683257918552,0.14686623012160893,332.0,164.0,586.856567382813,4.21064677894893,-374.732620361325,6.0,5.0,326.3,159.9,1523.1036,1689.6497,166.5461,0.176188923089043,,,,,,,,,,
97,1581.3962,,,,,,Frage 1,,,,,,1.0,377.0,192.0,280.0,132.0,0.8190704896180212,0.8093268911434173,1598.8499999999767,587.7615966796875,585.8053588867188,0.6164856553077697,0.3771352171897888,0.4667384624481201,0.382754236459732,0.0,0.0,1.0,0.1677036199095022,0.1449953227315247,328.5,162.0,586.783477783203,5.42904096912259,73.1495893525333,6.0,5.0,326.3,159.9,1523.1036,1689.6497,166.5461,0.176188923089043,,,,,,,,,,
98,1598.0482,,,,,,Frage 1,,,,,,1.0,378.0,188.0,280.0,128.0,0.8172856579413778,0.8093268911434173,1615.5040000000736,587.75146484375,585.8248901367188,0.6171327829360961,0.3768876194953918,0.4673806726932525,0.3824416399002075,0.0,0.0,1.0,0.16798642533936647,0.14125350795135636,329.0,158.0,586.788177490234,4.83305527889867,-35.7906371741482,6.0,5.0,326.3,159.9,1523.1036,1689.6497,166.5461,0.176188923089043,,,,,,,,,,
99,1614.7047,,,,,,Frage 1,,,,,,1.0,374.0,194.0,271.0,129.0,0.8169811132357129,0.8092492206164361,1632.158999999985,587.7901611328125,585.8873291015625,0.6176449656486511,0.3766826391220092,0.4678910374641418,0.3821837604045867,0.0,0.0,1.0,0.16430995475113114,0.14452759588400368,322.5,161.5,586.838745117188,7.13498780084482,138.200253471386,6.0,5.0,326.3,159.9,1523.1036,1689.6497,166.5461,0.176188923089043,,,,,,,,,,
100,1631.3584,,,,,,Frage 1,,,,,,1.0,376.0,194.0,281.0,139.0,0.816544266321849,0.8086573176349593,1648.814000000013,588.1309814453125,586.2581787109375,0.6182640194892883,0.376500517129898,0.4685173630714416,0.3819338083267211,0.0,0.0,1.0,0.1677036199095022,0.14920486435921418,328.5,166.5,587.194580078125,1.97747534199257,-309.691687664136,6.0,5.0,326.3,159.9,1523.1036,1689.6497,166.5461,0.176188923089043,,,,,,,,,,
101,1648.0137,,,,,,Frage 1,,,,,,1.0,377.0,188.0,272.0,138.0,0.8166166580961464,0.8076422441961367,1665.4679999999937,588.5965576171875,586.7476806640625,0.6187300682067871,0.3763923048973083,0.4689881503582,0.3817469477653503,0.0,0.0,1.0,0.16544117647058817,0.2949189860263635,324.5,163.0,587.672119140625,10.4492817186486,508.655285504081,6.0,5.0,326.3,159.9,1523.1036,1689.6497,166.5461,0.176188923089043,,,,,,,,,,
102,1664.6685,,,,,,Frage 1,,,,,,1.0,371.0,189.0,269.0,124.0,0.8172382288478726,0.8087885540426172,1682.1230000000214,589.0910034179688,587.2717895507812,0.6193280816078186,0.3761886358261108,0.4695969223976135,0.3814832866191864,0.0,0.0,1.0,0.16289592760180988,0.13985032740879325,320.0,156.5,588.181396484375,8.72308822467803,-103.645405166715,6.0,5.0,326.3,159.9,1523.1036,1689.6497,166.5461,0.176188923089043,,,,,,,,,,
103,1681.3219,,,,,,Frage 1,,,,,,1.0,373.0,187.0,275.0,118.0,0.8176576018851817,0.8076234961379001,1698.7780000000494,589.5413208007812,587.7470092773438,0.6198258399963378,0.3759437203407287,0.4700973331928253,0.3811727464199066,0.0,0.0,1.0,0.16515837104072392,0.13610851262862483,324.0,152.5,588.644165039063,5.58351070811363,-188.524716668333,6.0,5.0,326.3,159.9,1523.1036,1689.6497,166.5461,0.176188923089043,,,,,,,,,,
104,1697.9775,,,,,,Frage 1,,,,,,1.0,371.0,181.0,282.0,128.0,0.8172906504775362,0.8121503760407806,1715.4320000000298,589.681884765625,587.9163208007812,0.6204249858856201,0.3757072687149047,0.4706919193267822,0.3808462023735046,0.0,0.0,1.0,0.1665723981900452,0.13797942001870905,326.5,154.5,588.799102783203,40.3652270728559,2088.28960618303,,,,,,,,,7.0,7.0,1689.6497,1739.61515,49.9654500000002,2.41502820225872,65.2942307657455,2088.28960618303,-980.799574420669,354.253730790204
105,1714.5505,,,,,,Frage 1,1.0,2.41329002380371,29.4107421877837,1.14213299751282,219.36328125,,,,,,0.6585048574425887,0.6495113533451946,,,,,,,,,,,0.37959439571535225,0.3642823432120883,,,,,,,,,,,,,,,,,,,,,,,
106,1714.6311,,,,,,Frage 1,,,,,,1.0,409.0,177.0,337.0,115.0,0.8168937438529399,0.8109070846233783,1732.0870000000575,591.2833251953125,589.52197265625,0.6203412413597106,0.3756365478038787,0.4706450104713439,0.3807018399238586,0.0,0.0,1.0,0.19287330316742077,0.13002806361085123,373.0,146.0,590.402648925781,65.2942307657455,1496.91380199413,,,,,,,,,7.0,7.0,1689.6497,1739.61515,49.9654500000002,2.41502820225872,65.2942307657455,2088.28960618303,-980.799574420669,354.253730790204
107,1731.2875,,,,,,Frage 1,,,,,,1.0,456.0,172.0,356.0,121.0,0.8178448219911234,0.8082877130582905,1748.7419999999693,591.8373413085938,590.0879516601562,0.6205253005027771,0.3755445480346679,0.4708155989646911,0.3804917931556701,0.0,0.0,1.0,0.21153846153846148,0.13049579045837228,406.0,146.5,590.962646484375,48.9576407343652,-980.799574420669,,,,,,,,,7.0,7.0,1689.6497,1739.61515,49.9654500000002,2.41502820225872,65.2942307657455,2088.28960618303,-980.799574420669,354.253730790204
108,1747.9428,,,,,,Frage 1,,,,,,1.0,484.0,171.0,381.0,115.0,0.8183390830708094,0.8080225619489411,1765.3969999999972,590.7393798828125,589.0252685546875,0.6213796734809875,0.3755239844322204,0.471643716096878,0.3803897500038147,0.0,0.0,1.0,0.2265271493212669,0.12722170252572498,432.5,143.0,589.88232421875,21.1803594047767,-1667.77430184916,7.0,6.0,433.642857142857,141.428571428571,1739.61515,1856.1968,116.58165,0.159292673654279,,,,,,,,,,
109,1764.5953,,,,,,Frage 1,,,,,,1.0,488.0,175.0,375.0,114.0,0.8175402772854585,0.808453767288388,1782.0509999999776,590.1973876953125,588.513671875,0.622084617614746,0.3755369782447814,0.4723272919654846,0.3803185522556304,0.0,0.0,1.0,0.2259615384615384,0.1286248830682881,431.5,144.5,589.355529785156,2.57872587699541,-1117.04750204362,7.0,6.0,433.642857142857,141.428571428571,1739.61515,1856.1968,116.58165,0.159292673654279,,,,,,,,,,
110,1781.2515,,,,,,Frage 1,,,,,,1.0,491.0,171.0,380.0,117.0,0.8147169980878587,0.8076958100768135,1798.7060000000056,589.9379272460938,588.276123046875,0.6225615143775939,0.375507652759552,0.4727967679500579,0.380203366279602,0.0,0.0,1.0,0.22822398190045243,0.12815715622076704,435.5,144.0,589.107025146484,5.83660115623112,195.595350634339,7.0,6.0,433.642857142857,141.428571428571,1739.61515,1856.1968,116.58165,0.159292673654279,,,,,,,,,,
111,1797.9054,,,,,,Frage 1,,,,,,1.0,495.0,173.0,376.0,105.0,0.8116515808865747,0.805612097318492,1815.3610000000333,589.3040161132812,587.6672973632812,0.6231641173362731,0.3754275739192962,0.4733771681785583,0.3800513744354248,0.0,0.0,1.0,0.22822398190045243,0.3152600619683005,435.5,139.0,588.485656738281,0.574651932710675,-315.958977988365,7.0,6.0,433.642857142857,141.428571428571,1739.61515,1856.1968,116.58165,0.159292673654279,,,,,,,,,,
112,1814.5596,,,,,,Frage 1,,,,,,1.0,500.0,179.0,372.0,110.0,0.8113670063255434,0.8042702720075421,1832.015000000014,589.2847900390625,587.6617431640625,0.6234340667724609,0.3754133284091949,0.4736527800559997,0.3799644708633422,0.0,0.0,1.0,0.22850678733031668,0.1286248830682881,436.0,144.5,588.473266601563,3.17853345246529,156.349840866246,7.0,6.0,433.642857142857,141.428571428571,1739.61515,1856.1968,116.58165,0.159292673654279,,,,,,,,,,
113,1831.2157,,,,,,Frage 1,,,,,,1.0,501.0,173.0,375.0,111.0,0.8115018048018213,0.8073154923240093,1848.6700000000417,588.9879150390625,587.3837890625,0.6238516569137573,0.3754033148288726,0.4740757942199707,0.3798871636390686,0.0,0.0,1.0,0.2296380090497737,0.1262862488306829,438.0,142.0,588.185852050781,12.1272292360374,537.262371357768,7.0,6.0,433.642857142857,141.428571428571,1739.61515,1856.1968,116.58165,0.159292673654279,,,,,,,,,,
114,1847.8693,,,,,,Frage 1,,,,,,1.0,491.0,158.0,362.0,108.0,0.8105357490551627,0.8066941281081602,1865.3250000000696,589.2086791992188,587.6126098632812,0.6239758133888244,0.3753662109375,0.4742064774036407,0.3797710835933685,0.0,0.0,1.0,0.22313348416289588,0.11786716557530397,426.5,133.0,588.41064453125,2.14929264640254,-599.145925783901,7.0,6.0,433.642857142857,141.428571428571,1739.61515,1856.1968,116.58165,0.159292673654279,,,,,,,,,,
115,1864.5243,,,,,,Frage 1,,,,,,1.0,494.0,168.0,385.0,112.0,0.8103610102896172,0.8065495002303332,1881.9790000000503,589.0133056640625,587.4290771484375,0.6242356300354003,0.3752643167972564,0.4744599759578704,0.3796154260635376,0.0,0.0,1.0,0.23048642533936645,0.31599314185025895,439.5,140.0,588.22119140625,155.033862176326,9179.49982167058,,,,,,,,,8.0,8.0,1856.1968,1906.1618,49.9649999999997,7.87672651193659,222.638585354373,9179.49982167058,-7826.32814549108,356.826237420038
116,1881.1786,,,,,,Frage 1,,,,,,1.0,628.0,171.0,592.0,101.0,0.8117089950523969,0.8092251159701317,1898.6339999999616,593.6875610351562,592.06396484375,0.6227862238883972,0.375337928533554,0.4731974303722381,0.379575490951538,0.0,0.0,1.0,0.32692307692307687,0.34723866748719856,610.0,136.0,592.875762939453,222.638585354373,4059.29538786067,,,,,,,,,8.0,8.0,1856.1968,1906.1618,49.9649999999997,7.87672651193659,222.638585354373,9179.49982167058,-7826.32814549108,356.826237420038
117,1897.8355,,,,,,Frage 1,,,,,,1.0,722.0,148.0,680.0,103.0,0.8137584311454377,0.8089840695070868,1915.2889999999893,596.1812133789064,594.5247802734375,0.6217811107635498,0.375257134437561,0.4722408354282379,0.37939453125,0.0,0.0,1.0,0.378393665158371,0.11085126286248825,701.0,125.5,595.352996826172,92.2762200677433,-7826.32814549108,,,,,,,,,8.0,8.0,1856.1968,1906.1618,49.9649999999997,7.87672651193659,222.638585354373,9179.49982167058,-7826.32814549108,356.826237420038
118,1914.4881,,,,,,Frage 1,,,,,,1.0,745.0,133.0,684.0,95.0,0.8160649828506383,0.8110677822654083,1931.9429999999704,594.969970703125,593.3357543945312,0.6224084496498107,0.3750644028186798,0.4727932512760162,0.3791667819023132,0.0,0.0,1.0,0.3860294117647058,0.10009354536950416,714.5,114.0,594.152862548828,18.2111226727907,-4447.65966845731,8.0,7.0,701.09375,116.53125,1906.1618,2172.6357,266.4739,0.50857487524287,,,,,,,,,,
119,1931.1421,,,,,,Frage 1,,,,,,1.0,743.0,140.0,686.0,79.0,0.816319602194719,0.8107169257469763,1948.597999999998,594.4136962890625,592.7814331054688,0.622525155544281,0.3749089837074279,0.4728637635707855,0.3789976835250854,0.0,0.0,1.0,0.3860294117647058,0.09588400374181472,714.5,109.5,593.597564697266,4.26663286649775,-837.305740740538,8.0,7.0,701.09375,116.53125,1906.1618,2172.6357,266.4739,0.50857487524287,,,,,,,,,,
120,1947.7975,,,,,,Frage 1,,,,,,1.0,746.0,153.0,683.0,85.0,0.8144948302288081,0.7875067894618284,1965.253000000026,594.4983520507812,592.8594360351562,0.6223897337913513,0.374705970287323,0.4727036356925964,0.3787856101989746,0.0,0.0,1.0,0.3860294117647058,0.10477081384471465,714.5,119.0,593.678894042969,11.0538828056367,407.510473428376,8.0,7.0,701.09375,116.53125,1906.1618,2172.6357,266.4739,0.50857487524287,,,,,,,,,,
121,1964.4523,,,,,,Frage 1,,,,,,1.0,752.0,149.0,668.0,94.0,0.8142701661016781,0.8085073331690646,1981.9070000000063,594.3309326171875,592.6880493164064,0.6223480105400085,0.3745414614677429,0.4726119339466095,0.3786138296127319,0.0,0.0,1.0,0.3834841628959275,0.10710944808231992,710.0,121.5,593.509490966797,7.50291865675164,-213.209654206897,8.0,7.0,701.09375,116.53125,1906.1618,2172.6357,266.4739,0.50857487524287,,,,,,,,,,
122,1981.1067,,,,,,Frage 1,,,,,,1.0,759.0,133.0,674.0,88.0,0.81352627821407,0.8104839141660328,1998.5620000000345,594.22998046875,592.5826416015625,0.6222826838493347,0.3744594752788543,0.472523808479309,0.3785496056079864,0.0,0.0,1.0,0.3871606334841628,0.09681945743685683,716.5,110.5,593.406311035156,12.5268600869755,301.658506474197,8.0,7.0,701.09375,116.53125,1906.1618,2172.6357,266.4739,0.50857487524287,,,,,,,,,,
123,1997.7627,,,,,,Frage 1,,,,,,1.0,753.0,133.0,683.0,86.0,0.8127224798925607,0.8116355806005807,2015.2170000000624,593.98193359375,592.3284912109375,0.6222004890441895,0.374266505241394,0.4724215865135192,0.3783928155899047,0.0,0.0,1.0,0.24231356459607836,0.09588400374181472,718.0,109.5,593.155212402344,1.79762502603983,-644.166370133029,8.0,7.0,701.09375,116.53125,1906.1618,2172.6357,266.4739,0.50857487524287,,,,,,,,,,
124,2014.4167,,,,,,Frage 1,,,,,,1.0,748.0,141.0,689.0,79.0,0.8119935696134281,0.8103473211703076,2031.8719999999737,593.7678833007812,592.109130859375,0.6221266388893127,0.3740928769111633,0.4723325073719024,0.3782527446746826,0.0,0.0,1.0,0.3882918552036198,0.09635173058933583,718.5,110.0,592.938507080078,6.83034776763273,302.193031199286,8.0,7.0,701.09375,116.53125,1906.1618,2172.6357,266.4739,0.50857487524287,,,,,,,,,,
125,2031.0718,,,,,,Frage 1,,,,,,1.0,744.0,142.0,692.0,93.0,0.8100764357285859,0.7923370875268348,2048.526000000071,593.5592041015625,591.893798828125,0.6220226287841796,0.373853862285614,0.4722101986408233,0.3780392110347747,0.0,0.0,1.0,0.38800904977375555,0.36702854089614917,718.0,117.5,592.726501464844,12.7206500101192,353.663577071676,8.0,7.0,701.09375,116.53125,1906.1618,2172.6357,266.4739,0.50857487524287,,,,,,,,,,
126,2047.7267,,,,,,Frage 1,,,,,,1.0,740.0,145.0,679.0,98.0,0.8092302008497297,0.811726642597731,2065.1809999999823,593.4136962890625,591.74169921875,0.6219149231910704,0.3736916184425354,0.4720782935619354,0.3778981566429138,0.0,0.0,1.0,0.247146951829508,0.10710944808231992,709.5,121.5,592.577697753906,20.1330482710607,445.058106679809,8.0,7.0,701.09375,116.53125,1906.1618,2172.6357,266.4739,0.50857487524287,,,,,,,,,,
127,2064.3808,,,,,,Frage 1,,,,,,1.0,729.0,137.0,662.0,85.0,0.8088008427401037,0.8084162711719144,2081.8360000000102,593.7354125976562,592.0592651367188,0.6218090057373046,0.3736697733402252,0.4719587862491607,0.3778780102729797,0.0,0.0,1.0,0.24332879667498836,0.09728718428437794,695.5,111.0,592.897338867188,25.3459385370128,313.009425063623,8.0,7.0,701.09375,116.53125,1906.1618,2172.6357,266.4739,0.50857487524287,,,,,,,,,,
128,2081.0358,,,,,,Frage 1,,,,,,1.0,708.0,141.0,653.0,92.0,0.8095297530192364,0.8085742905199106,2098.4899999999907,593.9644775390625,592.285888671875,0.6217399835586547,0.3736461102962493,0.4718891084194183,0.3778670728206634,0.0,0.0,1.0,0.36679864253393657,0.10243217960710937,680.5,116.5,593.125183105469,15.1092560707989,-614.631189805694,8.0,7.0,701.09375,116.53125,1906.1618,2172.6357,266.4739,0.50857487524287,,,,,,,,,,
129,2097.689,,,,,,Frage 1,,,,,,1.0,713.0,150.0,653.0,96.0,0.8098318014568223,0.8096777476618493,2115.1450000000186,593.6699829101562,591.9853515625,0.6216595768928527,0.373655617237091,0.4717796146869659,0.3778948187828064,0.0,0.0,1.0,0.36821266968325783,0.10851262862488303,683.0,123.0,592.827667236328,5.86431424569996,-555.145066719852,8.0,7.0,701.09375,116.53125,1906.1618,2172.6357,266.4739,0.50857487524287,,,,,,,,,,
130,2114.3459,,,,,,Frage 1,,,,,,1.0,716.0,139.0,652.0,106.0,0.8098442827972183,0.8084457324062866,2131.8000000000466,593.5504760742188,591.8580322265625,0.6215087175369262,0.3735505044460296,0.4716088473796844,0.3777830004692077,0.0,0.0,1.0,0.2480041788185447,0.10804490177736198,684.0,122.5,592.704254150391,4.55406592124806,-78.6609948100728,8.0,7.0,701.09375,116.53125,1906.1618,2172.6357,266.4739,0.50857487524287,,,,,,,,,,
131,2130.9996,,,,,,Frage 1,,,,,,1.0,712.0,137.0,650.0,99.0,0.810855271369303,0.8077600891336255,2148.454000000027,593.1912231445312,591.490478515625,0.6213715076446533,0.3737094104290008,0.4714438319206237,0.3779436647891998,0.0,0.0,1.0,0.3670814479638008,0.36024968573172705,681.0,118.0,592.340850830078,5.00593556610476,27.1332883897684,8.0,7.0,701.09375,116.53125,1906.1618,2172.6357,266.4739,0.50857487524287,,,,,,,,,,
132,2147.6535,,,,,,Frage 1,,,,,,1.0,711.0,149.0,646.0,92.0,0.8096246112062467,0.7959696769487623,2165.109000000055,592.6563110351562,590.950927734375,0.6213451623916626,0.3737930059432983,0.4713788926601409,0.3780460953712463,0.0,0.0,1.0,0.24888636887729845,0.10617399438727781,678.5,120.5,591.803619384766,1.70853976897506,-197.995412313617,8.0,7.0,701.09375,116.53125,1906.1618,2172.6357,266.4739,0.50857487524287,,,,,,,,,,
133,2164.3091,,,,,,Frage 1,,,,,,1.0,712.0,152.0,650.0,88.0,0.8096196186700882,0.8081484417685312,2181.7639999999665,592.2063598632812,590.4918823242188,0.6212105154991149,0.3737378716468811,0.4712195098400116,0.3780167698860168,0.0,0.0,1.0,0.24702735925401978,0.10570626753975676,681.0,120.0,591.34912109375,21.3610968742597,1179.93690442161,8.0,7.0,701.09375,116.53125,1906.1618,2172.6357,266.4739,0.50857487524287,,,,,,,,,,
134,2180.9623,,,,,,Frage 1,,,,,,1.0,692.0,147.0,616.0,99.0,0.8101438349667248,0.8095250849019209,2198.418000000064,591.4645385742188,589.7503662109375,0.6213090419769287,0.373862087726593,0.4712790548801422,0.3781583309173584,0.0,0.0,1.0,0.35180995475113114,0.10851262862488303,654.0,123.0,590.607452392578,37.1831813425263,950.092743032352,,,,,,,,,9.0,9.0,2172.6357,2189.2906,16.6549000000005,,37.1831813425263,950.092743032352,,
135,2197.6189,,,,,,Frage 1,,,,,,1.0,678.0,153.0,601.0,107.0,0.8095097828746025,0.8104892707541005,2215.072999999975,591.0765991210938,589.3612670898438,0.6213319301605223,0.373847484588623,0.4712896347045898,0.3781661093235015,0.0,0.0,1.0,0.3436085972850678,0.11506080449017769,639.5,130.0,590.218933105469,19.2009892278271,-1079.58359537357,9.0,8.0,633.0625,127.25,2189.2906,2322.5281,133.2375,0.174686541627565,,,,,,,,,,
136,2214.2735,,,,,,Frage 1,,,,,,1.0,669.0,162.0,601.0,106.0,0.8191875563458393,0.8087751625724479,2231.728000000003,591.2515869140625,589.52734375,0.6211209893226624,0.3738093972206115,0.4710943102836608,0.3781511187553405,0.0,0.0,1.0,0.34106334841628955,0.11880261927034608,635.0,134.0,590.389465332031,8.72984682248167,-628.723740308715,9.0,8.0,633.0625,127.25,2189.2906,2322.5281,133.2375,0.174686541627565,,,,,,,,,,
137,2230.9268,,,,,,Frage 1,,,,,,1.0,660.0,161.0,599.0,95.0,0.8075676863089681,0.807352988440483,2248.3819999999832,591.3499755859375,589.618896484375,0.6209607124328613,0.3736820816993713,0.4709521532058715,0.3780489265918731,0.0,0.0,1.0,0.3379524886877827,0.11318989710009353,629.5,128.0,590.484436035156,9.53269379837382,48.2094825585396,9.0,8.0,633.0625,127.25,2189.2906,2322.5281,133.2375,0.174686541627565,,,,,,,,,,
138,2247.5825,,,,,,Frage 1,,,,,,1.0,670.0,158.0,584.0,94.0,0.8077299437341176,0.808360026997204,2265.037000000011,591.258056640625,589.5237426757812,0.620909571647644,0.3735579848289489,0.4708830714225769,0.377932459115982,0.0,0.0,1.0,0.33653846153846145,0.3503538030030549,627.0,126.0,590.390899658203,4.55033025641923,-299.13864574618,9.0,8.0,633.0625,127.25,2189.2906,2322.5281,133.2375,0.174686541627565,,,,,,,,,,
139,2264.2362,,,,,,Frage 1,,,,,,1.0,675.0,152.0,578.0,95.0,0.8081468205033475,0.8084671587585572,2281.692000000039,591.2578735351562,589.5185546875,0.6208199262619019,0.3734500706195831,0.4707735180854797,0.3778338730335235,0.0,0.0,1.0,0.3362556561085972,0.10898035547240409,626.5,123.5,590.388214111328,4.84349277142733,17.6034463817714,9.0,8.0,633.0625,127.25,2189.2906,2322.5281,133.2375,0.174686541627565,,,,,,,,,,
140,2280.8924,,,,,,Frage 1,,,,,,1.0,669.0,147.0,596.0,103.0,0.8190903583998939,0.808408236289813,2298.347000000067,590.9747924804688,589.2352905273438,0.6208401322364807,0.3732850551605224,0.4708042740821838,0.3776829242706298,0.0,0.0,1.0,0.33964932126696823,0.11038353601496725,632.5,125.0,590.105041503906,10.2563912458573,324.977994646428,9.0,8.0,633.0625,127.25,2189.2906,2322.5281,133.2375,0.174686541627565,,,,,,,,,,
141,2297.5471,,,,,,Frage 1,,,,,,1.0,670.0,148.0,605.0,109.0,0.8101213685540118,0.8088046238068203,2315.0010000000475,590.5972290039064,588.8554077148438,0.6208051443099974,0.3731188476085662,0.4707846045494079,0.3775130212306976,0.0,0.0,1.0,0.3424773755656108,0.11365762394761458,637.5,128.5,589.726318359375,4.29840111762309,-357.736262330413,9.0,8.0,633.0625,127.25,2189.2906,2322.5281,133.2375,0.174686541627565,,,,,,,,,,
142,2314.2003,,,,,,Frage 1,,,,,,1.0,672.0,149.0,602.0,97.0,0.8092576597986012,0.8087162401037036,2331.6560000000754,590.2625732421875,588.517578125,0.6207680106163024,0.3730729222297668,0.4707527160644531,0.3774950802326202,0.0,0.0,1.0,0.34219457013574656,0.10851262862488303,637.0,123.0,589.390075683594,6.02962539780012,103.957454433803,9.0,8.0,633.0625,127.25,2189.2906,2322.5281,133.2375,0.174686541627565,,,,,,,,,,
143,2330.8559,,,,,,Frage 1,,,,,,1.0,671.0,146.0,603.0,125.0,0.808421409992062,0.810979398562292,2348.310999999987,589.3057250976562,587.5537719726562,0.6206883788108825,0.3729912936687469,0.4706657826900482,0.3773998916149139,0.0,0.0,1.0,0.34219457013574656,0.12020579981290924,637.0,135.5,588.429748535156,124.376880645087,7105.55340229633,,,,,,,,,10.0,10.0,2322.5281,2389.14705,66.6189500000001,8.76976555460033,210.217075943417,7105.55340229633,-4644.00015228056,359.803445781297
144,2347.5091,,,,,,Frage 1,,,,,,1.0,789.0,161.0,766.0,138.0,0.8109401444839965,0.810194658410379,2364.9649999999674,592.9837036132812,591.1676025390625,0.6188495755195617,0.3731055557727813,0.4689719676971435,0.3774746358394622,0.0,0.0,1.0,0.4216628959276017,0.13330215154349856,777.5,149.5,592.075653076172,210.217075943417,5154.57661580528,,,,,,,,,10.0,10.0,2322.5281,2389.14705,66.6189500000001,8.76976555460033,210.217075943417,7105.55340229633,-4644.00015228056,359.803445781297
145,2364.1654,,,,,,Frage 1,,,,,,1.0,893.0,161.0,862.0,119.0,0.8137134983200116,0.8111749140267615,2381.619999999996,595.0516967773438,593.1885375976562,0.6176063418388366,0.3731403946876525,0.4678069651126861,0.3775410056114196,0.0,0.0,1.0,0.4782239819004524,0.12441534144059863,877.5,140.0,594.1201171875,133.533371139284,-4603.88590528114,,,,,,,,,10.0,10.0,2322.5281,2389.14705,66.6189500000001,8.76976555460033,210.217075943417,7105.55340229633,-4644.00015228056,359.803445781297
146,2380.8208,,,,,,Frage 1,,,,,,1.0,948.0,148.0,909.0,121.0,0.8164369267944424,0.8162422463387722,2398.275000000024,593.2437133789064,591.3934326171875,0.6180804967880249,0.3730634450912475,0.4682469367980957,0.3775323629379272,0.0,0.0,1.0,0.5070701357466063,0.11927034611786713,928.5,134.5,592.318572998047,56.18569100299,-4644.00015228056,,,,,,,,,10.0,10.0,2322.5281,2389.14705,66.6189500000001,8.76976555460033,210.217075943417,7105.55340229633,-4644.00015228056,359.803445781297
147,2397.4733,,,,,,Frage 1,,,,,,1.0,973.0,165.0,909.0,110.0,0.8201613587686412,0.8128729524442112,2414.929000000004,592.5352172851562,590.6765747070312,0.6179794669151306,0.373087465763092,0.4681331515312194,0.3776037991046905,0.0,0.0,1.0,0.5141402714932126,0.40789716953844213,941.0,137.5,591.605895996094,15.3543741547014,-2451.96317959996,10.0,9.0,938.222222222222,138.222222222222,2389.14705,2539.0398,149.89275,0.180311378070674,,,,,,,,,,
148,2414.1296,,,,,,Frage 1,,,,,,1.0,976.0,165.0,914.0,115.0,0.8174678855111609,0.8091420888550829,2431.584000000032,592.123779296875,590.2564086914064,0.6178276538848877,0.3730600476264953,0.4679850339889526,0.3776181042194366,0.0,0.0,1.0,0.2550791488559768,0.12441534144059863,945.0,140.0,591.190093994141,2.56559625364888,-767.804248305593,10.0,9.0,938.222222222222,138.222222222222,2389.14705,2539.0398,149.89275,0.180311378070674,,,,,,,,,,
149,2430.7837,,,,,,Frage 1,,,,,,1.0,965.0,149.0,912.0,123.0,0.8138657706728444,0.8082743215881214,2448.23900000006,591.8281860351562,589.9511108398438,0.6176511645317077,0.3730216324329376,0.4678107798099517,0.3776226341724395,0.0,0.0,1.0,0.25354330954663845,0.1206735266604303,938.5,136.0,590.8896484375,8.43370607718648,352.352263018577,10.0,9.0,938.222222222222,138.222222222222,2389.14705,2539.0398,149.89275,0.180311378070674,,,,,,,,,,
150,2447.438,,,,,,Frage 1,,,,,,1.0,962.0,151.0,913.0,117.0,0.8137309721965663,0.80717622103425,2464.89300000004,591.5416870117188,589.6561279296875,0.6175089478492736,0.3730571866035461,0.4676640033721923,0.3777089118957519,0.0,0.0,1.0,0.5121606334841629,0.11880261927034608,937.5,134.0,590.598907470703,2.18783394326895,-375.030600740798,10.0,9.0,938.222222222222,138.222222222222,2389.14705,2539.0398,149.89275,0.180311378070674,,,,,,,,,,
151,2464.0934,,,,,,Frage 1,,,,,,1.0,958.0,144.0,922.0,124.0,0.8115142861422175,0.8078457945427081,2481.548000000068,591.3446044921875,589.4495239257812,0.6173240542411804,0.3730645477771759,0.4674738049507141,0.3777438998222351,0.0,0.0,1.0,0.5135746606334841,0.11880261927034608,940.0,134.0,590.397064208984,1.241821971007,-56.799114537144,10.0,9.0,938.222222222222,138.222222222222,2389.14705,2539.0398,149.89275,0.180311378070674,,,,,,,,,,
152,2480.7473,,,,,,Frage 1,,,,,,1.0,957.0,148.0,920.0,118.0,0.6107498930775652,0.5829662484774193,2498.2029999999795,591.0654907226562,589.1636962890625,0.6172138452529907,0.3731021881103515,0.4673623442649841,0.3778191208839416,0.0,0.0,1.0,0.5127262443438914,0.11786716557530397,938.5,133.0,590.114593505859,3.58546932568663,140.7266378854,10.0,9.0,938.222222222222,138.222222222222,2389.14705,2539.0398,149.89275,0.180311378070674,,,,,,,,,,
153,2497.4024,,,,,,Frage 1,,,,,,1.0,963.0,156.0,915.0,120.0,0.8122282188128751,0.8069512443354081,2514.85699999996,590.88916015625,588.9790649414064,0.6170592308044432,0.3730520904064178,0.4672045707702636,0.3778089880943298,0.0,0.0,1.0,0.25452228835962454,0.12254443405051446,939.0,138.0,589.934112548828,13.3597652752421,586.865041311998,10.0,9.0,938.222222222222,138.222222222222,2389.14705,2539.0398,149.89275,0.180311378070674,,,,,,,,,,
154,2514.0565,,,,,,Frage 1,,,,,,1.0,958.0,155.0,903.0,137.0,0.8114044503467317,0.8082100425313093,2531.511999999988,590.568603515625,588.6541137695312,0.6169959306716918,0.3731669485569,0.4671412706375122,0.3779528439044952,0.0,0.0,1.0,0.5082013574660633,0.13002806361085123,930.5,146.0,589.611358642578,7.90159664917581,-327.737231436475,10.0,9.0,938.222222222222,138.222222222222,2389.14705,2539.0398,149.89275,0.180311378070674,,,,,,,,,,
155,2530.7122,,,,,,Frage 1,,,,,,1.0,962.0,164.0,906.0,127.0,0.8125202821781438,0.8078243681904375,2548.167000000016,590.4890747070312,588.5685424804688,0.616880178451538,0.3732226192951202,0.4670297503471374,0.3780484795570373,0.0,0.0,1.0,0.5101809954751131,0.12956033676333018,934.0,145.5,589.52880859375,11.7674737305236,232.105350201302,10.0,9.0,938.222222222222,138.222222222222,2389.14705,2539.0398,149.89275,0.180311378070674,,,,,,,,,,
156,2547.3674,,,,,,Frage 1,,,,,,1.0,968.0,164.0,915.0,113.0,0.8133839909335544,0.8081296937102944,2564.822000000044,591.0511474609375,589.1167602539064,0.61654794216156,0.3730562329292297,0.4667017459869384,0.3779234588146209,0.0,0.0,1.0,0.5144230769230769,0.12301216089803552,941.5,138.5,590.083953857422,51.4768149748551,2384.20080481358,,,,,,,,,11.0,11.0,2539.0398,2589.0035,49.9636999999998,4.20058004641839,123.326749391236,4314.63761913345,-2558.00149694924,3.09963212053131
157,2564.02,,,,,,Frage 1,,,,,,1.0,1018.0,162.0,965.0,114.0,0.8158378224554291,0.8075699302572233,2581.476000000024,589.8394165039064,587.8859252929688,0.6162294149398803,0.3730427026748657,0.4663522839546203,0.3779085874557495,0.0,0.0,1.0,0.5427036199095021,0.4171509191683943,991.5,138.0,588.862670898438,123.326749391236,4314.63761913345,,,,,,,,,11.0,11.0,2539.0398,2589.0035,49.9636999999998,4.20058004641839,123.326749391236,4314.63761913345,-2558.00149694924,3.09963212053131
158,2580.6761,,,,,,Frage 1,,,,,,1.0,1101.0,162.0,1059.0,130.0,0.8158602888681422,0.8083546704091362,2598.131000000052,588.1814575195312,586.2199096679688,0.6161851286888121,0.3729764223098754,0.4662771821022033,0.3778306245803833,0.0,0.0,1.0,0.592760180995475,0.13002806361085123,1080.0,146.0,587.20068359375,80.7204206578997,-2558.00149694924,,,,,,,,,11.0,11.0,2539.0398,2589.0035,49.9636999999998,4.20058004641839,123.326749391236,4314.63761913345,-2558.00149694924,3.09963212053131
159,2597.3309,,,,,,Frage 1,,,,,,1.0,1101.0,154.0,1063.0,131.0,0.8125327635185399,0.8078056201322006,2614.785999999964,588.6443481445312,586.6790771484375,0.6160502433776855,0.3728565573692321,0.4661667048931121,0.3777145147323608,0.0,0.0,1.0,0.593891402714932,0.12675397567820393,1082.0,142.5,587.661712646484,5.95479866965091,-4489.13358240565,11.0,10.0,1084.8,140.25,2589.0035,2755.5503,166.5468,0.229480027938513,,,,,,,,,,
160,2613.985,,,,,,Frage 1,,,,,,1.0,1106.0,162.0,1063.0,140.0,0.8117988607032488,0.8074253023793965,2631.4400000000605,588.946533203125,586.9784545898438,0.6159644722938536,0.3727310299873352,0.4660902619361877,0.3775931298732757,0.0,0.0,1.0,0.5953054298642533,0.13470533208606172,1084.5,151.0,587.962493896484,10.2738278817668,259.33729304591,11.0,10.0,1084.8,140.25,2589.0035,2755.5503,166.5468,0.229480027938513,,,,,,,,,,
161,2630.6404,,,,,,Frage 1,,,,,,1.0,1108.0,160.0,1068.0,145.0,0.8115991592569111,0.809203689617861,2648.094999999972,589.1141967773438,587.14306640625,0.6158886551856994,0.3726333081722259,0.4660150110721588,0.3774996399879455,0.0,0.0,1.0,0.597285067873303,0.13610851262862483,1088.0,152.5,588.128631591797,5.31376530237629,-297.805070991421,11.0,10.0,1084.8,140.25,2589.0035,2755.5503,166.5468,0.229480027938513,,,,,,,,,,
162,2647.2941,,,,,,Frage 1,,,,,,1.0,1103.0,161.0,1064.0,129.0,0.8125252747143021,0.8122194486999561,2664.75,589.4776000976562,587.5003662109375,0.6157318949699401,0.3726229071617126,0.4658582210540771,0.3775102794170379,0.0,0.0,1.0,0.2566515846252262,0.12909260991580912,1083.5,145.0,588.488983154297,14.7857488304394,568.761508137123,11.0,10.0,1084.8,140.25,2589.0035,2755.5503,166.5468,0.229480027938513,,,,,,,,,,
163,2663.9495,,,,,,Frage 1,,,,,,1.0,1100.0,160.0,1059.0,116.0,0.5819822514251433,0.5483137286229787,2681.4039999999804,589.7598876953125,587.776611328125,0.615584373474121,0.3726238906383514,0.4657105207443237,0.3775196969509124,0.0,0.0,1.0,0.5924773755656108,0.12254443405051446,1079.5,138.0,588.768249511719,9.56090660160346,-313.702596685515,11.0,10.0,1084.8,140.25,2589.0035,2755.5503,166.5468,0.229480027938513,,,,,,,,,,
164,2680.6035,,,,,,Frage 1,,,,,,1.0,1096.0,153.0,1072.0,115.0,0.8275288635982067,0.8144317195719015,2698.0590000000084,589.7891845703125,587.804443359375,0.615551769733429,0.3726034462451934,0.4656809568405151,0.3775099217891693,0.0,0.0,1.0,0.595022624434389,0.11880261927034608,1084.0,134.0,588.796813964844,4.6955019824376,-292.146308344293,11.0,10.0,1084.8,140.25,2589.0035,2755.5503,166.5468,0.229480027938513,,,,,,,,,,
165,2697.2588,,,,,,Frage 1,,,,,,1.0,1086.0,144.0,1079.0,123.0,0.8151164009805342,0.8145790257437624,2714.7140000000363,589.8204956054688,587.8319091796875,0.6154725551605223,0.3725768327713012,0.4656028151512146,0.37750244140625,0.0,0.0,1.0,0.5941742081447963,0.11833489242282502,1082.5,133.5,588.826202392578,0.867602709761437,-229.830700898584,11.0,10.0,1084.8,140.25,2589.0035,2755.5503,166.5468,0.229480027938513,,,,,,,,,,
166,2713.9124,,,,,,Frage 1,,,,,,1.0,1092.0,144.0,1076.0,122.0,0.8157454605364981,0.8155940991825846,2731.3680000000168,589.6888427734375,587.6993408203125,0.6154798865318298,0.3725707530975341,0.4655897915363311,0.377507209777832,0.0,0.0,1.0,0.595022624434389,0.43410295979045865,1084.0,133.0,588.694091796875,7.74855916637676,413.181321553015,11.0,10.0,1084.8,140.25,2589.0035,2755.5503,166.5468,0.229480027938513,,,,,,,,,,
167,2724.785,,,,,,Frage 1,1.0,3.13938188552856,29.4106453476295,1.74054491519928,219.3671875,,,,,,0.6585048574425887,0.6495113533451946,,,,,,,,,,,0.37959439571535225,0.3642823432120883,,,,,,,,,,,,,,,,,,,,,,,
168,2730.5672,,,,,,Frage 1,,,,,,1.0,1110.0,159.0,1071.0,115.0,0.8198767842076097,0.8149138124979913,2748.0230000000447,589.6818237304688,587.690673828125,0.615464448928833,0.3725683391094207,0.4655514359474182,0.3775079548358917,0.0,0.0,1.0,0.5986990950226243,0.1216089803554724,1090.5,137.0,588.686248779297,5.55490011053369,-131.713323236731,11.0,10.0,1084.8,140.25,2589.0035,2755.5503,166.5468,0.229480027938513,,,,,,,,,,
169,2747.2238,,,,,,Frage 1,,,,,,1.0,1114.0,159.0,1065.0,113.0,0.5799537407643633,0.5457899365587775,2764.6780000000726,589.91064453125,587.9144287109375,0.6153516173362731,0.3725749254226684,0.4654230177402496,0.3775238990783691,0.0,0.0,1.0,0.5981334841628958,0.1206735266604303,1089.5,136.0,588.912536621094,0.615401006146774,-296.549061896596,11.0,10.0,1084.8,140.25,2589.0035,2755.5503,166.5468,0.229480027938513,,,,,,,,,,
170,2763.8768,,,,,,Frage 1,,,,,,1.0,1107.0,159.0,1073.0,116.0,0.8201264110155319,0.8170618043131248,2781.3320000000526,590.0006103515625,588.0000610351562,0.6152551770210266,0.3725897669792175,0.465314894914627,0.3775347173213958,0.0,0.0,1.0,0.59841628959276,0.4352027956371629,1090.0,137.5,589.000335693359,68.7519951930051,4091.55072280425,,,,,,,,,12.0,12.0,2755.5503,2822.16885,66.6185500000001,9.34063746475821,205.039861523389,4644.48627933926,-4648.41624111155,183.061524970748
171,2780.5323,,,,,,Frage 1,,,,,,1.0,1033.0,151.0,991.0,120.0,0.8250465553996775,0.8202704005656557,2797.9869999999646,588.0946655273438,586.1210327148438,0.6160539984703064,0.3725901246070861,0.4660341143608093,0.3775405585765838,0.0,0.0,1.0,0.5542986425339366,0.12020579981290924,1012.0,135.5,587.107849121094,146.108236418539,4644.48627933926,,,,,,,,,12.0,12.0,2755.5503,2822.16885,66.6185500000001,9.34063746475821,205.039861523389,4644.48627933926,-4648.41624111155,183.061524970748
172,2797.188,,,,,,Frage 1,,,,,,1.0,979.0,152.0,873.0,125.0,0.8204908661550981,0.8208087376664561,2814.6419999999925,588.67138671875,586.7258911132812,0.6166696548461914,0.3724422454833984,0.466641366481781,0.3774308264255523,0.0,0.0,1.0,0.5056561085972849,0.40514916040323373,926.0,138.5,587.698638916016,205.039861523389,3538.22565877437,,,,,,,,,12.0,12.0,2755.5503,2822.16885,66.6185500000001,9.34063746475821,205.039861523389,4644.48627933926,-4648.41624111155,183.061524970748
173,2813.8414,,,,,,Frage 1,,,,,,1.0,810.0,139.0,753.0,103.0,0.8165417700537699,0.8199249006352914,2831.2970000000205,591.7847290039064,589.8271484375,0.6161174178123474,0.3723813295364379,0.4661985337734222,0.3774176836013793,0.0,0.0,1.0,0.4239253393665157,0.10664172123479881,781.5,121.0,590.805938720703,127.627926493663,-4648.41624111155,,,,,,,,,12.0,12.0,2755.5503,2822.16885,66.6185500000001,9.34063746475821,205.039861523389,4644.48627933926,-4648.41624111155,183.061524970748
174,2830.4963,,,,,,Frage 1,,,,,,1.0,812.0,137.0,755.0,86.0,0.821953679249522,0.8199490052815959,2847.951000000001,591.454345703125,589.4946899414064,0.6161397695541381,0.3723179697990417,0.4661838412284851,0.3773921430110931,0.0,0.0,1.0,0.4250565610859728,0.09775491113189894,783.5,111.5,590.474517822266,13.8019408147134,-6834.38421599346,12.0,11.0,782.875,114.333333333333,2822.16885,3022.02505,199.8562,0.171089525075099,,,,,,,,,,
175,2847.1499,,,,,,Frage 1,,,,,,1.0,804.0,136.0,761.0,74.0,0.8236711116880264,0.8216122258766057,2864.606000000029,590.8652954101562,588.9059448242188,0.6162324547767639,0.3722090721130371,0.4662486910820007,0.3773294389247894,0.0,0.0,1.0,0.4244909502262443,0.09167446211412533,782.5,105.0,589.885620117188,2.87223765868663,-656.296725994782,12.0,11.0,782.875,114.333333333333,2822.16885,3022.02505,199.8562,0.171089525075099,,,,,,,,,,
176,2863.8067,,,,,,Frage 1,,,,,,1.0,805.0,131.0,759.0,86.0,0.8222931717082963,0.8231495666520254,2881.261000000057,590.6685180664064,588.7091674804688,0.6162490248680114,0.37212535738945,0.4662622511386871,0.3772469460964202,0.0,0.0,1.0,0.42420814479638,0.09494855004677266,782.0,108.5,589.688842773438,8.9452747343359,364.598066594376,12.0,11.0,782.875,114.333333333333,2822.16885,3022.02505,199.8562,0.171089525075099,,,,,,,,,,
177,2880.4594,,,,,,Frage 1,,,,,,1.0,806.0,130.0,765.0,100.0,0.8216790897608077,0.823537919286931,2897.9150000000373,590.2571411132812,588.3011474609375,0.6163598299026489,0.3720761239528656,0.466362714767456,0.3771975934505462,0.0,0.0,1.0,0.4261877828054298,0.10102899906454627,785.5,115.0,589.279144287109,7.96113386807363,-59.0979760796907,12.0,11.0,782.875,114.333333333333,2822.16885,3022.02505,199.8562,0.171089525075099,,,,,,,,,,
178,2897.1151,,,,,,Frage 1,,,,,,1.0,815.0,129.0,765.0,97.0,0.8228673133665172,0.8233986479971718,2914.5700000000647,590.0502319335938,588.0977172851562,0.6164592504501342,0.3720570504665374,0.4664583504199981,0.3771860897541046,0.0,0.0,1.0,0.42873303167420806,0.09915809167446205,790.0,113.0,589.073974609375,1.86617465765001,-365.938340053177,12.0,11.0,782.875,114.333333333333,2822.16885,3022.02505,199.8562,0.171089525075099,,,,,,,,,,
179,2913.771,,,,,,Frage 1,,,,,,1.0,820.0,134.0,748.0,99.0,0.8231169401744395,0.7918598572085931,2931.2249999999767,589.822509765625,587.873291015625,0.6165526509284973,0.3720210790634155,0.4665406644344329,0.3771413564682006,0.0,0.0,1.0,0.42533936651583704,0.10243217960710937,784.0,116.5,588.847900390625,9.33680394240065,448.527505853815,12.0,11.0,782.875,114.333333333333,2822.16885,3022.02505,199.8562,0.171089525075099,,,,,,,,,,
180,2930.4239,,,,,,Frage 1,,,,,,1.0,811.0,137.0,754.0,104.0,0.822278194099821,0.8227906752514919,2947.8790000000736,589.909912109375,587.9663696289064,0.6166529655456543,0.3720162510871887,0.4666525423526763,0.3771110475063324,0.0,0.0,1.0,0.4244909502262443,0.10617399438727781,782.5,120.5,588.938140869141,2.76845115557826,-394.42696388152,12.0,11.0,782.875,114.333333333333,2822.16885,3022.02505,199.8562,0.171089525075099,,,,,,,,,,
181,2947.0883,,,,,,Frage 1,,,,,,1.0,802.0,134.0,771.0,103.0,0.8224529328653665,0.8222335900924548,2964.5339999999846,589.8344116210938,587.8973388671875,0.6167837381362915,0.3720466494560241,0.4667907655239105,0.3771109282970428,0.0,0.0,1.0,0.2446068693106205,0.1043030869971936,786.5,118.5,588.865875244141,3.99886179767456,73.8346800422631,12.0,11.0,782.875,114.333333333333,2822.16885,3022.02505,199.8562,0.171089525075099,,,,,,,,,,
182,2963.7334,,,,,,Frage 1,,,,,,1.0,803.0,133.0,764.0,99.0,0.8339470855038587,0.8225576636705484,2981.189000000013,589.7398071289064,587.808837890625,0.6169192194938659,0.372105062007904,0.466922253370285,0.3771405220031738,0.0,0.0,1.0,0.4250565610859728,0.10196445275958838,783.5,116.0,588.774322509766,9.91350236803306,355.338241906534,12.0,11.0,782.875,114.333333333333,2822.16885,3022.02505,199.8562,0.171089525075099,,,,,,,,,,
183,2980.3884,,,,,,Frage 1,,,,,,1.0,804.0,126.0,749.0,100.0,0.8221184329427508,0.8231977759446343,2997.842999999993,589.7426147460938,587.8162841796875,0.6169996857643127,0.3722533583641052,0.4669985771179199,0.377243161201477,0.0,0.0,1.0,0.42109728506787325,0.09915809167446205,776.5,113.0,588.779449462891,7.06083232746296,-171.280098503161,12.0,11.0,782.875,114.333333333333,2822.16885,3022.02505,199.8562,0.171089525075099,,,,,,,,,,
184,2997.044,,,,,,Frage 1,,,,,,1.0,801.0,127.0,750.0,106.0,0.8226002126820404,0.8241405354445432,3014.4980000000214,589.6873779296875,587.7665405273438,0.6171121597290039,0.3724449872970581,0.4671044945716857,0.3773917555809021,0.0,0.0,1.0,0.42053167420814475,0.10243217960710937,775.5,116.5,588.726959228516,6.74663915725999,-18.864115985192,12.0,11.0,782.875,114.333333333333,2822.16885,3022.02505,199.8562,0.171089525075099,,,,,,,,,,
185,3013.6974,,,,,,Frage 1,,,,,,1.0,802.0,139.0,763.0,97.0,0.8231893319487368,0.8238914540993969,3031.1530000000494,589.6343383789064,587.7176513671875,0.61720871925354,0.3726041913032531,0.4672008454799652,0.3775488138198852,0.0,0.0,1.0,0.4244909502262443,0.1038353601496726,782.5,118.0,588.675994873047,15.5151845139699,526.531840747827,12.0,11.0,782.875,114.333333333333,2822.16885,3022.02505,199.8562,0.171089525075099,,,,,,,,,,
186,3030.3527,,,,,,Frage 1,,,,,,1.0,808.0,157.0,772.0,97.0,0.8249367196041918,0.8225576636705484,3047.80700000003,589.31640625,587.4031982421875,0.6173145174980162,0.3727762699127197,0.4673028588294982,0.3777317702770233,0.0,0.0,1.0,0.42873303167420806,0.11225444340505142,790.0,127.0,588.359802246094,53.7141436072607,2293.50171376625,,,,,,,,,13.0,13.0,3022.02505,3055.33445,33.3093999999996,1.56218582621174,62.1787225090586,2293.50171376625,,11.745633425288
187,3047.006,,,,,,Frage 1,,,,,,1.0,859.0,158.0,822.0,117.0,0.827033584790738,0.823283481353717,3064.4620000000577,590.4171752929688,588.487060546875,0.6168447136878967,0.3729331493377685,0.4668362438678741,0.3778740465641021,0.0,0.0,1.0,0.45729638009049767,0.38948121922185436,840.5,137.5,589.452117919922,62.1787225090586,508.282376573888,,,,,,,,,13.0,13.0,3022.02505,3055.33445,33.3093999999996,1.56218582621174,62.1787225090586,2293.50171376625,,11.745633425288
188,3063.6629,,,,,,Frage 1,,,,,,1.0,877.0,156.0,843.0,115.0,0.8280870099201694,0.8251422174131966,3081.1169999999693,591.4168090820312,589.4774780273438,0.6165581941604614,0.3730750977993011,0.4665582776069641,0.3780084252357482,0.0,0.0,1.0,0.4683257918552035,0.12020579981290924,860.0,135.5,590.447143554688,11.2046174612027,-3060.23960327888,13.0,12.0,856.416666666667,128.666666666667,3055.33445,3155.26275,99.9283,0.211690614317085,,,,,,,,,,
189,3080.3213,,,,,,Frage 1,,,,,,1.0,873.0,152.0,825.0,104.0,0.8297120804397426,0.8254823607554932,3097.7719999999968,591.0032958984375,589.0736694335938,0.6168301105499266,0.3731352388858795,0.4667914509773254,0.3780628144741058,0.0,0.0,1.0,0.46210407239818996,0.39103921536681935,849.0,128.0,590.038482666016,4.35994359145733,-410.884230763174,13.0,12.0,856.416666666667,128.666666666667,3055.33445,3155.26275,99.9283,0.211690614317085,,,,,,,,,,
190,3096.9706,,,,,,Frage 1,,,,,,1.0,895.0,158.0,826.0,103.0,0.8331619229252271,0.8248449267754412,3114.4259999999776,590.7813110351562,588.8550415039064,0.6169448494911193,0.3731642067432403,0.4668708145618438,0.3780807852745056,0.0,0.0,1.0,0.46860859728506776,0.11552853133769875,860.5,130.5,589.818176269531,11.6851830076017,439.972816643602,13.0,12.0,856.416666666667,128.666666666667,3055.33445,3155.26275,99.9283,0.211690614317085,,,,,,,,,,
191,3113.6264,,,,,,Frage 1,,,,,,1.0,892.0,158.0,831.0,107.0,0.8333067064738217,0.8251770352356363,3131.0810000000056,590.6885375976562,588.763427734375,0.616980493068695,0.3731408715248107,0.4668990671634674,0.3780589699745178,0.0,0.0,1.0,0.46917420814479627,0.11739943872778297,861.5,132.5,589.725982666016,10.5891971611452,-65.802053726416,13.0,12.0,856.416666666667,128.666666666667,3055.33445,3155.26275,99.9283,0.211690614317085,,,,,,,,,,
192,3130.2803,,,,,,Frage 1,,,,,,1.0,869.0,146.0,831.0,103.0,0.8292003454835022,0.8233584735866644,3147.736000000033,590.591064453125,588.6680908203125,0.6170401573181152,0.3731006383895874,0.4669564664363861,0.3780169188976287,0.0,0.0,1.0,0.46266968325791846,0.1099158091674462,850.0,124.5,589.629577636719,10.5300553512501,-3.55122883499465,13.0,12.0,856.416666666667,128.666666666667,3055.33445,3155.26275,99.9283,0.211690614317085,,,,,,,,,,
193,3146.9343,,,,,,Frage 1,,,,,,1.0,872.0,144.0,843.0,98.0,0.8290930059560957,0.8226165861392928,3164.390000000014,590.4747314453125,588.5540161132812,0.6171020865440368,0.3730581700801849,0.4670190215110778,0.3779838979244232,0.0,0.0,1.0,0.46691176470588225,0.10664172123479881,857.5,121.0,589.514373779297,8.16662340741661,-141.913771096043,13.0,12.0,856.416666666667,128.666666666667,3055.33445,3155.26275,99.9283,0.211690614317085,,,,,,,,,,
194,3163.5912,,,,,,Frage 1,,,,,,1.0,878.0,140.0,840.0,105.0,0.8360700645256717,0.8244619307286032,3181.045000000041,589.7771606445312,587.8554077148438,0.6171407103538513,0.372986614704132,0.4670415818691253,0.3779106438159942,0.0,0.0,1.0,0.467760180995475,0.10804490177736198,859.0,122.5,588.816284179688,72.9993677468193,3892.24551623669,,,,,,,,,14.0,14.0,3155.26275,3221.88155,66.6188000000002,10.7400546310329,284.266038083428,12686.4030707143,-12563.5720061985,2.73395756793175
195,3180.2442,,,,,,Frage 1,,,,,,1.0,884.0,135.0,995.0,122.0,0.8358429148423109,0.8301345574922598,3197.7000000000694,591.5747680664064,589.5631103515625,0.614469289779663,0.373486191034317,0.4649115800857543,0.3781553208827972,0.0,0.0,1.0,0.2477026597713403,0.11365762394761458,939.5,128.5,590.568939208984,284.266038083428,12686.4030707143,,,,,,,,,14.0,14.0,3155.26275,3221.88155,66.6188000000002,10.7400546310329,284.266038083428,12686.4030707143,-12563.5720061985,2.73395756793175
196,3196.9001,,,,,,Frage 1,,,,,,1.0,1243.0,144.0,1118.0,126.0,0.8448020947411234,0.8317736734409653,3214.3540000000503,592.2166748046875,590.1718139648438,0.6132640838623046,0.3737667798995971,0.4640907943248748,0.3781785368919372,0.0,0.0,1.0,0.64960407239819,0.11973807296538819,1180.5,135.0,591.194244384766,243.054495024891,-2474.29097548238,,,,,,,,,14.0,14.0,3155.26275,3221.88155,66.6188000000002,10.7400546310329,284.266038083428,12686.4030707143,-12563.5720061985,2.73395756793175
197,3213.553,,,,,,Frage 1,,,,,,1.0,1233.0,143.0,1197.0,136.0,0.8402438354659785,0.8301586621385643,3231.008999999962,591.1390991210938,589.177490234375,0.6158097386360168,0.3728236854076385,0.4659936130046844,0.3774555325508117,0.0,0.0,1.0,0.2522028550621545,0.12394761459307763,1215.0,139.5,590.158294677734,33.8345867628673,-12563.5720061985,,,,,,,,,14.0,14.0,3155.26275,3221.88155,66.6188000000002,10.7400546310329,284.266038083428,12686.4030707143,-12563.5720061985,2.73395756793175
198,3230.2101,,,,,,Frage 1,,,,,,1.0,1239.0,149.0,1198.0,134.0,0.8405309062950891,0.7858472966033059,3247.6639999999898,590.947021484375,588.943115234375,0.6149582862854003,0.3727876245975494,0.4650763571262359,0.377483069896698,0.0,0.0,1.0,0.6710972850678731,0.1258185219831618,1218.5,141.5,589.945068359375,3.07802971714578,-1846.45328693,14.0,13.0,1212.0,131.35,3221.88155,3388.4282,166.54665,0.266850557972584,,,,,,,,,,
199,3246.864,,,,,,Frage 1,,,,,,1.0,1242.0,148.0,1192.0,125.0,0.8389307984563079,0.8272714611700932,3264.31799999997,591.0340576171875,589.0237426757812,0.6148725152015686,0.3726777732372283,0.464947372674942,0.3774366974830627,0.0,0.0,1.0,0.25136628058378385,0.1211412535079513,1217.0,136.5,590.028900146484,3.15903260871888,4.86389924120467,14.0,13.0,1212.0,131.35,3221.88155,3388.4282,166.54665,0.266850557972584,,,,,,,,,,
200,3263.5173,,,,,,Frage 1,,,,,,1.0,1247.0,149.0,1186.0,128.0,0.8393501714936171,0.8282892129029493,3280.972999999998,591.2088012695312,589.1941528320312,0.614816665649414,0.3725739419460296,0.4648511409759521,0.3773763179779052,0.0,0.0,1.0,0.6699660633484161,0.4583865251020868,1216.5,138.5,590.201477050781,4.83545175114972,100.665882583683,14.0,13.0,1212.0,131.35,3221.88155,3388.4282,166.54665,0.266850557972584,,,,,,,,,,
201,3280.1737,,,,,,Frage 1,,,,,,1.0,1246.0,141.0,1186.0,121.0,0.8405608615120396,0.8296096118616286,3297.628000000026,591.0878295898438,589.0738525390625,0.6148880124092102,0.3725447654724121,0.4648892879486084,0.3773985505104064,0.0,0.0,1.0,0.6696832579185519,0.1159962581852198,1216.0,131.0,590.080841064453,18.8298875903502,840.1837035134,14.0,13.0,1212.0,131.35,3221.88155,3388.4282,166.54665,0.266850557972584,,,,,,,,,,
202,3296.8265,,,,,,Frage 1,,,,,,1.0,1224.0,121.0,1184.0,121.0,0.8367565489593061,0.8285141896017912,3314.2820000000065,591.0311889648438,589.0162353515625,0.6149048805236816,0.3724810779094696,0.464885801076889,0.3773744702339172,0.0,0.0,1.0,0.3530127046454166,0.355694469088271,1204.0,121.0,590.023712158203,16.0002947902104,-169.916938901552,14.0,13.0,1212.0,131.35,3221.88155,3388.4282,166.54665,0.266850557972584,,,,,,,,,,
203,3313.4825,,,,,,Frage 1,,,,,,1.0,1218.0,120.0,1185.0,120.0,0.8363920938197398,0.7821341723555542,3330.9370000000345,590.7853393554688,588.77294921875,0.6150089502334594,0.3725101947784423,0.4649634659290313,0.3774297535419464,0.0,0.0,1.0,0.6614819004524886,0.10570626753975676,1201.5,120.0,589.779144287109,6.53033133083511,-568.561687042225,14.0,13.0,1212.0,131.35,3221.88155,3388.4282,166.54665,0.266850557972584,,,,,,,,,,
204,3330.1376,,,,,,Frage 1,,,,,,1.0,1228.0,133.0,1191.0,119.0,0.8395049401145288,0.8293203561059749,3347.5920000000624,590.9620971679688,588.9528198242188,0.6150879859924316,0.372571051120758,0.4650252163410186,0.3775099217891693,0.0,0.0,1.0,0.6660067873303166,0.11131898971000931,1209.5,126.0,589.957458496094,12.8721604711389,380.7740055781,14.0,13.0,1212.0,131.35,3221.88155,3388.4282,166.54665,0.266850557972584,,,,,,,,,,
205,3346.7912,,,,,,Frage 1,,,,,,1.0,1232.0,137.0,1188.0,127.0,0.8398544176456199,0.8293578522224485,3364.246999999973,591.2999877929688,589.2897338867188,0.6150641441345214,0.3722907900810241,0.4649807512760162,0.3772285878658294,0.0,0.0,1.0,0.6662895927601808,0.11693171188026191,1210.0,132.0,590.294860839844,4.66854514938499,-492.603120151431,14.0,13.0,1212.0,131.35,3221.88155,3388.4282,166.54665,0.266850557972584,,,,,,,,,,
206,3363.4458,,,,,,Frage 1,,,,,,1.0,1238.0,130.0,1189.0,129.0,0.8393876155148056,0.8293792785747192,3380.901000000071,591.6690063476562,589.6611328125,0.6150964498519897,0.3722589313983917,0.4649891257286071,0.3771718442440033,0.0,0.0,1.0,0.6682692307692306,0.11459307764265664,1213.5,129.5,590.665069580078,5.6998537239289,61.9233469758458,14.0,13.0,1212.0,131.35,3221.88155,3388.4282,166.54665,0.266850557972584,,,,,,,,,,
207,3380.1001,,,,,,Frage 1,,,,,,1.0,1234.0,139.0,1193.0,136.0,0.8395923094973018,0.8295212281585121,3397.5559999999823,591.6267700195312,589.6275024414064,0.6152950525283813,0.3726625144481658,0.4651704132556915,0.377558946609497,0.0,0.0,1.0,0.6682692307692306,0.1220767072029934,1213.5,137.5,590.627136230469,16.9796707088297,677.291569438564,14.0,13.0,1212.0,131.35,3221.88155,3388.4282,166.54665,0.266850557972584,,,,,,,,,,
208,3396.7563,,,,,,Frage 1,,,,,,1.0,1215.0,138.0,1176.0,137.0,0.8362647841476992,0.8306943209453307,3414.2110000000102,592.457275390625,590.4674072265625,0.6154499650001525,0.3727912306785583,0.4653196334838867,0.3776803314685821,0.0,0.0,1.0,0.6580882352941175,0.1220767072029934,1195.5,137.5,591.462341308594,230.382579499463,12812.2206019761,,,,,,,,,15.0,15.0,3388.4282,3455.04725,66.6190499999998,25.7030797192327,536.596353660617,12812.2206019761,-6872.87831698727,176.210232062884
209,3413.4105,,,,,,Frage 1,,,,,,1.0,968.0,140.0,936.0,144.0,0.8408703987538632,0.8396719625467363,3430.8649999999907,588.3231201171875,586.4337768554688,0.6181033849716187,0.3729327917098999,0.467824250459671,0.3778425157070159,0.0,0.0,1.0,0.5203619909502262,0.1262862488306829,952.0,142.0,587.378448486328,334.669382307742,6261.89206376046,,,,,,,,,15.0,15.0,3388.4282,3455.04725,66.6190499999998,25.7030797192327,536.596353660617,12812.2206019761,-6872.87831698727,176.210232062884
210,3430.064,,,,,,Frage 1,,,,,,1.0,810.0,153.0,829.0,160.0,0.84065571969905,0.840411171700074,3447.5200000000186,588.349853515625,586.374267578125,0.6162174344062805,0.3735023736953735,0.4658442437648773,0.3783612549304962,0.0,0.0,1.0,0.445418552036199,0.13985032740879325,819.5,156.5,587.362060546875,536.596353660617,12125.1971869503,,,,,,,,,15.0,15.0,3388.4282,3455.04725,66.6190499999998,25.7030797192327,536.596353660617,12812.2206019761,-6872.87831698727,176.210232062884
211,3446.7206,,,,,,Frage 1,,,,,,1.0,354.0,210.0,316.0,179.0,0.8307505279606988,0.8321861307221753,3464.1750000000466,588.3438720703125,586.4249877929688,0.6176994442939758,0.3750970065593719,0.4668862521648407,0.3797090053558349,0.0,0.0,1.0,0.3523746703895745,0.3554879301017121,335.0,194.5,587.384429931641,422.117568685886,-6872.87831698727,,,,,,,,,15.0,15.0,3388.4282,3455.04725,66.6190499999998,25.7030797192327,536.596353660617,12812.2206019761,-6872.87831698727,176.210232062884
212,3463.3739,,,,,,Frage 1,,,,,,1.0,360.0,202.0,297.0,170.0,0.8323256731186877,0.834393045006053,3480.829000000027,588.332275390625,586.4925537109375,0.6198441982269287,0.37612846493721,0.4685220718383789,0.3807480335235595,0.0,0.0,1.0,0.1677036199095022,0.16744621141253505,328.5,186.0,587.412414550781,4.83412813918468,-25057.1022287896,15.0,14.0,335.928571428571,189.035714285714,3455.04725,3688.21225,233.165,0.163525306271513,,,,,,,,,,
213,3480.0293,,,,,,Frage 1,,,,,,1.0,373.0,208.0,289.0,172.0,0.8301514236216856,0.8312755107506723,3497.484000000055,587.5189208984375,585.77294921875,0.6218345761299133,0.373097538948059,0.4707796573638916,0.3777501285076141,0.0,0.0,1.0,0.16911764705882348,0.17118802619270343,331.0,190.0,586.645935058594,1.90498552211078,-175.867443416182,15.0,14.0,335.928571428571,189.035714285714,3455.04725,3688.21225,233.165,0.163525306271513,,,,,,,,,,
214,3496.6845,,,,,,Frage 1,,,,,,1.0,372.0,206.0,283.0,170.0,0.8297769834098024,0.8313397898074842,3514.1389999999665,586.9911499023438,585.2603149414064,0.6220588088035583,0.3729541301727294,0.4712114632129669,0.3775995075702667,0.0,0.0,1.0,0.1671380090497737,0.16931711880261924,327.5,188.0,586.125732421875,0.954041458120922,-57.0959258363678,15.0,14.0,335.928571428571,189.035714285714,3455.04725,3688.21225,233.165,0.163525306271513,,,,,,,,,,
215,3513.3373,,,,,,Frage 1,,,,,,1.0,380.0,206.0,283.0,172.0,0.8283466218004085,0.8305711194197745,3530.793000000064,586.7416381835938,585.01953125,0.6221523880958557,0.3729325234889984,0.4714504182338714,0.3775597214698791,0.0,0.0,1.0,0.16940045248868774,0.29620455249661687,331.5,189.0,585.880584716797,13.8932102157666,776.996586618793,15.0,14.0,335.928571428571,189.035714285714,3455.04725,3688.21225,233.165,0.163525306271513,,,,,,,,,,
216,3529.9937,,,,,,Frage 1,,,,,,1.0,394.0,215.0,295.0,167.0,0.8296821252227922,0.8298640497948427,3547.447999999975,586.3856811523438,584.6732788085938,0.622326672077179,0.3729128539562225,0.4717183113098144,0.3775294423103332,0.0,0.0,1.0,0.17675339366515835,0.1721234798877455,344.5,191.0,585.529479980469,5.39408388309402,-510.261901291554,15.0,14.0,335.928571428571,189.035714285714,3455.04725,3688.21225,233.165,0.163525306271513,,,,,,,,,,
217,3546.6473,,,,,,Frage 1,,,,,,1.0,388.0,220.0,288.0,156.0,0.8286761291868657,0.8234162770152621,3564.103000000003,586.4466552734375,584.7373657226562,0.622318148612976,0.3728826344013214,0.4718085825443267,0.3775040209293365,0.0,0.0,1.0,0.17307692307692304,0.16931711880261924,338.0,188.0,585.592010498047,6.51648871561855,67.3971293008429,15.0,14.0,335.928571428571,189.035714285714,3455.04725,3688.21225,233.165,0.163525306271513,,,,,,,,,,
218,3563.3023,,,,,,Frage 1,,,,,,1.0,380.0,223.0,293.0,157.0,0.8269512079441238,0.828200829199833,3580.7569999999832,586.3049926757812,584.6008911132812,0.6224002838134765,0.3728033602237701,0.4719599485397338,0.3774297833442688,0.0,0.0,1.0,0.17222850678733026,0.17118802619270343,336.5,190.0,585.452941894531,4.56783910508071,-117.000877246344,15.0,14.0,335.928571428571,189.035714285714,3455.04725,3688.21225,233.165,0.163525306271513,,,,,,,,,,
219,3579.9568,,,,,,Frage 1,,,,,,1.0,385.0,221.0,300.0,162.0,0.8285188642978748,0.8287016701841595,3597.412000000011,586.17333984375,584.4736938476562,0.6224673986434937,0.3727764189243316,0.4720805585384368,0.3773957788944244,0.0,0.0,1.0,0.17562217194570132,0.17259120673526657,342.5,191.5,585.323516845703,2.49307511715425,-124.576780325224,15.0,14.0,335.928571428571,189.035714285714,3455.04725,3688.21225,233.165,0.163525306271513,,,,,,,,,,
220,3596.6111,,,,,,Frage 1,,,,,,1.0,383.0,220.0,293.0,155.0,0.829826908771387,0.8304023868956432,3614.067000000039,586.0496215820312,584.3553466796875,0.6225523948669432,0.3727242350578308,0.4722078144550323,0.3773106634616851,0.0,0.0,1.0,0.17307692307692304,0.16884939195509818,338.0,187.5,585.202484130859,8.13436533798473,338.728749982312,15.0,14.0,335.928571428571,189.035714285714,3455.04725,3688.21225,233.165,0.163525306271513,,,,,,,,,,
221,3613.2681,,,,,,Frage 1,,,,,,1.0,377.0,222.0,288.0,161.0,0.8302687482214091,0.8307184255916352,3630.722000000067,585.7789306640625,584.0914306640625,0.6226893067359924,0.3726706802845001,0.4723679721355438,0.3772089481353759,0.0,0.0,1.0,0.16996606334841627,0.17259120673526657,332.5,191.5,584.935180664063,2.56634970373256,-334.274817449257,15.0,14.0,335.928571428571,189.035714285714,3455.04725,3688.21225,233.165,0.163525306271513,,,,,,,,,,
222,3629.9207,,,,,,Frage 1,,,,,,1.0,382.0,221.0,299.0,158.0,0.8299966550007739,0.8320656074906527,3647.376000000048,586.090087890625,584.4118041992188,0.6228257417678833,0.3727452456951141,0.4725323915481567,0.3772349059581756,0.0,0.0,1.0,0.27216910799813016,0.17072029934518235,340.5,189.5,585.250946044922,7.27156819028693,282.55158272908,15.0,14.0,335.928571428571,189.035714285714,3455.04725,3688.21225,233.165,0.163525306271513,,,,,,,,,,
223,3646.5762,,,,,,Frage 1,,,,,,1.0,382.0,216.0,297.0,157.0,0.8305882705355494,0.8326816151184342,3664.031000000075,586.21240234375,584.5444946289064,0.6230159997940063,0.3728576898574829,0.4727327823638916,0.3772865533828735,0.0,0.0,1.0,0.17392533936651583,0.1679139382600561,339.5,186.5,585.378448486328,5.42396656163984,-110.930421100965,15.0,14.0,335.928571428571,189.035714285714,3455.04725,3688.21225,233.165,0.163525306271513,,,,,,,,,,
224,3663.2316,,,,,,Frage 1,,,,,,1.0,382.0,215.0,287.0,169.0,0.8323780947483513,0.831503165743548,3680.685999999987,586.5025634765625,584.8466796875,0.6232168674468994,0.3729810714721679,0.4729483425617218,0.3773353993892669,0.0,0.0,1.0,0.27328027403665234,0.17305893358278762,334.5,192.0,585.674621582031,1.26664187855164,-249.6082161394,15.0,14.0,335.928571428571,189.035714285714,3455.04725,3688.21225,233.165,0.163525306271513,,,,,,,,,,
225,3679.8842,,,,,,Frage 1,,,,,,1.0,383.0,211.0,293.0,161.0,0.8343376651905402,0.8318567005560139,3697.339999999968,586.3609008789064,584.7194213867188,0.6235285401344299,0.3731737732887268,0.4732592403888702,0.3774745464324951,0.0,0.0,1.0,0.17307692307692304,0.16744621141253505,338.0,186.0,585.540161132813,3.51280369425052,134.883550658689,15.0,14.0,335.928571428571,189.035714285714,3455.04725,3688.21225,233.165,0.163525306271513,,,,,,,,,,
226,3696.5403,,,,,,Frage 1,,,,,,1.0,377.0,218.0,289.0,158.0,0.833915795885152,0.8369401026322274,3713.9949999999953,586.01513671875,584.38671875,0.6238404512405396,0.3732658326625824,0.4735609889030456,0.3775282204151153,0.0,0.0,1.0,0.1702488687782805,0.16931711880261924,333.0,188.0,585.200927734375,41.7504332449311,2295.71325524464,,,,,,,,,16.0,16.0,3688.21225,3754.8312,66.6189500000001,7.4001254728501,158.41652058097,4791.04548945759,-3876.74551964991,359.647053050616
227,3713.1942,,,,,,Frage 1,,,,,,1.0,424.0,214.0,354.0,166.0,0.8458019141500477,0.8398567648350708,3730.6500000000233,588.312744140625,586.66015625,0.6230443120002745,0.3733175098896026,0.472808837890625,0.377509206533432,0.0,0.0,1.0,0.20192307692307687,0.17118802619270343,389.0,190.0,587.486450195313,121.540025721808,4791.04548945759,,,,,,,,,16.0,16.0,3688.21225,3754.8312,66.6189500000001,7.4001254728501,158.41652058097,4791.04548945759,-3876.74551964991,359.647053050616
228,3729.8485,,,,,,Frage 1,,,,,,1.0,516.0,205.0,444.0,173.0,0.8384964478105233,0.8382230054744331,3747.304000000004,587.8309936523438,586.1618041992188,0.6227082014083862,0.3732849359512329,0.4724349081516265,0.3773930966854095,0.0,0.0,1.0,0.2711976153190926,0.17025257249766135,480.0,189.0,586.996398925781,158.41652058097,2214.2326521776,,,,,,,,,16.0,16.0,3688.21225,3754.8312,66.6189500000001,7.4001254728501,158.41652058097,4791.04548945759,-3876.74551964991,359.647053050616
229,3746.5037,,,,,,Frage 1,,,,,,1.0,611.0,199.0,542.0,174.0,0.8403636563337811,0.8356893393184277,3763.959000000032,585.6309204101562,583.974365234375,0.6231673955917358,0.3731676042079925,0.4728552401065826,0.3772148787975311,0.0,0.0,1.0,0.3079751131221719,0.3411032819982543,576.5,186.5,584.802642822266,93.8485486020957,-3876.74551964991,,,,,,,,,16.0,16.0,3688.21225,3754.8312,66.6189500000001,7.4001254728501,158.41652058097,4791.04548945759,-3876.74551964991,359.647053050616
230,3747.0965,,,,,,Frage 1,1.0,1.41789019107819,29.4249776904495,1.71777999401093,219.37109375,,,,,,0.6585048574425887,0.6495113533451946,,,,,,,,,,,0.37959439571535225,0.3642823432120883,,,,,,,,,,,,,,,,,,,,,,,
231,3763.1587,,,,,,Frage 1,,,,,,1.0,626.0,196.0,551.0,160.0,0.8387011417930196,0.8307827046484472,3780.61400000006,585.5855712890625,583.9403076171875,0.6233908534049987,0.3731757402420043,0.4730898439884185,0.3771615624427795,0.0,0.0,1.0,0.31476244343891396,0.15996258185219828,588.5,178.0,584.762939453125,10.9519696872206,-4977.27883007364,16.0,15.0,583.882352941177,177.5,3754.8312,4037.96135,283.13015,0.279091182872538,,,,,,,,,,
232,3779.813,,,,,,Frage 1,,,,,,1.0,618.0,207.0,560.0,163.0,0.8361624371564512,0.8281633330833593,3797.26800000004,586.244140625,584.5977783203125,0.6232662200927734,0.3729940056800842,0.4729977846145629,0.376924842596054,0.0,0.0,1.0,0.3150452488687782,0.16651075771749296,589.0,185.0,585.420959472656,12.2521999675057,78.0717460526744,16.0,15.0,583.882352941177,177.5,3754.8312,4037.96135,283.13015,0.279091182872538,,,,,,,,,,
233,3796.4677,,,,,,Frage 1,,,,,,1.0,620.0,205.0,569.0,177.0,0.8377850114079451,0.8318459873798786,3813.923000000068,586.6939086914064,585.052001953125,0.6232935190200805,0.3729107975959777,0.4730440378189086,0.3767933845520019,0.0,0.0,1.0,0.27287124705852395,0.1721234798877455,594.5,191.0,585.872955322266,3.81890831874882,-506.361066170921,16.0,15.0,583.882352941177,177.5,3754.8312,4037.96135,283.13015,0.279091182872538,,,,,,,,,,
234,3813.1221,,,,,,Frage 1,,,,,,1.0,628.0,196.0,558.0,178.0,0.8384440261808597,0.8321700609579724,3830.57799999998,587.0520629882812,585.4146118164064,0.6233534216880798,0.3728967308998107,0.4730908572673797,0.3767303526401519,0.0,0.0,1.0,0.31730769230769224,0.16838166510757713,593.0,187.0,586.233337402344,9.57326154740944,345.515493122578,16.0,15.0,583.882352941177,177.5,3754.8312,4037.96135,283.13015,0.279091182872538,,,,,,,,,,
235,3829.7778,,,,,,Frage 1,,,,,,1.0,612.0,192.0,558.0,178.0,0.8399649656171982,0.8323146888357993,3847.23199999996,587.5858154296875,585.9536743164064,0.6234073042869567,0.3729636669158935,0.4731454849243164,0.3767500519752502,0.0,0.0,1.0,0.3127828054298642,0.16651075771749296,585.0,185.0,586.769744873047,9.14864827631615,-25.4935710353394,16.0,15.0,583.882352941177,177.5,3754.8312,4037.96135,283.13015,0.279091182872538,,,,,,,,,,
236,3846.4326,,,,,,Frage 1,,,,,,1.0,604.0,195.0,561.0,181.0,0.8374380301449333,0.8334476072121102,3863.886999999988,588.2024536132812,586.5742797851562,0.6234165430068969,0.3730610609054565,0.4731628596782684,0.376803308725357,0.0,0.0,1.0,0.31136877828054293,0.16931711880261924,582.5,188.0,587.388366699219,4.58749678024175,-273.864080990125,16.0,15.0,583.882352941177,177.5,3754.8312,4037.96135,283.13015,0.279091182872538,,,,,,,,,,
237,3863.0863,,,,,,Frage 1,,,,,,1.0,608.0,189.0,552.0,177.0,0.8384565075212558,0.8313799642179918,3880.542000000016,588.4224853515625,586.797607421875,0.6234629154205322,0.3730899393558502,0.4732050895690918,0.3767989873886108,0.0,0.0,1.0,0.3099547511312217,0.16463985032740874,580.0,183.0,587.610046386719,8.26110573531635,220.588154888982,16.0,15.0,583.882352941177,177.5,3754.8312,4037.96135,283.13015,0.279091182872538,,,,,,,,,,
238,3879.7429,,,,,,Frage 1,,,,,,1.0,614.0,188.0,548.0,169.0,0.8384540112531766,0.8312996153969767,3897.197000000044,588.7797241210938,587.1553344726562,0.6234354972839355,0.3730400204658508,0.4731742143630981,0.3767211139202117,0.0,0.0,1.0,0.3105203619909502,0.16043030869971933,581.0,178.5,587.967529296875,8.08789533879868,-10.3989047295166,16.0,15.0,583.882352941177,177.5,3754.8312,4037.96135,283.13015,0.279091182872538,,,,,,,,,,
239,3896.3955,,,,,,Frage 1,,,,,,1.0,606.0,186.0,548.0,162.0,0.8366242467511071,0.8309353674083756,3913.851000000024,589.0741577148438,587.4501342773438,0.62341970205307,0.3729709684848785,0.4731440544128418,0.3766286075115203,0.0,0.0,1.0,0.30825791855203616,0.15622076707202992,577.0,174.0,588.262145996094,7.27357173409785,-48.900688463113,16.0,15.0,583.882352941177,177.5,3754.8312,4037.96135,283.13015,0.279091182872538,,,,,,,,,,
240,3913.0517,,,,,,Frage 1,,,,,,1.0,606.0,181.0,546.0,162.0,0.8392017734924774,0.8311576658131837,3930.506000000052,589.5653076171875,587.9385986328125,0.6233144402503967,0.3729962706565856,0.4730356037616729,0.3766442239284515,0.0,0.0,1.0,0.3076923076923076,0.15388213283442467,576.0,171.5,588.751953125,2.46436145483978,-288.733941670855,16.0,15.0,583.882352941177,177.5,3754.8312,4037.96135,283.13015,0.279091182872538,,,,,,,,,,
241,3929.7068,,,,,,Frage 1,,,,,,1.0,610.0,190.0,549.0,161.0,0.8390056864986846,0.8308335922350899,3947.160999999964,589.8880004882812,588.2589721679688,0.6232523322105407,0.372793823480606,0.4729650616645813,0.3764569461345672,0.0,0.0,1.0,0.3096719457013574,0.15762394761459303,579.5,175.5,589.073486328125,3.75978908234652,77.7796367182872,16.0,15.0,583.882352941177,177.5,3754.8312,4037.96135,283.13015,0.279091182872538,,,,,,,,,,
242,3946.3595,,,,,,Frage 1,,,,,,1.0,602.0,196.0,557.0,142.0,0.8395214465046582,0.8313879991000935,3963.815000000061,590.2415771484375,588.60888671875,0.6231478452682495,0.372679591178894,0.4728713929653167,0.3763777911663055,0.0,0.0,1.0,0.3096719457013574,0.1515434985968194,579.5,169.0,589.425231933594,9.16292026969262,324.45976852679,16.0,15.0,583.882352941177,177.5,3754.8312,4037.96135,283.13015,0.279091182872538,,,,,,,,,,
243,3963.0164,,,,,,Frage 1,,,,,,1.0,613.0,201.0,565.0,141.0,0.8416092941053127,0.8325155608883366,3980.469999999972,590.6456909179688,589.0097045898438,0.6230493187904357,0.3726324141025543,0.4727755784988403,0.3763512074947357,0.0,0.0,1.0,0.3150452488687782,0.15341440598690362,589.0,171.0,589.827697753906,8.27186776159921,-53.494498261586,16.0,15.0,583.882352941177,177.5,3754.8312,4037.96135,283.13015,0.279091182872538,,,,,,,,,,
244,3979.6697,,,,,,Frage 1,,,,,,1.0,609.0,200.0,569.0,142.0,0.8430571295912611,0.8336699056169183,3997.125,590.97216796875,589.3341064453125,0.6229844093322753,0.3726179599761962,0.4727099239826202,0.3763519823551178,0.0,0.0,1.0,0.3150452488687782,0.15341440598690362,589.0,171.0,590.153137207031,6.1874062677678,-125.168074425574,16.0,15.0,583.882352941177,177.5,3754.8312,4037.96135,283.13015,0.279091182872538,,,,,,,,,,
245,3996.3246,,,,,,Frage 1,,,,,,1.0,601.0,192.0,563.0,146.0,0.8427975177110221,0.8366883429930472,4013.778999999981,591.1326293945312,589.4917602539064,0.6229217648506165,0.3726794719696044,0.4726417958736419,0.3764338195323944,0.0,0.0,1.0,0.3110859728506787,0.1515434985968194,582.0,169.0,590.312194824219,5.08300086297934,-66.3111399521137,16.0,15.0,583.882352941177,177.5,3754.8312,4037.96135,283.13015,0.279091182872538,,,,,,,,,,
246,4012.9793,,,,,,Frage 1,,,,,,1.0,605.0,193.0,562.0,153.0,0.84315698031443,0.823459284787378,4030.434000000008,591.2332153320312,589.5906372070312,0.6228823065757751,0.3727674484252929,0.4725996553897857,0.3765349984169006,0.0,0.0,1.0,0.31193438914027144,0.1552853133769878,583.5,173.0,590.411926269531,4.3373486526754,-44.7712783961252,16.0,15.0,583.882352941177,177.5,3754.8312,4037.96135,283.13015,0.279091182872538,,,,,,,,,,
247,4029.6339,,,,,,Frage 1,,,,,,1.0,600.0,188.0,554.0,148.0,0.8436811966110666,0.8363214167104123,4047.089000000036,591.3619384765625,589.7177124023438,0.6228418350219725,0.3728774189949035,0.4725527465343475,0.3766542375087738,0.0,0.0,1.0,0.30825791855203616,0.15060804490177732,577.0,168.0,590.539825439453,7.77304647257943,206.29122404045,16.0,15.0,583.882352941177,177.5,3754.8312,4037.96135,283.13015,0.279091182872538,,,,,,,,,,
248,4046.2888,,,,,,Frage 1,,,,,,1.0,599.0,182.0,551.0,157.0,0.8446247859450124,0.8379739241292867,4063.7430000000168,591.5018310546875,589.855712890625,0.6227954626083374,0.372907668352127,0.472491830587387,0.3766733109951019,0.0,0.0,1.0,0.30712669683257915,0.15201122544434045,575.0,169.5,590.678771972656,50.2343527182392,2549.47830642392,,,,,,,,,17.0,17.0,4037.96135,4104.57955,66.6182000000008,8.87923587781443,209.318810760015,9552.61404760398,-9038.09846064888,135.343908111814
249,4062.9423,,,,,,Frage 1,,,,,,1.0,573.0,213.0,508.0,212.0,0.8467840578335389,0.8449294537351492,4080.3980000000447,592.7359619140625,591.094482421875,0.6227624416351318,0.3732540309429168,0.4724971055984497,0.3770015239715576,0.0,0.0,1.0,0.2876131221719457,0.19223573433115057,540.5,212.5,591.915222167969,209.318810760015,9552.61404760398,,,,,,,,,17.0,17.0,4037.96135,4104.57955,66.6182000000008,8.87923587781443,209.318810760015,9552.61404760398,-9038.09846064888,135.343908111814
250,4079.597,,,,,,Frage 1,,,,,,1.0,447.0,320.0,349.0,349.0,0.8511475344360182,0.8508618750200873,4097.053000000073,591.3818969726562,589.783447265625,0.623828649520874,0.3738936781883239,0.4736139178276062,0.3777331113815307,0.0,0.0,1.0,0.32867914489821354,0.3063610851262862,398.0,334.5,590.582672119141,207.132426349119,-131.277321770829,,,,,,,,,17.0,17.0,4037.96135,4104.57955,66.6182000000008,8.87923587781443,209.318810760015,9552.61404760398,-9038.09846064888,135.343908111814
251,4096.2523,,,,,,Frage 1,,,,,,1.0,418.0,370.0,313.0,383.0,0.8526003624581252,0.8490433133711154,4113.707000000053,589.426025390625,587.8492431640625,0.6244722604751586,0.3739935457706451,0.474305510520935,0.3779057562351226,0.0,0.0,1.0,0.18863122171945698,0.3456501403180542,365.5,376.5,588.637634277344,56.6001850574744,-9038.09846064888,,,,,,,,,17.0,17.0,4037.96135,4104.57955,66.6182000000008,8.87923587781443,209.318810760015,9552.61404760398,-9038.09846064888,135.343908111814
252,4112.9068,,,,,,Frage 1,,,,,,1.0,433.0,398.0,333.0,398.0,0.8508979076280961,0.8452347792550059,4130.361999999965,589.6107788085938,588.022216796875,0.6241819858551025,0.3736542165279388,0.4740316569805145,0.3775696158409118,0.0,0.0,1.0,0.19852941176470582,0.3657623947614593,383.0,398.0,588.816497802734,27.5239004093405,-1745.85155051995,17.0,16.0,371.0,401.571428571429,4104.57955,4221.1622,116.582649999999,0.241228957273687,,,,,,,,,,
253,4129.5627,,,,,,Frage 1,,,,,,1.0,415.0,411.0,328.0,405.0,0.847787557601386,0.8469407229232149,4147.016999999993,589.6600341796875,588.0733642578125,0.6242207884788513,0.3735259473323822,0.4740621447563171,0.3774237632751464,0.0,0.0,1.0,0.192024886877828,0.3751169317118802,371.5,408.0,588.86669921875,19.4120411104405,-487.026176844225,17.0,16.0,371.0,401.571428571429,4104.57955,4221.1622,116.582649999999,0.241228957273687,,,,,,,,,,
254,4146.2167,,,,,,Frage 1,,,,,,1.0,403.0,413.0,317.0,391.0,0.8489907588155708,0.846477507686704,4163.6720000000205,589.5465698242188,587.9636840820312,0.6243206262588501,0.3735302090644836,0.4741513729095459,0.3774256110191345,0.0,0.0,1.0,0.18552036199095018,0.36950420954162766,360.0,402.0,588.755126953125,9.5897775045065,-589.784052235753,17.0,16.0,371.0,401.571428571429,4104.57955,4221.1622,116.582649999999,0.241228957273687,,,,,,,,,,
255,4162.8711,,,,,,Frage 1,,,,,,1.0,410.0,410.0,325.0,385.0,0.8498894153240906,0.8456070621257085,4180.326000000001,589.591796875,588.0132446289064,0.6244255304336547,0.3735946118831634,0.4742329120635986,0.3774784803390502,0.0,0.0,1.0,0.189762443438914,0.3652946679139382,367.5,397.5,588.802520751953,15.0618326596746,328.565133248148,17.0,16.0,371.0,401.571428571429,4104.57955,4221.1622,116.582649999999,0.241228957273687,,,,,,,,,,
256,4179.5258,,,,,,Frage 1,,,,,,1.0,422.0,410.0,333.0,385.0,0.8506158293351441,0.8460677286995275,4196.981000000029,589.5719604492188,587.997802734375,0.6245366334915161,0.3736395537853241,0.474319964647293,0.3775146901607513,0.0,0.0,1.0,0.19541855203619904,0.3046366928272012,377.5,397.5,588.784881591797,5.14576273683365,-595.391686601433,17.0,16.0,371.0,401.571428571429,4104.57955,4221.1622,116.582649999999,0.241228957273687,,,,,,,,,,
257,4196.18,,,,,,Frage 1,,,,,,1.0,413.0,415.0,329.0,390.0,0.8506932136455999,0.8472060036639063,4213.636000000057,589.302001953125,587.7306518554688,0.6246535778045654,0.3736504018306732,0.4743986129760742,0.3775318264961242,0.0,0.0,1.0,0.19174208144796376,0.3699719363891487,371.0,402.5,588.516326904297,11.5540207419241,384.783298212492,17.0,16.0,371.0,401.571428571429,4104.57955,4221.1622,116.582649999999,0.241228957273687,,,,,,,,,,
258,4212.8353,,,,,,Frage 1,,,,,,1.0,401.0,416.0,332.0,395.0,0.8520736498934096,0.8472247517221432,4230.290000000037,589.1668090820312,587.5962524414064,0.6246902346611022,0.3736611604690551,0.4744216501712799,0.3775394558906555,0.0,0.0,1.0,0.35801916320264077,0.372778297474275,366.5,405.5,588.381530761719,5.36838739008241,-371.391289970274,17.0,16.0,371.0,401.571428571429,4104.57955,4221.1622,116.582649999999,0.241228957273687,,,,,,,,,,
259,4229.4891,,,,,,Frage 1,,,,,,1.0,402.0,411.0,328.0,389.0,0.8531370600951578,0.8466114223883956,4246.945000000065,589.1266479492188,587.5584106445312,0.6247472167015075,0.3736650645732879,0.4744727611541748,0.3775352537631988,0.0,0.0,1.0,0.18834841628959273,0.36763330215154344,365.0,400.0,588.342529296875,37.0386174790279,1901.68190376643,,,,,,,,,18.0,18.0,4221.1622,4271.1266,49.9643999999999,2.11000462233182,56.7129348560297,1901.68190376643,-956.252794399508,193.736268305623
260,4246.1461,,,,,,Frage 1,,,,,,1.0,366.0,404.0,279.0,386.0,0.854839514925187,0.8471658292533988,4263.599999999977,587.9482421875,586.3994140625,0.6253295540809631,0.3735460937023162,0.4749919176101684,0.3774236142635345,0.0,0.0,1.0,0.16430995475113114,0.36295603367633295,322.5,395.0,587.173828125,56.7129348560297,1181.14410620169,,,,,,,,,18.0,18.0,4221.1622,4271.1266,49.9643999999999,2.11000462233182,56.7129348560297,1901.68190376643,-956.252794399508,193.736268305623
261,4262.7999,,,,,,Frage 1,,,,,,1.0,346.0,395.0,249.0,372.0,0.8562823578749771,0.848695135146717,4280.254000000074,587.3023071289064,585.7695922851562,0.6257680058479309,0.3734257221221923,0.4753966629505157,0.3772909641265869,0.0,0.0,1.0,0.15016968325791857,0.3521983161833489,297.5,383.5,586.535949707031,40.7876920686592,-956.252794399508,,,,,,,,,18.0,18.0,4221.1622,4271.1266,49.9643999999999,2.11000462233182,56.7129348560297,1901.68190376643,-956.252794399508,193.736268305623
262,4279.4533,,,,,,Frage 1,,,,,,1.0,333.0,373.0,221.0,374.0,0.8472401746873485,0.8478675422902628,4296.908999999985,587.9427490234375,586.406494140625,0.6255998015403746,0.3733589947223663,0.4752433598041534,0.377174824476242,0.0,0.0,1.0,0.13857466063348411,0.3428437792329279,277.0,373.5,587.174621582031,23.366620761735,-1046.09697160484,18.0,17.0,298.1,384.1,4271.1266,4854.04025,582.91365,0.623692434777604,,,,,,,,,,
263,4296.1097,,,,,,Frage 1,,,,,,1.0,319.0,376.0,218.0,391.0,0.8562723728026601,0.8507922393752076,4313.564000000013,588.2010498046875,586.6683349609375,0.6256415843963623,0.3733350336551666,0.4752862155437469,0.3771201372146606,0.0,0.0,1.0,0.1337669683257918,0.3521983161833489,268.5,383.5,587.434692382813,7.72913335375004,-938.827562257457,18.0,17.0,298.1,384.1,4271.1266,4854.04025,582.91365,0.623692434777604,,,,,,,,,,
264,4312.7627,,,,,,Frage 1,,,,,,1.0,331.0,377.0,221.0,388.0,0.8586388349417623,0.8523938592074393,4330.2179999999935,588.000244140625,586.4767456054688,0.6258746981620787,0.3733724653720855,0.4754787385463714,0.3771192133426666,0.0,0.0,1.0,0.13800904977375555,0.3512628624883068,276.0,382.5,587.238494873047,12.4471516018884,283.313411886041,18.0,17.0,298.1,384.1,4271.1266,4854.04025,582.91365,0.623692434777604,,,,,,,,,,
265,4329.4189,,,,,,Frage 1,,,,,,1.0,331.0,367.0,228.0,380.0,0.8596623048542431,0.8528089947826832,4346.8730000000205,587.7221069335938,586.2057495117188,0.6260729432106018,0.3735052645206451,0.4756284058094024,0.3771982491016387,0.0,0.0,1.0,0.13998868778280538,0.3428437792329279,279.5,373.5,586.963928222656,9.56504823619187,-173.034867838797,18.0,17.0,298.1,384.1,4271.1266,4854.04025,582.91365,0.623692434777604,,,,,,,,,,
266,4346.0733,,,,,,Frage 1,,,,,,1.0,329.0,382.0,246.0,378.0,0.8607357001283082,0.8529937970710176,4363.528000000049,587.1807250976562,585.6732788085938,0.6263306140899658,0.3735455274581909,0.4758617281913757,0.3772246539592742,0.0,0.0,1.0,0.14451357466063347,0.3489242282507015,287.5,380.0,586.427001953125,14.2274256240273,279.948685502651,18.0,17.0,298.1,384.1,4271.1266,4854.04025,582.91365,0.623692434777604,,,,,,,,,,
267,4362.7266,,,,,,Frage 1,,,,,,1.0,338.0,394.0,249.0,374.0,0.8611575694336967,0.8630036472223811,4380.18200000003,586.7151489257812,585.216552734375,0.6265782117843627,0.373611956834793,0.4760843813419342,0.3772817850112915,0.0,0.0,1.0,0.1479072398190045,0.3526660430308699,293.5,384.0,585.965850830078,6.02338484369432,-492.63754212877,18.0,17.0,298.1,384.1,4271.1266,4854.04025,582.91365,0.623692434777604,,,,,,,,,,
268,4379.3824,,,,,,Frage 1,,,,,,1.0,329.0,396.0,237.0,375.0,0.861105147804033,0.8488504762006792,4396.837000000058,586.5042114257812,585.0098266601562,0.6266902685165405,0.373644083738327,0.4761897921562194,0.3772943615913391,0.0,0.0,1.0,0.14196832579185514,0.35406922357343307,283.0,385.5,585.757019042969,9.11866017892098,185.837686285053,18.0,17.0,298.1,384.1,4271.1266,4854.04025,582.91365,0.623692434777604,,,,,,,,,,
269,4396.0366,,,,,,Frage 1,,,,,,1.0,329.0,387.0,239.0,369.0,0.861554476058293,0.8486496041481418,4413.491999999968,586.5938110351562,585.1076049804688,0.626852810382843,0.3736355304718017,0.4763533174991607,0.3772582113742828,0.0,0.0,1.0,0.14253393665158365,0.34705332086061735,284.0,378.0,585.850708007813,6.68278522785424,-146.261900965927,18.0,17.0,298.1,384.1,4271.1266,4854.04025,582.91365,0.623692434777604,,,,,,,,,,
270,4412.6923,,,,,,Frage 1,,,,,,1.0,325.0,387.0,230.0,372.0,0.8614296626543319,0.8639726169119324,4430.146999999997,586.7951049804688,585.3141479492188,0.6269429326057434,0.3735550940036773,0.4764367043972015,0.377145767211914,0.0,0.0,1.0,0.13885746606334837,0.3484565014031805,277.5,379.5,586.054626464844,16.2506988673101,574.452808315244,18.0,17.0,298.1,384.1,4271.1266,4854.04025,582.91365,0.623692434777604,,,,,,,,,,
271,4429.3468,,,,,,Frage 1,,,,,,1.0,325.0,392.0,231.0,400.0,0.8611675545060136,0.8547668277214145,4446.800999999978,587.1719970703125,585.7000732421875,0.6270962953567504,0.3735223412513732,0.4765822291374206,0.3770666420459747,0.0,0.0,1.0,0.13914027149321262,0.36389148737137506,278.0,396.0,586.43603515625,12.9151257727294,-200.280590505902,18.0,17.0,298.1,384.1,4271.1266,4854.04025,582.91365,0.623692434777604,,,,,,,,,,
272,4446.0001,,,,,,Frage 1,,,,,,1.0,330.0,389.0,235.0,399.0,0.861105147804033,0.8548391416603282,4463.456000000006,587.213623046875,585.7531127929688,0.6273366212844848,0.3736251592636108,0.4768118560314178,0.3771268427371978,0.0,0.0,1.0,0.1416855203619909,0.3620205799812909,282.5,394.0,586.483367919922,9.97053133295339,-176.817474000711,18.0,17.0,298.1,384.1,4271.1266,4854.04025,582.91365,0.623692434777604,,,,,,,,,,
273,4462.6563,,,,,,Frage 1,,,,,,1.0,317.0,385.0,230.0,385.0,0.8580297455304321,0.8492040110131452,4480.1110000000335,587.358154296875,585.91015625,0.6275829076766967,0.3737927079200744,0.4770510196685791,0.3772433102130889,0.0,0.0,1.0,0.1365950226244343,0.353601496725912,273.5,385.0,586.634155273438,11.2407632783711,76.2618091412046,18.0,17.0,298.1,384.1,4271.1266,4854.04025,582.91365,0.623692434777604,,,,,,,,,,
274,4479.3092,,,,,,Frage 1,,,,,,1.0,317.0,380.0,232.0,386.0,0.7448582670825282,0.7538394612691114,4496.765000000014,586.9552001953125,585.5254516601562,0.6280121207237243,0.3739780485630035,0.4774659574031829,0.3773687481880188,0.0,0.0,1.0,0.13716063348416285,0.35173058933582785,274.5,383.0,586.240325927734,6.70932166497999,-272.111260704807,18.0,17.0,298.1,384.1,4271.1266,4854.04025,582.91365,0.623692434777604,,,,,,,,,,
275,4495.9652,,,,,,Frage 1,,,,,,1.0,320.0,387.0,235.0,397.0,0.859505039965252,0.8529830838948823,4513.420000000042,586.8142700195312,585.4035034179688,0.6284246444702148,0.3741666674613952,0.4778690636157989,0.3774870634078979,0.0,0.0,1.0,0.13885746606334837,0.36014967259120667,277.5,392.0,586.10888671875,5.67890066628379,-61.8648534279665,18.0,17.0,298.1,384.1,4271.1266,4854.04025,582.91365,0.623692434777604,,,,,,,,,,
276,4512.6199,,,,,,Frage 1,,,,,,1.0,326.0,383.0,237.0,385.0,0.850517334570853,0.8515743012330866,4530.07500000007,586.6366577148438,585.2429809570312,0.6287989616394043,0.3743647336959838,0.4782280027866363,0.3776086866855621,0.0,0.0,1.0,0.1411199095022624,0.3526660430308699,281.5,384.0,585.939819335938,20.0785817006019,864.601646040943,18.0,17.0,298.1,384.1,4271.1266,4854.04025,582.91365,0.623692434777604,,,,,,,,,,
277,4529.2731,,,,,,Frage 1,,,,,,1.0,334.0,379.0,230.0,359.0,0.8554835520896262,0.8447821475632881,4546.729000000049,586.4451293945312,585.0715942382812,0.6292338371276855,0.3744546771049499,0.4786443412303924,0.3775956928730011,0.0,0.0,1.0,0.14140271493212658,0.2871357420407188,282.0,369.0,585.758361816406,13.8714133613532,-372.73126721882,18.0,17.0,298.1,384.1,4271.1266,4854.04025,582.91365,0.623692434777604,,,,,,,,,,
278,4545.9298,,,,,,Frage 1,,,,,,1.0,344.0,390.0,247.0,360.0,0.8529947728146422,0.8440134771755783,4563.383999999962,586.9365234375,585.570556640625,0.6293070316314697,0.3745346367359161,0.4787333309650421,0.3775840401649475,0.0,0.0,1.0,0.1490384615384615,0.2896095399059516,295.5,375.0,586.253540039063,21.9512725958791,485.081632888031,18.0,17.0,298.1,384.1,4271.1266,4854.04025,582.91365,0.623692434777604,,,,,,,,,,
279,4562.5829,,,,,,Frage 1,,,,,,1.0,343.0,388.0,252.0,393.0,0.8520037543871912,0.8499485767545506,4580.03899999999,586.9766235351562,585.6233520507812,0.6295452117919921,0.3746425509452819,0.4789692461490631,0.3775914907455444,0.0,0.0,1.0,0.15016968325791857,0.35874649204864356,297.5,390.5,586.299987792969,18.1013292488636,-231.184785236106,18.0,17.0,298.1,384.1,4271.1266,4854.04025,582.91365,0.623692434777604,,,,,,,,,,
280,4579.2389,,,,,,Frage 1,,,,,,1.0,354.0,385.0,263.0,400.0,0.8503961577441727,0.848376418156691,4596.692999999969,586.5560302734375,585.2198486328125,0.6299350261688232,0.3746779263019561,0.4793339371681213,0.3775167167186737,0.0,0.0,1.0,0.1563914027149321,0.3606173994387277,308.5,392.5,585.887939453125,13.4189750967601,-281.121166672882,18.0,17.0,298.1,384.1,4271.1266,4854.04025,582.91365,0.623692434777604,,,,,,,,,,
281,4595.901,,,,,,Frage 1,,,,,,1.0,360.0,389.0,266.0,382.0,0.8496672474650399,0.8442652368147585,4613.347999999998,585.9153442382812,584.5927124023438,0.6302775740623474,0.3746150135993957,0.4796437323093414,0.3773577213287353,0.0,0.0,1.0,0.3502786992411302,0.35406922357343307,313.0,385.5,585.254028320313,7.77995582269308,-338.433887329156,18.0,17.0,298.1,384.1,4271.1266,4854.04025,582.91365,0.623692434777604,,,,,,,,,,
282,4612.547,,,,,,Frage 1,,,,,,1.0,363.0,400.0,273.0,387.0,0.8478924008607133,0.8422859775237566,4630.003000000025,585.4064331054688,584.0944213867188,0.6305450797080993,0.3745009303092956,0.4798881113529205,0.3771642744541168,0.0,0.0,1.0,0.1617647058823529,0.29373245828442085,318.0,393.5,584.750427246094,16.3982742507559,517.741104653545,18.0,17.0,298.1,384.1,4271.1266,4854.04025,582.91365,0.623692434777604,,,,,,,,,,
283,4629.2099,,,,,,Frage 1,,,,,,1.0,362.0,398.0,278.0,409.0,0.8460676288948024,0.8439358066485971,4646.657000000007,584.7316284179688,583.4304809570312,0.6308287382125854,0.3744434416294097,0.4801573455333709,0.3770255148410797,0.0,0.0,1.0,0.16289592760180988,0.2940990818372201,320.0,403.5,584.0810546875,8.74833511322916,-459.100104875296,18.0,17.0,298.1,384.1,4271.1266,4854.04025,582.91365,0.623692434777604,,,,,,,,,,
284,4645.8567,,,,,,Frage 1,,,,,,1.0,361.0,394.0,268.0,412.0,0.8437985212107899,0.8418735202425464,4663.3120000000345,584.2735595703125,582.9796142578125,0.6310124993324279,0.3744496703147888,0.4803211092948913,0.3769490718841552,0.0,0.0,1.0,0.15978506787330315,0.3704396632366697,314.5,403.0,583.626586914063,8.49638786389575,-15.1348757318763,18.0,17.0,298.1,384.1,4271.1266,4854.04025,582.91365,0.623692434777604,,,,,,,,,,
285,4662.5124,,,,,,Frage 1,,,,,,1.0,366.0,396.0,287.0,396.0,0.840925316651606,0.839979966360627,4679.967000000062,583.9491577148438,582.6652221679688,0.6312506198883056,0.3744672536849975,0.4805435240268707,0.3769002854824066,0.0,0.0,1.0,0.1665723981900452,0.36389148737137506,326.5,396.0,583.307189941406,8.02073716078674,-28.5578332408142,18.0,17.0,298.1,384.1,4271.1266,4854.04025,582.91365,0.623692434777604,,,,,,,,,,
286,4679.1673,,,,,,Frage 1,,,,,,1.0,366.0,398.0,282.0,404.0,0.8399667497091848,0.8390131022144135,4696.621999999974,583.873779296875,582.5950927734375,0.6313483715057373,0.37448650598526,0.4806328415870666,0.3768502473831176,0.0,0.0,1.0,0.16515837104072392,0.36856875584658555,324.0,401.0,583.234436035156,4.11896285894958,-234.271854039175,18.0,17.0,298.1,384.1,4271.1266,4854.04025,582.91365,0.623692434777604,,,,,,,,,,
287,4695.8204,,,,,,Frage 1,,,,,,1.0,377.0,400.0,266.0,391.0,0.8398094848201939,0.8354643626195859,4713.276000000071,583.9706420898438,582.700439453125,0.631518006324768,0.3745065629482269,0.480785995721817,0.376821756362915,0.0,0.0,1.0,0.16374434389140266,0.2943728782203339,321.5,395.5,583.335540771484,19.8044218680544,941.894242459679,18.0,17.0,298.1,384.1,4271.1266,4854.04025,582.91365,0.623692434777604,,,,,,,,,,
288,4712.4766,,,,,,Frage 1,,,,,,1.0,366.0,381.0,264.0,378.0,0.8389382872605455,0.8357080873766646,4729.930999999982,584.157470703125,582.8931884765625,0.6316041946411132,0.3744439780712127,0.4808874130249023,0.3767112493515014,0.0,0.0,1.0,0.16006787330316735,0.3484565014031805,315.0,379.5,583.525329589844,16.0382124902219,-226.11456261527,18.0,17.0,298.1,384.1,4271.1266,4854.04025,582.91365,0.623692434777604,,,,,,,,,,
289,4729.133,,,,,,Frage 1,,,,,,1.0,360.0,381.0,259.0,380.0,0.8394150744636769,0.8356036339093451,4746.586000000009,584.37744140625,583.121337890625,0.6317333579063416,0.3742865920066833,0.4810287952423095,0.3764986395835876,0.0,0.0,1.0,0.1569570135746606,0.3493919550982226,309.5,380.5,583.749389648438,7.75259293716163,-497.443598440259,18.0,17.0,298.1,384.1,4271.1266,4854.04025,582.91365,0.623692434777604,,,,,,,,,,
290,4745.7844,,,,,,Frage 1,,,,,,1.0,363.0,371.0,266.0,370.0,0.8393351938851418,0.8407642990374342,4763.239999999992,584.44140625,583.19482421875,0.6319087743759155,0.3742564916610717,0.481216162443161,0.3764204382896423,0.0,0.0,1.0,0.15978506787330315,0.34003741814780164,314.5,370.5,583.818115234375,6.41792647806355,-80.1534080676762,18.0,17.0,298.1,384.1,4271.1266,4854.04025,582.91365,0.623692434777604,,,,,,,,,,
291,4758.7236,,,,,,Frage 1,1.0,2.69353199005127,29.4264545028009,1.15955352783203,219.44140625,,,,,,0.6585048574425887,0.6495113533451946,,,,,,,,,,,0.37959439571535225,0.3642823432120883,,,,,,,,,,,,,,,,,,,,,,,
292,4762.4407,,,,,,Frage 1,,,,,,1.0,360.0,369.0,264.0,378.0,0.8391080334899328,0.8407818412721284,4779.895000000019,584.2990112304688,583.0608520507812,0.6320993900299072,0.3741647005081176,0.4814004302024841,0.3762910664081573,0.0,0.0,1.0,0.1583710407239819,0.3428437792329279,312.0,373.5,583.679931640625,10.3362117269455,235.243436350317,18.0,17.0,298.1,384.1,4271.1266,4854.04025,582.91365,0.623692434777604,,,,,,,,,,
293,4779.0942,,,,,,Frage 1,,,,,,1.0,361.0,377.0,269.0,388.0,0.8387111268653363,0.8388711526306205,4796.550000000048,584.1636352539064,582.9328002929688,0.6322612762451171,0.3740863800048828,0.4815629422664642,0.3761724829673767,0.0,0.0,1.0,0.16006787330316735,0.3512628624883068,315.0,382.5,583.548217773438,0.430381327941407,-594.819731528171,18.0,17.0,298.1,384.1,4271.1266,4854.04025,582.91365,0.623692434777604,,,,,,,,,,
294,4795.7493,,,,,,Frage 1,,,,,,1.0,352.0,374.0,272.0,374.0,0.8385164179551571,0.8402379133385884,4813.204000000027,583.9320068359375,582.709228515625,0.6324473619461058,0.3741024136543273,0.4817480444908142,0.3761471807956695,0.0,0.0,1.0,0.1583710407239819,0.34331150608044897,312.0,374.0,583.320617675781,10.7659614601271,620.565480374491,18.0,17.0,298.1,384.1,4271.1266,4854.04025,582.91365,0.623692434777604,,,,,,,,,,
295,4812.4044,,,,,,Frage 1,,,,,,1.0,358.0,370.0,261.0,372.0,0.8381419777432739,0.8331663863385578,4829.859000000055,583.9835205078125,582.763671875,0.6324963569641113,0.3742055594921112,0.4817780256271362,0.3761936426162719,0.0,0.0,1.0,0.1569570135746606,0.3405051449953227,309.5,371.0,583.373596191406,5.00305045774418,-346.014794410299,18.0,17.0,298.1,384.1,4271.1266,4854.04025,582.91365,0.623692434777604,,,,,,,,,,
296,4829.058,,,,,,Frage 1,,,,,,1.0,366.0,371.0,266.0,386.0,0.837467985361884,0.8389273968053309,4846.513999999967,583.8135986328125,582.5975341796875,0.632601261138916,0.3743209540843963,0.4818492531776428,0.376264214515686,0.0,0.0,1.0,0.16063348416289588,0.3475210477081384,316.0,378.5,583.20556640625,5.34117824200742,20.3035850664871,18.0,17.0,298.1,384.1,4271.1266,4854.04025,582.91365,0.623692434777604,,,,,,,,,,
297,4845.7133,,,,,,Frage 1,,,,,,1.0,364.0,373.0,266.0,376.0,0.8368314370016827,0.8390452417428196,4863.168000000063,583.8276977539064,582.6121215820312,0.6326143741607666,0.3744180798530578,0.4818508028984069,0.3763529956340789,0.0,0.0,1.0,0.16006787330316735,0.34377923292797,315.0,374.5,583.219909667969,29.3645621632923,1442.38674303581,18.0,17.0,298.1,384.1,4271.1266,4854.04025,582.91365,0.623692434777604,,,,,,,,,,
298,4862.3672,,,,,,Frage 1,,,,,,1.0,397.0,396.0,304.0,380.0,0.8390156715710014,0.8331851343967946,4879.822999999975,581.6134033203125,580.387939453125,0.6326199769973754,0.3750584721565246,0.4818440675735473,0.376987487077713,0.0,0.0,1.0,0.18014705882352935,0.3564078578110383,350.5,388.0,581.000671386719,101.510133242676,4332.05261706788,,,,,,,,,19.0,19.0,4854.04025,4904.00445,49.9642000000004,25.1924545944754,743.334231039265,38535.4958629974,-4094.00240125328,43.202503561067
299,4879.0226,,,,,,Frage 1,,,,,,1.0,463.0,438.0,383.0,422.0,0.8474929979680379,0.8394898385524356,4896.478000000003,581.6978759765625,580.287109375,0.6285221576690673,0.3772391080856323,0.4775636494159698,0.3790477812290191,0.0,0.0,1.0,0.22115384615384612,0.3956969130028063,423.0,430.0,580.992492675781,743.334231039265,38535.4958629974,,,,,,,,,19.0,19.0,4854.04025,4904.00445,49.9642000000004,25.1924545944754,743.334231039265,38535.4958629974,-4094.00240125328,43.202503561067
300,4895.6775,,,,,,Frage 1,,,,,,1.0,972.0,916.0,945.0,1002.0,0.8356790205231456,0.848965642844134,4913.131999999983,581.7052001953125,580.4134521484375,0.6312440633773803,0.3794683516025543,0.4802871644496917,0.3813835978507995,0.0,0.0,1.0,0.5824643661851006,0.8905519176800747,958.5,959.0,581.059326171875,675.149030446633,-4094.00240125328,,,,,,,,,19.0,19.0,4854.04025,4904.00445,49.9642000000004,25.1924545944754,743.334231039265,38535.4958629974,-4094.00240125328,43.202503561067
301,4912.3314,,,,,,Frage 1,,,,,,1.0,965.0,945.0,948.0,978.0,0.8403886190145733,0.8341439636609066,4929.787000000011,581.78271484375,580.248291015625,0.6256855130195617,0.3801638484001159,0.4747349321842193,0.3818705081939697,0.0,0.0,1.0,0.5229072398190044,0.89289055191768,956.5,961.5,581.015502929688,18.9509727391585,-39402.0654445785,19.0,18.0,955.277777777778,976.5,4904.00445,5053.89695,149.8925,0.238204301829392,,,,,,,,,,
302,4928.9874,,,,,,Frage 1,,,,,,1.0,974.0,970.0,948.0,991.0,0.8182861290052249,0.8322343400147844,4946.442000000039,581.8416748046875,580.47509765625,0.6292939186096191,0.3774615228176116,0.4785954058170318,0.3792071044445037,0.0,0.0,1.0,0.5254524886877827,0.9106641721234798,961.0,980.5,581.158386230469,22.729733970746,226.870871252853,19.0,18.0,955.277777777778,976.5,4904.00445,5053.89695,149.8925,0.238204301829392,,,,,,,,,,
303,4945.6411,,,,,,Frage 1,,,,,,1.0,975.0,976.0,937.0,999.0,0.8378574031822427,0.8295614025690197,4963.097000000067,582.2216796875,580.85107421875,0.6290525197982788,0.3773263096809387,0.4785396456718444,0.3791089951992034,0.0,0.0,1.0,0.5226244343891402,0.9172123479887746,956.0,987.5,581.536376953125,5.44841996568917,-1037.686160136,19.0,18.0,955.277777777778,976.5,4904.00445,5053.89695,149.8925,0.238204301829392,,,,,,,,,,
304,4962.2962,,,,,,Frage 1,,,,,,1.0,975.0,973.0,935.0,986.0,0.8142846740820281,0.8280829842623443,4979.751000000048,582.63525390625,581.2598876953125,0.6288589835166931,0.3772750496864318,0.4784477055072784,0.3791151344776153,0.0,0.0,1.0,0.5220588235294117,0.9097287184284377,955.0,979.5,581.947570800781,3.91686383349433,-91.9571862189266,19.0,18.0,955.277777777778,976.5,4904.00445,5053.89695,149.8925,0.238204301829392,,,,,,,,,,
305,4978.9518,,,,,,Frage 1,,,,,,1.0,977.0,977.0,931.0,990.0,0.8366392243595825,0.8277937285066905,4996.406000000075,582.7996826171875,581.4222412109375,0.6287781596183776,0.3771548867225647,0.4784217774868011,0.3790459036827087,0.0,0.0,1.0,0.5214932126696832,0.9134705332086062,954.0,983.5,582.110961914063,3.12629413893141,-47.4656988978436,19.0,18.0,955.277777777778,976.5,4904.00445,5053.89695,149.8925,0.238204301829392,,,,,,,,,,
306,4995.6051,,,,,,Frage 1,,,,,,1.0,975.0,970.0,930.0,984.0,0.8358903439358161,0.8279919222651941,5013.060999999987,583.0510864257812,581.6703491210938,0.628674566745758,0.3771278858184814,0.4783518612384796,0.3790569305419921,0.0,0.0,1.0,0.5926288093181882,0.9073900841908324,952.5,977.0,582.360717773438,12.2174129963148,545.904947210668,19.0,18.0,955.277777777778,976.5,4904.00445,5053.89695,149.8925,0.238204301829392,,,,,,,,,,
307,5012.2603,,,,,,Frage 1,,,,,,1.0,973.0,964.0,934.0,975.0,0.6035186963307366,0.6027712247348963,5029.714999999968,583.1290283203125,581.7476806640625,0.6286601424217224,0.3770871758460998,0.478351205587387,0.3790513575077056,0.0,0.0,1.0,0.5212104072398189,0.9003741814780168,953.5,969.5,582.438354492188,4.38414250444059,-470.319809541413,19.0,18.0,955.277777777778,976.5,4904.00445,5053.89695,149.8925,0.238204301829392,,,,,,,,,,
308,5028.9156,,,,,,Frage 1,,,,,,1.0,970.0,967.0,936.0,977.0,0.8376851606847763,0.8277669455663521,5046.369999999995,583.1263427734375,581.7427978515625,0.6286263465881347,0.3770079612731933,0.4783129692077636,0.3790009915828704,0.0,0.0,1.0,0.5209276018099547,0.9027128157156221,953.0,972.0,582.4345703125,7.33203430685635,176.994218201756,19.0,18.0,955.277777777778,976.5,4904.00445,5053.89695,149.8925,0.238204301829392,,,,,,,,,,
309,5045.5704,,,,,,Frage 1,,,,,,1.0,977.0,966.0,935.0,989.0,0.837625250250875,0.8272205735834504,5063.025000000023,583.1041870117188,581.7191772460938,0.6286097168922424,0.3770114481449127,0.4782823026180267,0.3790191411972045,0.0,0.0,1.0,0.5226244343891402,0.9078578110383535,956.0,977.5,582.411682128906,23.0868879756054,945.964747024864,19.0,18.0,955.277777777778,976.5,4904.00445,5053.89695,149.8925,0.238204301829392,,,,,,,,,,
310,5062.2235,,,,,,Frage 1,,,,,,1.0,958.0,985.0,924.0,1006.0,0.8377949964802622,0.828085662556378,5079.679000000004,583.1424560546875,581.7554931640625,0.628568410873413,0.377053290605545,0.4782460927963256,0.379077672958374,0.0,0.0,1.0,0.5141402714932126,0.9246959775491113,941.0,995.5,582.448974609375,54.8962569467899,1910.11697348744,,,,,,,,,20.0,20.0,5053.89695,5087.2069,33.3099499999998,1.23997846751721,54.8962569467899,1910.11697348744,-970.010422333197,110.224859431168
311,5078.8788,,,,,,Frage 1,,,,,,1.0,945.0,1022.0,909.0,1045.0,0.8376976420251724,0.8279785307950248,5096.334000000032,583.2962036132812,581.9067993164064,0.6285167932510376,0.3770596086978912,0.4781683087348938,0.3790841996669769,0.0,0.0,1.0,0.5062217194570134,0.960243217960711,927.0,1033.5,582.601501464844,38.7404423597035,-970.010422333197,,,,,,,,,20.0,20.0,5053.89695,5087.2069,33.3099499999998,1.23997846751721,54.8962569467899,1910.11697348744,-970.010422333197,110.224859431168
312,5095.535,,,,,,Frage 1,,,,,,1.0,943.0,1025.0,908.0,1050.0,0.812594475993754,0.8283454570776602,5112.98900000006,582.6825561523438,581.2864379882812,0.6284649968147277,0.3770533204078674,0.4780654311180114,0.3790928721427917,0.0,0.0,1.0,0.5053733031674207,0.9639850327408792,925.5,1037.5,581.984497070313,7.31088097843604,-1886.95869293527,20.0,19.0,921.166666666667,1036.25,5087.2069,5187.1346,99.9276999999993,0.0923204897921256,,,,,,,,,,
313,5112.1888,,,,,,Frage 1,,,,,,1.0,927.0,1028.0,913.0,1048.0,0.8366616907722955,0.8290927011130991,5129.64300000004,582.1316528320312,580.7297973632812,0.6284113526344299,0.377081274986267,0.4780004620552063,0.3791576027870178,0.0,0.0,1.0,0.5022624434389139,0.9644527595884005,920.0,1038.0,581.430725097656,4.00351687333161,-198.595161771153,20.0,19.0,921.166666666667,1036.25,5087.2069,5187.1346,99.9276999999993,0.0923204897921256,,,,,,,,,,
314,5128.8433,,,,,,Frage 1,,,,,,1.0,932.0,1033.0,910.0,1042.0,0.837510421919231,0.829173049934114,5146.298000000068,581.703857421875,580.2955322265625,0.628334105014801,0.3771309852600097,0.4779086709022522,0.3792572617530822,0.0,0.0,1.0,0.6170545551566112,0.9639850327408792,921.0,1037.5,580.999694824219,3.399948323042,-36.2405686324771,20.0,19.0,921.166666666667,1036.25,5087.2069,5187.1346,99.9276999999993,0.0923204897921256,,,,,,,,,,
315,5145.4969,,,,,,Frage 1,,,,,,1.0,938.0,1028.0,907.0,1042.0,0.835867877523103,0.8286079298929755,5162.95299999998,581.2977294921875,579.88427734375,0.6282953023910522,0.3771475851535797,0.4778399467468261,0.3793167173862457,0.0,0.0,1.0,0.5036764705882352,0.404509084118234,922.5,1035.0,580.591003417969,3.23938662178753,-9.64126082375404,20.0,19.0,921.166666666667,1036.25,5087.2069,5187.1346,99.9276999999993,0.0923204897921256,,,,,,,,,,
316,5162.1517,,,,,,Frage 1,,,,,,1.0,928.0,1032.0,907.0,1041.0,0.8336062586433283,0.8277053448035739,5179.60699999996,580.8351440429688,579.4144897460938,0.6282195448875427,0.3770962059497833,0.4777287542819976,0.3793067336082458,0.0,0.0,1.0,0.5008484162895926,0.9630495790458371,917.5,1036.5,580.124816894531,2.48766138917647,-45.1356505398471,20.0,19.0,921.166666666667,1036.25,5087.2069,5187.1346,99.9276999999993,0.0923204897921256,,,,,,,,,,
317,5178.8066,,,,,,Frage 1,,,,,,1.0,930.0,1031.0,911.0,1035.0,0.8299092406139116,0.8275848215720516,5196.261999999988,580.031494140625,578.6092529296875,0.628300666809082,0.3770279288291931,0.4777662456035614,0.3792679607868194,0.0,0.0,1.0,0.5025452488687782,0.4041422674090309,920.5,1033.0,579.320373535156,25.0380708811533,1353.98047973734,20.0,19.0,921.166666666667,1036.25,5087.2069,5187.1346,99.9276999999993,0.0923204897921256,,,,,,,,,,
318,5195.4626,,,,,,Frage 1,,,,,,1.0,946.0,1001.0,919.0,1023.0,0.8345673218538285,0.8288436197679527,5212.917000000016,579.5283203125,578.1046142578125,0.6283214092254638,0.3769203722476959,0.4777736067771911,0.3791494667530059,0.0,0.0,1.0,0.606718219095916,0.9401309635173059,932.5,1012.0,578.816467285156,46.1208316458871,1265.77574235914,,,,,,,,,21.0,21.0,5187.1346,5203.78985,16.6552500000007,,46.1208316458871,1265.77574235914,,
319,5212.1171,,,,,,Frage 1,,,,,,1.0,935.0,977.0,905.0,983.0,0.8336237325198829,0.8283642051358967,5229.572000000044,579.6416015625,578.208251953125,0.6280845403671264,0.3768414855003356,0.4775479733943939,0.3790704309940338,0.0,0.0,1.0,0.5022624434389139,0.9101964452759588,920.0,980.0,578.924926757813,28.9459335336511,-1031.24669682281,21.0,20.0,922.923076923077,976.538461538462,5203.78985,5420.30005,216.5102,0.116901747613036,,,,,,,,,,
320,5228.7701,,,,,,Frage 1,,,,,,1.0,934.0,971.0,911.0,990.0,0.8134803490870721,0.8274964378689351,5246.226000000024,579.964599609375,578.52587890625,0.6279163360595703,0.3768638670444488,0.4773858189582824,0.3790664970874786,0.0,0.0,1.0,0.5036764705882352,0.9106641721234798,922.5,980.5,579.245239257813,9.72487862479857,-1154.20974652335,21.0,20.0,922.923076923077,976.538461538462,5203.78985,5420.30005,216.5102,0.116901747613036,,,,,,,,,,
321,5245.4264,,,,,,Frage 1,,,,,,1.0,942.0,969.0,914.0,976.0,0.8333341654226931,0.827753554096183,5262.881000000052,580.1799926757812,578.7363891601562,0.6278026700019836,0.3768500089645385,0.4772521555423736,0.3790560364723205,0.0,0.0,1.0,0.5067873303167421,0.9031805425631432,928.0,972.5,579.458190917969,6.38037914351823,-200.794863281775,21.0,20.0,922.923076923077,976.538461538462,5203.78985,5420.30005,216.5102,0.116901747613036,,,,,,,,,,
322,5262.0807,,,,,,Frage 1,,,,,,1.0,942.0,972.0,907.0,975.0,0.8334764527032089,0.8275821432780177,5279.535999999964,580.0975952148438,578.6471557617188,0.6276804208755493,0.3768436908721923,0.477094829082489,0.3790515661239624,0.0,0.0,1.0,0.5048076923076922,0.9041159962581853,924.5,973.5,579.372375488281,3.76090205162376,-157.285331229439,21.0,20.0,922.923076923077,976.538461538462,5203.78985,5420.30005,216.5102,0.116901747613036,,,,,,,,,,
323,5278.7341,,,,,,Frage 1,,,,,,1.0,940.0,975.0,910.0,976.0,0.833860877987409,0.8282222555521036,5296.1900000000605,580.1005249023438,578.6427612304688,0.627532422542572,0.3768362402915954,0.4769384264945983,0.3790719807147979,0.0,0.0,1.0,0.5050904977375564,0.4049671182378766,925.0,975.5,579.371643066406,3.59689604255025,-9.8481997113815,21.0,20.0,922.923076923077,976.538461538462,5203.78985,5420.30005,216.5102,0.116901747613036,,,,,,,,,,
324,5295.3907,,,,,,Frage 1,,,,,,1.0,937.0,973.0,905.0,978.0,0.8332343146995244,0.8299176156755194,5312.844999999972,579.9276123046875,578.4608154296875,0.627364993095398,0.3767778873443603,0.4767585694789886,0.3790417611598968,0.0,0.0,1.0,0.5028280542986424,0.4042342483553466,921.0,975.5,579.194213867188,2.73692403396944,-51.6295047357082,21.0,20.0,922.923076923077,976.538461538462,5203.78985,5420.30005,216.5102,0.116901747613036,,,,,,,,,,
325,5312.0441,,,,,,Frage 1,,,,,,1.0,942.0,975.0,902.0,975.0,0.8336212362518038,0.8290739530548624,5329.5,579.9701538085938,578.4926147460938,0.6271435022354126,0.3767783641815185,0.4765268862247467,0.379082977771759,0.0,0.0,1.0,0.5033936651583709,0.9055191768007482,922.0,975.0,579.231384277344,1.97342534270865,-45.8464152221636,21.0,20.0,922.923076923077,976.538461538462,5203.78985,5420.30005,216.5102,0.116901747613036,,,,,,,,,,
326,5328.6998,,,,,,Frage 1,,,,,,1.0,940.0,979.0,904.0,976.0,0.834989191159217,0.823959267268784,5346.15399999998,579.8048706054688,578.3156127929688,0.6269109845161438,0.3768114745616912,0.4762802720069885,0.3791357278823852,0.0,0.0,1.0,0.5033936651583709,0.9078578110383535,922.0,977.5,579.060241699219,2.41858748140266,26.7273148948407,21.0,20.0,922.923076923077,976.538461538462,5203.78985,5420.30005,216.5102,0.116901747613036,,,,,,,,,,
327,5345.3533,,,,,,Frage 1,,,,,,1.0,941.0,969.0,908.0,983.0,0.8356781611490823,0.8282276121401714,5362.809000000008,579.47314453125,577.9765625,0.6267896294593811,0.3769197463989257,0.4761453866958618,0.3792554438114166,0.0,0.0,1.0,0.5048076923076922,0.9064546304957906,924.5,976.0,578.724853515625,5.90564622366271,209.388941799632,21.0,20.0,922.923076923077,976.538461538462,5203.78985,5420.30005,216.5102,0.116901747613036,,,,,,,,,,
328,5362.0093,,,,,,Frage 1,,,,,,1.0,942.0,971.0,908.0,972.0,0.8354859485069821,0.8276785618632356,5379.464000000036,579.3461303710938,577.8388061523438,0.6265868544578552,0.3770361244678497,0.4759428799152374,0.3794368207454681,0.0,0.0,1.0,0.5050904977375564,0.9022450888681011,925.0,971.5,578.592468261719,3.60267741822012,-138.266618962692,21.0,20.0,922.923076923077,976.538461538462,5203.78985,5420.30005,216.5102,0.116901747613036,,,,,,,,,,
329,5378.6638,,,,,,Frage 1,,,,,,1.0,942.0,970.0,899.0,982.0,0.8351938851417133,0.8264492249017067,5396.118000000017,579.123291015625,577.60888671875,0.6264681816101074,0.3770930469036102,0.4758099615573883,0.3795219659805297,0.0,0.0,1.0,0.5025452488687782,0.4041423247578498,920.5,976.0,578.366088867188,9.58813165284399,359.38960849162,21.0,20.0,922.923076923077,976.538461538462,5203.78985,5420.30005,216.5102,0.116901747613036,,,,,,,,,,
330,5395.3172,,,,,,Frage 1,,,,,,1.0,946.0,972.0,898.0,992.0,0.8345947808027001,0.8258037560395531,5412.773000000045,579.14501953125,577.6227416992188,0.6263085603713989,0.3771044611930847,0.4756308794021606,0.3795525133609771,0.0,0.0,1.0,0.5033936651583709,0.40441712227651166,922.0,982.0,578.383880615234,3.10444238818419,-389.331263565383,21.0,20.0,922.923076923077,976.538461538462,5203.78985,5420.30005,216.5102,0.116901747613036,,,,,,,,,,
331,5411.9738,,,,,,Frage 1,,,,,,1.0,935.0,975.0,907.0,984.0,0.8333591281034853,0.8237495045156038,5429.428000000073,579.004638671875,577.4771728515625,0.6262255907058715,0.377143919467926,0.475555807352066,0.3796532452106475,0.0,0.0,1.0,0.5028280542986424,0.9097287184284377,921.0,979.5,578.240905761719,19.4427243048229,980.889372179156,21.0,20.0,922.923076923077,976.538461538462,5203.78985,5420.30005,216.5102,0.116901747613036,,,,,,,,,,
332,5428.6263,,,,,,Frage 1,,,,,,1.0,929.0,1004.0,898.0,1001.0,0.8320985127234785,0.8243574772612836,5446.082000000053,579.4208374023438,577.8894653320312,0.6260971426963806,0.3774103820323944,0.4754730463027954,0.3799907863140106,0.0,0.0,1.0,0.4985859728506786,0.931244153414406,913.5,1002.5,578.655151367188,72.7206510708739,3199.39509179106,,,,,,,,,22.0,22.0,5420.30005,5453.60975,33.3096999999998,1.83427678536445,72.7206510708739,3199.39509179106,-1212.06193031749,113.767107704582
333,5445.2821,,,,,,Frage 1,,,,,,1.0,924.0,1040.0,855.0,1074.0,0.8311224719045028,0.8239235936278029,5462.736999999965,580.1895141601562,578.6498413085938,0.6258281469345092,0.3775599002838134,0.4752241671085357,0.3801442384719848,0.0,0.0,1.0,0.4850113122171945,0.9822263797941999,889.5,1057.0,579.419677734375,52.5327899718913,-1212.06193031749,,,,,,,,,22.0,22.0,5420.30005,5453.60975,33.3096999999998,1.83427678536445,72.7206510708739,3199.39509179106,-1212.06193031749,113.767107704582
334,5461.9374,,,,,,Frage 1,,,,,,1.0,920.0,1046.0,858.0,1070.0,0.8318938187409823,0.8226406907855973,5479.391999999993,580.4169311523438,578.867431640625,0.6256055235862731,0.3774103820323944,0.4750002026557922,0.3800394237041473,0.0,0.0,1.0,0.4847285067873302,0.9831618334892422,889.0,1058.0,579.642181396484,8.12639870366167,-2666.20182573902,22.0,21.0,888.5,1054.22222222222,5453.60975,5603.50125,149.8915,0.308240097236252,,,,,,,,,,
335,5478.5916,,,,,,Frage 1,,,,,,1.0,920.0,1057.0,853.0,1075.0,0.8060589746112181,0.822707648136443,5496.0470000000205,580.7610473632812,579.2008666992188,0.6253634691238403,0.3772755563259124,0.4747497141361236,0.379954993724823,0.0,0.0,1.0,0.48331447963800894,0.9906454630495789,886.5,1066.0,579.98095703125,2.4546745661829,-340.558185771685,22.0,21.0,888.5,1054.22222222222,5453.60975,5603.50125,149.8915,0.308240097236252,,,,,,,,,,
336,5495.2463,,,,,,Frage 1,,,,,,1.0,917.0,1060.0,857.0,-1.0,0.8331544341209892,0.822611229551225,5512.701000000001,581.1590576171875,579.589111328125,0.6251192688941954,0.3771454691886901,0.4745081067085266,0.3798573911190033,0.0,0.0,1.0,0.48359728506787325,0.9850327408793265,887.0,1060.0,580.374084472656,5.53170490888023,184.754474274368,22.0,21.0,888.5,1054.22222222222,5453.60975,5603.50125,149.8915,0.308240097236252,,,,,,,,,,
337,5511.9003,,,,,,Frage 1,,,,,,1.0,926.0,1062.0,858.0,1076.0,0.8336387101283582,0.8237307564573669,5529.356000000029,581.2740478515625,579.6982421875,0.6250165104866027,0.3770975470542907,0.4743760228157043,0.3798466622829437,0.0,0.0,1.0,0.4864253393665158,0.3989191854580373,892.0,1069.0,580.486145019531,6.85034424086141,79.1785356059294,22.0,21.0,888.5,1054.22222222222,5453.60975,5603.50125,149.8915,0.308240097236252,,,,,,,,,,
338,5528.5566,,,,,,Frage 1,,,,,,1.0,926.0,1052.0,848.0,-1.0,0.834479952471056,0.8233236557642244,5546.011000000057,581.5325317382812,579.9500122070312,0.6248571276664733,0.3771032094955444,0.474197894334793,0.3798553347587585,0.0,0.0,1.0,0.48359728506787325,0.3980028894571376,887.0,1052.0,580.741271972656,21.0877209421288,854.774271673042,22.0,21.0,888.5,1054.22222222222,5453.60975,5603.50125,149.8915,0.308240097236252,,,,,,,,,,
339,5545.2099,,,,,,Frage 1,,,,,,1.0,914.0,1047.0,849.0,-1.0,0.8342228368588961,0.8248047523649337,5562.665000000037,581.4344482421875,579.8504638671875,0.6248537898063659,0.3770961165428161,0.4741726517677307,0.3798644840717315,0.0,0.0,1.0,0.4804864253393664,0.9728718428437793,881.5,1047.0,580.642456054688,6.97919158187962,-847.191208964543,22.0,21.0,888.5,1054.22222222222,5453.60975,5603.50125,149.8915,0.308240097236252,,,,,,,,,,
340,5561.8646,,,,,,Frage 1,,,,,,1.0,921.0,1044.0,856.0,-1.0,0.8334065571969905,0.8262108567326956,5579.320000000065,581.86279296875,580.2779541015625,0.6248100399971008,0.3770789206027984,0.474118173122406,0.3798552453517913,0.0,0.0,1.0,0.484445701357466,0.9700654817586529,888.5,1044.0,581.070373535156,13.0003868163622,361.531293537716,22.0,21.0,888.5,1054.22222222222,5453.60975,5603.50125,149.8915,0.308240097236252,,,,,,,,,,
341,5578.52,,,,,,Frage 1,,,,,,1.0,928.0,1039.0,860.0,-1.0,0.834752045691691,0.8270116666488114,5595.974999999977,581.9893188476562,580.4067993164064,0.6248777508735656,0.3770310282707214,0.4741517007350921,0.3798096776008606,0.0,0.0,1.0,0.6179353597267173,0.9653882132834424,894.0,1039.0,581.198059082031,8.04898583699727,-297.285023437732,22.0,21.0,888.5,1054.22222222222,5453.60975,5603.50125,149.8915,0.308240097236252,,,,,,,,,,
342,5595.1735,,,,,,Frage 1,,,,,,1.0,922.0,1030.0,860.0,1076.0,0.8366517056999786,0.8264840427241464,5612.629000000074,582.2093505859375,580.629150390625,0.624920904636383,0.3769360780715942,0.4741714298725128,0.3797028958797454,0.0,0.0,1.0,0.48585972850678727,0.9784845650140319,891.0,1053.0,581.419250488281,12.2969882420008,255.08165881068,22.0,21.0,888.5,1054.22222222222,5453.60975,5603.50125,149.8915,0.308240097236252,,,,,,,,,,
343,5611.829,,,,,,Frage 1,,,,,,1.0,910.0,1036.0,851.0,-1.0,0.8383267015811362,0.8288329065918173,5629.283999999985,582.5582275390625,580.9776611328125,0.6249035000801086,0.3767353296279907,0.4741266965866088,0.3795035481452941,0.0,0.0,1.0,0.4799208144796379,0.9625818521983163,880.5,1036.0,581.767944335938,47.8411470937516,2134.07936427914,,,,,,,,,23.0,23.0,5603.50125,5686.77495,83.2737000000006,24.7760377747776,426.443018816979,17112.5017169689,-6464.53039871418,222.165888983694
344,5628.4849,,,,,,Frage 1,,,,,,1.0,864.0,1010.0,817.0,1058.0,0.842727622204804,0.8329976538144264,5645.939000000013,585.4482421875,583.8790893554688,0.6249123215675354,0.3760426938533783,0.4741535782814025,0.3788368701934814,0.0,0.0,1.0,0.45729638009049767,0.960710944808232,840.5,1034.0,584.663665771484,332.865264441425,17112.5017169689,,,,,,,,,23.0,23.0,5603.50125,5686.77495,83.2737000000006,24.7760377747776,426.443018816979,17112.5017169689,-6464.53039871418,222.165888983694
345,5645.1377,,,,,,Frage 1,,,,,,1.0,621.0,783.0,579.0,793.0,0.8497221653627828,0.8449535583814534,5662.5929999999935,583.0435791015625,581.5543212890625,0.6269134879112243,0.3747601807117462,0.476216971874237,0.3776469230651855,0.0,0.0,1.0,0.5136686004005118,0.7305893358278764,600.0,788.0,582.298950195313,426.443018816979,5619.34055387409,,,,,,,,,23.0,23.0,5603.50125,5686.77495,83.2737000000006,24.7760377747776,426.443018816979,17112.5017169689,-6464.53039871418,222.165888983694
346,5661.7933,,,,,,Frage 1,,,,,,1.0,508.0,680.0,505.0,703.0,0.8475479158657808,0.8437697524184995,5679.2480000000205,581.5015869140625,580.0740966796875,0.6283239722251892,0.3732856214046478,0.4778171181678772,0.3761963248252868,0.0,0.0,1.0,0.2683823529411764,0.6403180542563143,506.5,691.5,580.787841796875,390.130488485604,-2180.19947233211,,,,,,,,,23.0,23.0,5603.50125,5686.77495,83.2737000000006,24.7760377747776,426.443018816979,17112.5017169689,-6464.53039871418,222.165888983694
347,5678.4473,,,,,,Frage 1,,,,,,1.0,305.0,487.0,237.0,481.0,0.8448145023190331,0.840968256859111,5695.903000000049,584.9710083007812,583.5367431640625,0.6276410222053527,0.3732489943504333,0.4773609042167663,0.3760383427143096,0.0,0.0,1.0,0.13518099547511306,0.44621141253507945,271.0,484.0,584.253875732422,282.470199225421,-6464.53039871418,,,,,,,,,23.0,23.0,5603.50125,5686.77495,83.2737000000006,24.7760377747776,426.443018816979,17112.5017169689,-6464.53039871418,222.165888983694
348,5695.1026,,,,,,Frage 1,,,,,,1.0,316.0,466.0,212.0,470.0,0.8497021952181489,0.8477657671169773,5712.55700000003,584.49658203125,583.0634765625,0.6276739835739135,0.3737255334854126,0.47742760181427,0.3764863908290863,0.0,0.0,1.0,0.13122171945701352,0.4312441534144059,264.0,468.0,583.780029296875,26.4716004220827,-15370.3985400043,23.0,22.0,275.625,468.25,5686.77495,5820.01225,133.2373,0.361582456944888,,,,,,,,,,
349,5711.7572,,,,,,Frage 1,,,,,,1.0,316.0,455.0,216.0,452.0,0.8512549903613367,0.8501467705130541,5729.212000000058,584.125732421875,582.6939697265625,0.6277353167533875,0.3738042116165161,0.4774774014949798,0.3765453696250915,0.0,0.0,1.0,0.13235294117647053,0.2842040581085149,266.0,453.5,583.409851074219,11.0768883358055,-924.351955992781,23.0,22.0,275.625,468.25,5686.77495,5820.01225,133.2373,0.361582456944888,,,,,,,,,,
350,5728.411,,,,,,Frage 1,,,,,,1.0,322.0,452.0,223.0,464.0,0.8515369522563768,0.8497932357005882,5745.866999999968,584.0103759765625,582.58203125,0.6278395652770996,0.3736308515071868,0.4775258302688598,0.376317411661148,0.0,0.0,1.0,0.13602941176470584,0.421889616463985,272.5,458.0,583.296203613281,16.1221296408345,302.948354431362,23.0,22.0,275.625,468.25,5686.77495,5820.01225,133.2373,0.361582456944888,,,,,,,,,,
351,5745.0738,,,,,,Frage 1,,,,,,1.0,336.0,459.0,227.0,472.0,0.8520486872126174,0.8509502587232037,5762.521999999997,583.9752807617188,582.5485229492188,0.6279096007347106,0.3734984397888183,0.477521538734436,0.3761402666568756,0.0,0.0,1.0,0.1411199095022624,0.4289055191768007,281.5,465.5,583.261901855469,11.8400472012952,-256.984566791854,23.0,22.0,275.625,468.25,5686.77495,5820.01225,133.2373,0.361582456944888,,,,,,,,,,
352,5761.7206,,,,,,Frage 1,,,,,,1.0,334.0,477.0,217.0,466.0,0.8536512913194776,0.8597328243579389,5779.175999999978,583.6055908203125,582.1788330078125,0.6279985308647155,0.3733274638652801,0.4775185286998748,0.3759443759918212,0.0,0.0,1.0,0.13772624434389136,0.4345182413470533,275.5,471.5,582.892211914063,5.75959605201936,-365.262461811038,23.0,22.0,275.625,468.25,5686.77495,5820.01225,133.2373,0.361582456944888,,,,,,,,,,
353,5778.3759,,,,,,Frage 1,,,,,,1.0,332.0,466.0,219.0,472.0,0.8549568395249103,0.8543061611475955,5795.831000000006,583.7549438476562,582.3213500976562,0.6278615593910217,0.3732533156871795,0.4773128628730773,0.3758285343647003,0.0,0.0,1.0,0.13772624434389136,0.432179607109448,275.5,469.0,583.038146972656,7.51891702653944,105.631299017132,23.0,22.0,275.625,468.25,5686.77495,5820.01225,133.2373,0.361582456944888,,,,,,,,,,
354,5781.875,,,,,,Frage 1,1.0,1.68971705436707,29.4254376811819,1.52715063095093,219.52734375,,,,,,0.6585048574425887,0.6495113533451946,,,,,,,,,,,0.37959439571535225,0.3642823432120883,,,,,,,,,,,,,,,,,,,,,,,
355,5795.031,,,,,,Frage 1,,,,,,1.0,327.0,475.0,240.0,477.0,0.8555684252043197,0.8534062543522278,5812.4860000000335,583.4746704101562,582.0332641601562,0.6277651190757751,0.3730944991111755,0.4771359264850616,0.3756595849990844,0.0,0.0,1.0,0.3492589336169772,0.3544814691354897,283.5,476.0,582.753967285156,15.996688263716,509.019533787044,23.0,22.0,275.625,468.25,5686.77495,5820.01225,133.2373,0.361582456944888,,,,,,,,,,
356,5811.6847,,,,,,Frage 1,,,,,,1.0,329.0,488.0,244.0,481.0,0.8570437196391395,0.8541642115638024,5829.140000000014,583.3475341796875,581.897216796875,0.6276370882987976,0.3730157315731048,0.4769328534603118,0.3755958378314971,0.0,0.0,1.0,0.14394796380090497,0.4466791393826005,286.5,484.5,582.622375488281,2.21557710469953,-827.510472688749,23.0,22.0,275.625,468.25,5686.77495,5820.01225,133.2373,0.361582456944888,,,,,,,,,,
357,5828.3398,,,,,,Frage 1,,,,,,1.0,330.0,473.0,232.0,481.0,0.8569114174309408,0.8543115177356632,5845.795000000042,582.9804077148438,581.5187377929688,0.6274755597114563,0.3729551434516906,0.4766823649406433,0.3755284547805786,0.0,0.0,1.0,0.14083710407239813,0.4396632366697848,281.0,477.0,582.249572753906,52.849046324405,3040.11799507092,,,,,,,,,24.0,24.0,5820.01225,5869.9809,49.9686500000007,2.91579449869013,82.3014413906298,3040.11799507092,-2024.67713913491,282.136824455292
358,5844.9946,,,,,,Frage 1,,,,,,1.0,336.0,430.0,245.0,417.0,0.858264394729879,0.8565693196061837,5862.45000000007,582.3690795898438,580.9016723632812,0.6274453401565551,0.372674822807312,0.4766172170639038,0.3752939403057098,0.0,0.0,1.0,0.364109769497978,0.3896164639850327,290.5,423.5,581.635375976563,82.3014413906298,1768.40280677188,,,,,,,,,24.0,24.0,5820.01225,5869.9809,49.9686500000007,2.91579449869013,82.3014413906298,3040.11799507092,-2024.67713913491,282.136824455292
359,5861.649,,,,,,Frage 1,,,,,,1.0,338.0,390.0,264.0,378.0,0.8591505698980025,0.8565237886076084,5879.104000000049,582.2509765625,580.77783203125,0.6273227930068969,0.3724870979785919,0.4765158891677856,0.3751293718814849,0.0,0.0,1.0,0.15214932126696828,0.29061895413097233,301.0,384.0,581.514404296875,48.5816584446207,-2024.67713913491,,,,,,,,,24.0,24.0,5820.01225,5869.9809,49.9686500000007,2.91579449869013,82.3014413906298,3040.11799507092,-2024.67713913491,282.136824455292
360,5878.3128,,,,,,Frage 1,,,,,,1.0,342.0,376.0,266.0,362.0,0.8601890174189587,0.8572147884683372,5895.758999999962,581.4281616210938,579.9612426757812,0.6275599598884583,0.3725951313972473,0.4767067432403564,0.3752175271511077,0.0,0.0,1.0,0.15384615384615383,0.3386342376052385,304.0,369.0,580.694702148438,12.5184898496049,-2164.16235162551,24.0,23.0,306.875,374.375,5869.9809,5936.5986,66.6176999999998,0.185883703830075,,,,,,,,,,
361,5894.9586,,,,,,Frage 1,,,,,,1.0,352.0,385.0,275.0,367.0,0.8604661031757523,0.8600698499084023,5912.41399999999,581.1829223632812,579.7207641601562,0.6277278661727905,0.3726053237915039,0.4768147468566894,0.3752176165580749,0.0,0.0,1.0,0.15921945701357462,0.34518241347053313,313.5,376.0,580.451843261719,10.268156647703,-135.189249053928,24.0,23.0,306.875,374.375,5869.9809,5936.5986,66.6176999999998,0.185883703830075,,,,,,,,,,
362,5911.6135,,,,,,Frage 1,,,,,,1.0,341.0,386.0,274.0,375.0,0.8607157299836746,0.8592154741116098,5929.067999999969,581.1119384765625,579.651123046875,0.6277746558189392,0.3725334107875824,0.4768368899822235,0.3751250505447387,0.0,0.0,1.0,0.1558257918552036,0.3493919550982226,307.5,380.5,580.381530761719,9.56138381033856,-42.4363302910525,24.0,23.0,306.875,374.375,5869.9809,5936.5986,66.6176999999998,0.185883703830075,,,,,,,,,,
363,5928.2672,,,,,,Frage 1,,,,,,1.0,342.0,385.0,263.0,359.0,0.8647247365189041,0.8543034828535617,5945.722999999998,581.1118774414064,579.655029296875,0.6278564929962158,0.3724993765354156,0.4768927693367004,0.3750373721122741,0.0,0.0,1.0,0.15299773755656104,0.3414405986903648,302.5,372.0,580.383453369141,10.589410116192,61.7296039831044,24.0,23.0,306.875,374.375,5869.9809,5936.5986,66.6176999999998,0.185883703830075,,,,,,,,,,
364,5944.93,,,,,,Frage 1,,,,,,1.0,351.0,374.0,258.0,363.0,0.8651216431435004,0.8533285838252469,5962.378000000025,581.1930541992188,579.7380981445312,0.6279007792472839,0.3724100291728973,0.47688689827919,0.3748813271522522,0.0,0.0,1.0,0.15412895927601808,0.3381665107577174,304.5,368.5,580.465576171875,45.6134488637633,2101.92997260791,,,,,,,,,25.0,25.0,5936.5986,5969.90475,33.3061499999994,1.55207781424967,271.719260500297,13581.2337303605,,330.890144443109
365,5961.5784,,,,,,Frage 1,,,,,,1.0,343.0,376.0,354.0,312.0,0.8585215103420387,0.8602841134311089,5979.032000000007,577.74169921875,576.2679443359375,0.6278148889541626,0.3710511624813079,0.4767369925975799,0.3734723031520843,0.0,0.0,1.0,0.17901583710407235,0.3152478952291861,348.5,344.0,577.004821777344,271.719260500297,13581.2337303605,,,,,,,,,25.0,25.0,5936.5986,5969.90475,33.3061499999994,1.55207781424967,271.719260500297,13581.2337303605,,330.890144443109
366,5978.2311,,,,,,Frage 1,,,,,,1.0,-1.0,-1.0,540.0,166.0,0.0,0.882133636159112,5995.6870000000345,-1.0,576.1262817382812,-1.0,-1.0,0.4738314449787139,0.3712391257286071,4.0,0.0,1.0,0.2873303167420814,0.14873713751169312,540.0,166.0,576.126281738281,,,,,,,,,,,,,,,,,,,,
367,5994.9035,,,,,,Frage 1,,,,,,1.0,-1.0,-1.0,-1.0,-1.0,0.0,0.0,6012.342000000062,-1.0,-1.0,-1.0,-1.0,-1.0,-1.0,4.0,4.0,1.0,0.4759322966953752,0.3954061960765668,,,,,,,,,,,,,,,,,,,,,,,
368,6011.5409,,,,,,Frage 1,,,,,,1.0,-1.0,-1.0,-1.0,-1.0,0.0,0.0,6028.996999999974,-1.0,-1.0,-1.0,-1.0,-1.0,-1.0,4.0,4.0,1.0,0.4759322966953752,0.3954061960765668,,,,,,,,,,,,,,,,,,,,,,,
369,6028.1969,,,,,,Frage 1,,,,,,1.0,-1.0,-1.0,-1.0,-1.0,0.0,0.0,6045.651000000071,-1.0,-1.0,-1.0,-1.0,-1.0,-1.0,4.0,4.0,1.0,0.4759322966953752,0.3954061960765668,,,,,,,,,,,,,,,,,,,,,,,
370,6044.852,,,,,,Frage 1,,,,,,1.0,-1.0,-1.0,-1.0,-1.0,0.0,0.0,6062.305999999982,-1.0,-1.0,-1.0,-1.0,-1.0,-1.0,4.0,4.0,1.0,0.4759322966953752,0.3954061960765668,,,,,,,,,,,,,,,,,,,,,,,
371,6061.5055,,,,,,Frage 1,,,,,,1.0,-1.0,-1.0,-1.0,-1.0,0.0,0.0,6078.961000000009,-1.0,-1.0,-1.0,-1.0,-1.0,-1.0,4.0,4.0,1.0,0.4759322966953752,0.3954061960765668,,,,,,,,,,,,,,,,,,,,,,,
372,6078.1601,,,,,,Frage 1,,,,,,1.0,-1.0,-1.0,-1.0,-1.0,0.0,0.0,6095.614999999992,-1.0,-1.0,-1.0,-1.0,-1.0,-1.0,4.0,4.0,1.0,0.4759322966953752,0.3954061960765668,,,,,,,,,,,,,,,,,,,,,,,
373,6094.814,,,,,,Frage 1,,,,,,1.0,-1.0,-1.0,-1.0,-1.0,0.0,0.0,6112.270000000019,-1.0,-1.0,-1.0,-1.0,-1.0,-1.0,4.0,4.0,1.0,0.4759322966953752,0.3954061960765668,,,,,,,,,,,,,,,,,,,,,,,
374,6111.4707,,,,,,Frage 1,,,,,,1.0,-1.0,-1.0,-1.0,-1.0,0.0,0.0,6128.925000000048,-1.0,-1.0,-1.0,-1.0,-1.0,-1.0,4.0,4.0,1.0,0.4759322966953752,0.3954061960765668,,,,,,,,,,,,,,,,,,,,,,,
375,6128.1243,,,,,,Frage 1,,,,,,1.0,-1.0,-1.0,-1.0,-1.0,0.0,0.0,6145.579000000027,-1.0,-1.0,-1.0,-1.0,-1.0,-1.0,4.0,4.0,1.0,0.4759322966953752,0.3954061960765668,,,,,,,,,,,,,,,,,,,,,,,
376,6144.7784,,,,,,Frage 1,,,,,,1.0,-1.0,-1.0,-1.0,-1.0,0.0,0.0,6162.234000000055,-1.0,-1.0,-1.0,-1.0,-1.0,-1.0,4.0,4.0,1.0,0.4759322966953752,0.3954061960765668,,,,,,,,,,,,,,,,,,,,,,,
377,6161.434,,,,,,Frage 1,,,,,,1.0,-1.0,-1.0,-1.0,-1.0,0.0,0.0,6178.888999999967,-1.0,-1.0,-1.0,-1.0,-1.0,-1.0,4.0,4.0,1.0,0.4759322966953752,0.3954061960765668,,,,,,,,,,,,,,,,,,,,,,,
378,6178.0877,,,,,,Frage 1,,,,,,1.0,-1.0,-1.0,-1.0,-1.0,0.0,0.0,6195.543000000063,-1.0,-1.0,-1.0,-1.0,-1.0,-1.0,4.0,4.0,1.0,0.4759322966953752,0.3954061960765668,,,,,,,,,,,,,,,,,,,,,,,
379,6194.7434,,,,,,Frage 1,,,,,,1.0,-1.0,-1.0,-1.0,-1.0,0.0,0.0,6212.197999999975,-1.0,-1.0,-1.0,-1.0,-1.0,-1.0,4.0,4.0,1.0,0.4759322966953752,0.3954061960765668,,,,,,,,,,,,,,,,,,,,,,,
380,6211.3981,,,,,,Frage 1,,,,,,1.0,-1.0,-1.0,-1.0,-1.0,0.0,0.0,6228.853000000003,-1.0,-1.0,-1.0,-1.0,-1.0,-1.0,4.0,4.0,1.0,0.4759322966953752,0.3954061960765668,,,,,,,,,,,,,,,,,,,,,,,
381,6228.0516,,,,,,Frage 1,,,,,,1.0,-1.0,-1.0,-1.0,-1.0,0.0,0.018097082863962055,6245.506999999983,-1.0,-1.0,-1.0,-1.0,-1.0,-1.0,4.0,4.0,1.0,0.47307184518740275,0.394481298666511,,,,,,,,,,,,,,,,,,,,,,,
382,6244.7075,,,,,,Frage 1,,,,,,1.0,-1.0,-1.0,-1.0,-1.0,0.0,0.0,6262.162000000011,-1.0,-1.0,-1.0,-1.0,-1.0,-1.0,4.0,4.0,1.0,0.4759322966953752,0.3954061960765668,,,,,,,,,,,,,,,,,,,,,,,
383,6261.3616,,,,,,Frage 1,,,,,,1.0,-1.0,-1.0,-1.0,-1.0,0.0,0.0,6278.817000000039,-1.0,-1.0,-1.0,-1.0,-1.0,-1.0,4.0,4.0,1.0,0.4759322966953752,0.3954061960765668,,,,,,,,,,,,,,,,,,,,,,,
384,6278.0168,,,,,,Frage 1,,,,,,1.0,-1.0,-1.0,-1.0,-1.0,0.0,0.0,6295.472000000067,-1.0,-1.0,-1.0,-1.0,-1.0,-1.0,4.0,4.0,1.0,0.4759322966953752,0.3954061960765668,,,,,,,,,,,,,,,,,,,,,,,
385,6294.6718,,,,,,Frage 1,,,,,,1.0,-1.0,-1.0,-1.0,-1.0,0.0,0.0,6312.126000000048,-1.0,-1.0,-1.0,-1.0,-1.0,-1.0,4.0,4.0,1.0,0.4759322966953752,0.3954061960765668,,,,,,,,,,,,,,,,,,,,,,,
386,6311.3251,,,,,,Frage 1,,,,,,1.0,-1.0,-1.0,-1.0,-1.0,0.0,0.018097082863962055,6328.781000000075,-1.0,-1.0,-1.0,-1.0,-1.0,-1.0,4.0,4.0,1.0,0.47307184518740275,0.394481298666511,,,,,,,,,,,,,,,,,,,,,,,
387,6327.9811,,,,,,Frage 1,,,,,,1.0,-1.0,-1.0,-1.0,-1.0,0.0,0.0,6345.435999999987,-1.0,-1.0,-1.0,-1.0,-1.0,-1.0,4.0,4.0,1.0,0.4759322966953752,0.3954061960765668,,,,,,,,,,,,,,,,,,,,,,,
388,6344.6348,,,,,,Frage 1,,,,,,1.0,-1.0,-1.0,-1.0,-1.0,0.0,0.0,6362.089999999968,-1.0,-1.0,-1.0,-1.0,-1.0,-1.0,4.0,4.0,1.0,0.4759322966953752,0.3954061960765668,,,,,,,,,,,,,,,,,,,,,,,
389,6361.2907,,,,,,Frage 1,,,,,,1.0,-1.0,-1.0,-1.0,-1.0,0.0,0.0,6378.744999999995,-1.0,-1.0,-1.0,-1.0,-1.0,-1.0,4.0,4.0,1.0,0.4759322966953752,0.3954061960765668,,,,,,,,,,,,,,,,,,,,,,,
390,6377.9451,,,,,,Frage 1,,,,,,1.0,-1.0,-1.0,-1.0,-1.0,0.0,0.0,6395.400000000023,-1.0,-1.0,-1.0,-1.0,-1.0,-1.0,4.0,4.0,1.0,0.4759322966953752,0.3954061960765668,,,,,,,,,,,,,,,,,,,,,,,
391,6394.5987,,,,,,Frage 1,,,,,,1.0,-1.0,-1.0,435.0,659.0,0.0,0.8287123833602948,6412.054000000004,-1.0,576.03125,-1.0,-1.0,0.4739846587181091,0.3782962262630462,4.0,0.0,1.0,0.22794117647058817,0.6099158091674461,435.0,659.0,576.03125,,,,,,,,,,,,,,,,,,,,
392,6411.2544,,,,,,Frage 1,,,,,,1.0,508.0,676.0,486.0,638.0,0.8123130919275684,0.8326360841198591,6428.709000000032,576.6984252929688,575.1194458007812,0.6266629099845886,0.3716672360897064,0.4749865531921386,0.3756714463233947,0.0,0.0,1.0,0.2630090497737556,0.32653315626019236,497.0,657.0,575.908935546875,64.1588782266341,,,,,,,,,,26.0,26.0,6402.92655,6452.8912,49.9646499999999,2.39093111041084,69.3724812333349,313.054101519195,-596.346443949625,281.965128837749
393,6427.9084,,,,,,Frage 1,,,,,,1.0,523.0,632.0,484.0,630.0,0.8257779619468895,0.8403656407014988,6445.36400000006,576.3470458984375,574.7550659179688,0.6261099576950073,0.3708202838897705,0.4746987223625183,0.3745928406715393,0.0,0.0,1.0,0.2666855203619909,0.5837231057062675,503.5,631.0,575.551055908203,69.3724812333349,313.054101519195,,,,,,,,,26.0,26.0,6402.92655,6452.8912,49.9646499999999,2.39093111041084,69.3724812333349,313.054101519195,-596.346443949625,281.965128837749
394,6444.5635,,,,,,Frage 1,,,,,,1.0,549.0,587.0,477.0,576.0,0.8399667497091848,0.8511404175996058,6462.01800000004,576.3672485351562,574.7859497070312,0.6261669397354126,0.3709560930728912,0.4749232232570648,0.3745893537998199,0.0,0.0,1.0,0.27205882352941174,0.5374181478016837,513.0,581.5,575.576599121094,59.4402715747095,-596.346443949625,,,,,,,,,26.0,26.0,6402.92655,6452.8912,49.9646499999999,2.39093111041084,69.3724812333349,313.054101519195,-596.346443949625,281.965128837749
395,6461.2189,,,,,,Frage 1,,,,,,1.0,568.0,573.0,493.0,568.0,0.843698670487621,0.8560229476232819,6478.673000000068,575.9208374023438,574.3515014648438,0.6263512372970581,0.3710299730300903,0.4751994311809539,0.3745315670967102,0.0,0.0,1.0,0.42377303930215837,0.5271281571562207,530.5,570.5,575.136169433594,26.3537890813451,-1986.53184512921,25.0,24.0,527.5,561.375,6452.8912,6519.50985,66.6186500000003,0.191569915370924,,,,,,,,,,
396,6477.873,,,,,,Frage 1,,,,,,1.0,569.0,540.0,491.0,575.0,0.852315787897094,0.859068167939749,6495.32799999998,576.477783203125,574.908935546875,0.6262134313583374,0.370987057685852,0.4751349091529846,0.3743813335895538,0.0,0.0,1.0,0.2816742081447963,0.5149672591206735,530.0,557.5,575.693359375,9.88993221890171,-988.576798652805,25.0,24.0,527.5,561.375,6452.8912,6519.50985,66.6186500000003,0.191569915370924,,,,,,,,,,
397,6494.5275,,,,,,Frage 1,,,,,,1.0,552.0,547.0,498.0,575.0,0.8519663103660029,0.863763217381057,6511.98199999996,576.0025024414064,574.4346313476562,0.6262223124504089,0.3709089756011962,0.4751842617988586,0.3742507696151733,0.0,0.0,1.0,0.2788461538461538,0.5182413470533208,525.0,561.0,575.218566894531,4.93955833818239,-297.23941761801,25.0,24.0,527.5,561.375,6452.8912,6519.50985,66.6186500000003,0.191569915370924,,,,,,,,,,
398,6511.182,,,,,,Frage 1,,,,,,1.0,550.0,548.0,499.0,565.0,0.8619230642938989,0.8672182166847006,6528.636999999988,575.796630859375,574.2271728515625,0.6261869072914124,0.3708672523498535,0.475150316953659,0.3741649091243743,0.0,0.0,1.0,0.27856334841628955,0.5140318054256314,524.5,556.5,575.011901855469,5.00536750741198,3.95143470110735,25.0,24.0,527.5,561.375,6452.8912,6519.50985,66.6186500000003,0.191569915370924,,,,,,,,,,
399,6527.8377,,,,,,Frage 1,,,,,,1.0,557.0,547.0,492.0,564.0,0.8569937942775552,0.8694492356148827,6545.292000000016,575.556396484375,573.985595703125,0.6261732578277587,0.3708786964416503,0.4751264750957489,0.3741471171379089,0.0,0.0,1.0,0.27856334841628955,0.5130963517305893,524.5,555.5,574.77099609375,48.2921958572231,2598.91979021059,,,,,,,,,27.0,27.0,6519.50985,6586.12855,66.6186999999991,6.49456278107116,139.203799554039,3263.34243641606,-2293.12451475736,215.967030301029
400,6544.4923,,,,,,Frage 1,,,,,,1.0,527.0,537.0,416.0,547.0,0.8762794467418564,0.8760485521142453,6561.947000000044,573.4125366210938,571.8621215820312,0.6268661022186279,0.3706379532814025,0.4757654964923858,0.3739005029201507,0.0,0.0,1.0,0.24858597285067865,0.3218667545592722,471.5,542.0,572.637329101563,102.641858798758,3263.34243641606,,,,,,,,,27.0,27.0,6519.50985,6586.12855,66.6186999999991,6.49456278107116,139.203799554039,3263.34243641606,-2293.12451475736,215.967030301029
401,6561.1449,,,,,,Frage 1,,,,,,1.0,478.0,491.0,363.0,514.0,0.8643428075027834,0.8775001874805823,6578.601000000024,574.7061157226562,573.1803588867188,0.6272336244583129,0.3702804148197174,0.4761894941329956,0.3734612464904785,0.0,0.0,1.0,0.21973981900452486,0.4635173058933582,420.5,502.5,573.943237304688,139.203799554039,2195.56950597988,,,,,,,,,27.0,27.0,6519.50985,6586.12855,66.6186999999991,6.49456278107116,139.203799554039,3263.34243641606,-2293.12451475736,215.967030301029
402,6577.8017,,,,,,Frage 1,,,,,,1.0,402.0,423.0,308.0,442.0,0.865069221513837,0.8795035514178888,6595.256000000052,577.6702880859375,576.1473999023438,0.6268578171730042,0.3703743517398834,0.4759810268878936,0.3734448254108429,0.0,0.0,1.0,0.36470210610242826,0.39803554724041157,355.0,432.5,576.908843994141,101.007683136629,-2293.12451475736,,,,,,,,,27.0,27.0,6519.50985,6586.12855,66.6186999999991,6.49456278107116,139.203799554039,3263.34243641606,-2293.12451475736,215.967030301029
403,6594.4554,,,,,,Frage 1,,,,,,1.0,377.0,416.0,293.0,427.0,0.867967388753813,0.8833656514146749,6611.910999999964,578.4232177734375,576.909423828125,0.6269667148590087,0.3707000911235809,0.4761046767234802,0.3737223148345947,0.0,0.0,1.0,0.17138009049773753,0.38774555659494847,335.0,421.5,577.666320800781,20.3660852703984,-4842.26315270669,26.0,25.0,336.833333333333,415.416666666667,6586.12855,6686.05655,99.9279999999999,0.211766866361756,,,,,,,,,,
404,6611.1097,,,,,,Frage 1,,,,,,1.0,378.0,409.0,295.0,425.0,0.8733817942176448,0.8892766463473425,6628.5650000000605,577.688720703125,576.1983642578125,0.6275603771209716,0.3708862662315368,0.4766539931297302,0.373835265636444,0.0,0.0,1.0,0.17222850678733026,0.3835360149672591,336.5,417.0,576.943542480469,5.95133574925374,-865.527192445466,26.0,25.0,336.833333333333,415.416666666667,6586.12855,6686.05655,99.9279999999999,0.211766866361756,,,,,,,,,,
405,6627.7656,,,,,,Frage 1,,,,,,1.0,382.0,406.0,302.0,440.0,0.8748495998482269,0.8905809755418188,6645.219999999972,577.9298095703125,576.4635009765625,0.6280316114425659,0.3709839284420013,0.4771054685115814,0.3737903237342834,0.0,0.0,1.0,0.1753393665158371,0.38914873713751164,342.0,423.0,577.196655273438,4.80579257447771,-68.7770204417679,26.0,25.0,336.833333333333,415.416666666667,6586.12855,6686.05655,99.9279999999999,0.211766866361756,,,,,,,,,,
406,6644.4195,,,,,,Frage 1,,,,,,1.0,380.0,396.0,288.0,428.0,0.8909005569266377,0.8940868624321053,6661.875,578.0791015625,576.6347045898438,0.6284748315811157,0.3711874783039093,0.4775075912475585,0.3738456070423126,0.0,0.0,1.0,0.17081447963800903,0.3788587464920486,334.0,412.0,577.356903076172,17.381510988454,755.121527928957,26.0,25.0,336.833333333333,415.416666666667,6586.12855,6686.05655,99.9279999999999,0.211766866361756,,,,,,,,,,
407,6661.0751,,,,,,Frage 1,,,,,,1.0,383.0,387.0,285.0,422.0,0.8793054383696374,0.8946225212388718,6678.52899999998,578.4061279296875,576.9879150390625,0.6289990544319152,0.3712304830551147,0.4779779016971588,0.3737196028232574,0.0,0.0,1.0,0.17081447963800903,0.3718428437792329,334.0,404.5,577.697021484375,5.02628179001289,-741.806311297163,26.0,25.0,336.833333333333,415.416666666667,6586.12855,6686.05655,99.9279999999999,0.211766866361756,,,,,,,,,,
408,6677.7287,,,,,,Frage 1,,,,,,1.0,389.0,397.0,290.0,432.0,0.8821786429288214,0.8980052066036017,6695.184000000008,578.793701171875,577.3966064453125,0.6293818354606628,0.3710982203483581,0.4783408939838409,0.3734271526336669,0.0,0.0,1.0,0.17392533936651583,0.3811973807296538,339.5,414.5,578.095153808594,6.37116133443331,80.7560854362089,26.0,25.0,336.833333333333,415.416666666667,6586.12855,6686.05655,99.9279999999999,0.211766866361756,,,,,,,,,,
409,6694.3844,,,,,,Frage 1,,,,,,1.0,385.0,410.0,292.0,411.0,0.8822884787243073,0.8905515143074468,6711.839000000036,579.1478271484375,577.7744140625,0.6294102668762207,0.3721640706062316,0.4785409271717071,0.373704969882965,0.0,0.0,1.0,0.17335972850678733,0.3774555659494854,338.5,410.5,578.461120605469,,,,,,,,,,,,,,,,,,,,
410,6711.0373,,,,,,Frage 1,,,,,,1.0,-1.0,-1.0,-1.0,-1.0,0.0,0.0,6728.493000000017,-1.0,-1.0,-1.0,-1.0,-1.0,-1.0,4.0,4.0,1.0,0.4759322966953752,0.3954061960765668,,,,,,,,,,,,,,,,,,,,,,,
411,6727.6928,,,,,,Frage 1,,,,,,1.0,-1.0,-1.0,-1.0,-1.0,0.0,0.0,6745.148000000045,-1.0,-1.0,-1.0,-1.0,-1.0,-1.0,4.0,4.0,1.0,0.4759322966953752,0.3954061960765668,,,,,,,,,,,,,,,,,,,,,,,
412,6744.3485,,,,,,Frage 1,,,,,,1.0,-1.0,-1.0,-1.0,-1.0,0.0,0.0,6761.803000000073,-1.0,-1.0,-1.0,-1.0,-1.0,-1.0,4.0,4.0,1.0,0.4759322966953752,0.3954061960765668,,,,,,,,,,,,,,,,,,,,,,,
413,6761.0018,,,,,,Frage 1,,,,,,1.0,-1.0,-1.0,-1.0,-1.0,0.0,0.0,6778.457000000053,-1.0,-1.0,-1.0,-1.0,-1.0,-1.0,4.0,4.0,1.0,0.4759322966953752,0.3954061960765668,,,,,,,,,,,,,,,,,,,,,,,
414,6777.6581,,,,,,Frage 1,,,,,,1.0,-1.0,-1.0,271.0,448.0,0.0,0.8352099246863718,6795.111999999965,-1.0,577.75634765625,-1.0,-1.0,0.4774046540260314,0.3796535730361938,4.0,0.0,1.0,0.13518099547511306,0.41253507951356405,271.0,448.0,577.75634765625,,,,,,,,,,,,,,,,,,,,
415,6794.3118,,,,,,Frage 1,,,,,,1.0,-1.0,-1.0,271.0,448.0,0.0,0.8352099246863718,6811.766999999993,-1.0,577.7809448242188,-1.0,-1.0,0.4795720279216766,0.3772515952587127,4.0,0.0,1.0,0.13518099547511306,0.41253507951356405,271.0,448.0,577.780944824219,69.1116153153943,,,,,,,,,,28.0,28.0,6785.98495,6852.6029,66.6179499999998,4.24859207269091,69.2306930778019,7.14949880564872,-1080.45731316132,293.962488974578
416,6803.4208,,,,,,Frage 1,1.0,2.10877275466919,29.3955867036532,0.955036282539368,211.79296875,,,,,,0.6585048574425887,0.6495113533451946,,,,,,,,,,,0.37959439571535225,0.3642823432120883,,,,,,,,,,,,,,,,,,,,,,,
417,6810.9672,,,,,,Frage 1,,,,,,1.0,337.0,450.0,284.0,307.0,0.8573332867363292,0.8910844948201794,6828.4220000000205,578.9959716796875,577.7877197265625,0.6350667476654052,0.3734209835529327,0.4800199270248413,0.3729120790958404,0.0,0.0,1.0,0.1575226244343891,0.3475210477081384,310.5,378.5,578.391845703125,69.2306930778019,7.14949880564872,,,,,,,,,28.0,28.0,6785.98495,6852.6029,66.6179499999998,4.24859207269091,69.2306930778019,7.14949880564872,-1080.45731316132,293.962488974578
418,6827.621,,,,,,Frage 1,,,,,,1.0,337.0,450.0,283.0,306.0,0.8573332867363292,0.8945448507118905,6845.076000000001,579.4889526367188,578.2190551757812,0.6331544518470764,0.369983822107315,0.4792239367961883,0.3701160550117492,0.0,0.0,1.0,0.15723981900452486,0.34705332086061735,310.0,378.0,578.85400390625,51.2369730758759,-1080.45731316132,,,,,,,,,28.0,28.0,6785.98495,6852.6029,66.6179499999998,4.24859207269091,69.2306930778019,7.14949880564872,-1080.45731316132,293.962488974578
419,6844.2749,,,,,,Frage 1,,,,,,1.0,364.0,308.0,290.0,336.0,0.887323451440097,0.8917165722121637,6861.731000000029,580.0883178710938,578.8211059570312,0.6328012943267822,0.3697662055492401,0.4796110987663269,0.3702317178249359,0.0,0.0,1.0,0.16685520361990944,0.29466791393826003,327.0,322.0,579.454711914063,47.5499612617625,-221.39029381186,,,,,,,,,28.0,28.0,6785.98495,6852.6029,66.6179499999998,4.24859207269091,69.2306930778019,7.14949880564872,-1080.45731316132,293.962488974578
420,6860.9309,,,,,,Frage 1,,,,,,1.0,373.0,306.0,289.0,349.0,0.8896649508984069,0.894266308132372,6878.386000000057,580.1925048828125,578.92919921875,0.6326051950454711,0.3696825504302978,0.4799497723579406,0.3703466951847076,0.0,0.0,1.0,0.16911764705882348,0.29612157891372326,331.0,327.5,579.560852050781,15.5678508530036,-1920.15552406094,,,,,,,,,,,,,,,,,,
421,6877.5842,,,,,,Frage 1,,,,,,1.0,378.0,309.0,305.0,313.0,0.8883119735994688,0.891328219577258,6895.040000000037,580.0908203125,578.83251953125,0.6325374245643615,0.369547426700592,0.4802604019641876,0.3703645765781402,0.0,0.0,1.0,0.17505656108597278,0.284377923292797,341.5,311.0,579.461669921875,42.1895990804948,1598.58696039171,,,,,,,,,29.0,29.0,6869.25755,6919.22205,49.9645000000001,2.24354567677824,63.1629225451368,1598.58696039171,-1425.43503977514,278.686354581237
422,6894.2401,,,,,,Frage 1,,,,,,1.0,367.0,292.0,331.0,273.0,0.8873958432143946,0.8858671780422742,6911.695000000065,579.5526123046875,578.2974853515625,0.6324755549430847,0.3691723644733429,0.4805337786674499,0.3700826168060302,0.0,0.0,1.0,0.1792986425339366,0.25771749298409724,349.0,282.5,578.925048828125,63.1629225451368,1259.2128593857,,,,,,,,,29.0,29.0,6869.25755,6919.22205,49.9645000000001,2.24354567677824,63.1629225451368,1598.58696039171,-1425.43503977514,278.686354581237
423,6910.8955,,,,,,Frage 1,,,,,,1.0,381.0,255.0,324.0,223.0,0.8849195452798069,0.883379042884844,6928.349999999977,579.2301635742188,577.9774780273438,0.6324303746223449,0.3690434098243713,0.4806939661502838,0.3699797689914703,0.0,0.0,1.0,0.18127828054298636,0.2170252572497661,352.5,239.0,578.603820800781,39.4217317836665,-1425.43503977514,,,,,,,,,29.0,29.0,6869.25755,6919.22205,49.9645000000001,2.24354567677824,63.1629225451368,1598.58696039171,-1425.43503977514,278.686354581237
424,6927.5486,,,,,,Frage 1,,,,,,1.0,406.0,252.0,310.0,224.0,0.8827677621955178,0.8806712876166397,6945.004000000074,579.6874389648438,578.4409790039064,0.6324512958526611,0.3690474331378936,0.4808405041694641,0.3700055480003356,0.0,0.0,1.0,0.18438914027149317,0.21608980355472399,358.0,238.0,579.064208984375,5.50703631992347,-2036.53947095388,27.0,26.0,350.227272727273,226.909090909091,6919.22205,7102.42315,183.2011,0.280403023807006,,,,,,,,,,
425,6944.2049,,,,,,Frage 1,,,,,,1.0,401.0,248.0,316.0,225.0,0.8808406432383586,0.8788420127915322,6961.658999999985,579.9198608398438,578.6797485351562,0.6325055360794067,0.369009643793106,0.481019377708435,0.3700101375579834,0.0,0.0,1.0,0.18467194570135742,0.21468662301216088,358.5,236.5,579.2998046875,9.07990698297586,214.505662305102,27.0,26.0,350.227272727273,226.909090909091,6919.22205,7102.42315,183.2011,0.280403023807006,,,,,,,,,,
426,6960.8587,,,,,,Frage 1,,,,,,1.0,396.0,239.0,306.0,220.0,0.8791931063060725,0.8793401754818252,6978.314000000013,580.3003540039064,579.0686645507812,0.6326010227203369,0.3689692616462707,0.4812016487121582,0.3699797987937927,0.0,0.0,1.0,0.1804298642533936,0.2081384471468662,351.0,229.5,579.684509277344,12.0305751858863,177.176872720368,27.0,26.0,350.227272727273,226.909090909091,6919.22205,7102.42315,183.2011,0.280403023807006,,,,,,,,,,
427,6977.5135,,,,,,Frage 1,,,,,,1.0,398.0,237.0,293.0,222.0,0.8777452708201239,0.8783867028057808,6994.9679999999935,579.9627685546875,578.74609375,0.6329398155212402,0.3689339458942413,0.4815863668918609,0.3699404597282409,0.0,0.0,1.0,0.17731900452488683,0.2081384471468662,345.5,229.5,579.354431152344,2.53427409416516,-570.184036537277,27.0,26.0,350.227272727273,226.909090909091,6919.22205,7102.42315,183.2011,0.280403023807006,,,,,,,,,,
428,6994.1675,,,,,,Frage 1,,,,,,1.0,402.0,242.0,294.0,218.0,0.875650901901657,0.8687496753805014,7011.6230000000205,580.2658081054688,579.0657348632812,0.6332452893257141,0.3689116835594177,0.4819293022155761,0.3698967099189758,0.0,0.0,1.0,0.1787330316742081,0.20860617399438725,348.0,230.0,579.665771484375,3.49842346632315,57.8929609798255,27.0,26.0,350.227272727273,226.909090909091,6919.22205,7102.42315,183.2011,0.280403023807006,,,,,,,,,,
429,7010.8225,,,,,,Frage 1,,,,,,1.0,402.0,246.0,282.0,208.0,0.874275458190006,0.8766645597420267,7028.278000000049,580.4847412109375,579.2994384765625,0.6335324645042419,0.3689387440681457,0.4822364151477813,0.3699008524417877,0.0,0.0,1.0,0.1753393665158371,0.29813505843175026,342.0,227.0,579.89208984375,4.00154857762527,30.2086527350408,27.0,26.0,350.227272727273,226.909090909091,6919.22205,7102.42315,183.2011,0.280403023807006,,,,,,,,,,
430,7027.4768,,,,,,Frage 1,,,,,,1.0,395.0,242.0,292.0,214.0,0.8751791072346843,0.868478756175493,7044.93200000003,580.975341796875,579.8087158203125,0.6338657140731812,0.3690686523914337,0.4825952649116516,0.3699893355369567,0.0,0.0,1.0,0.17618778280542982,0.20673526660430305,343.5,228.0,580.392028808594,12.9990375752138,540.250205507791,27.0,26.0,350.227272727273,226.909090909091,6919.22205,7102.42315,183.2011,0.280403023807006,,,,,,,,,,
431,7044.1311,,,,,,Frage 1,,,,,,1.0,389.0,226.0,321.0,212.0,0.8741107044967773,0.8785661485060475,7061.587000000058,581.0264892578125,579.88232421875,0.6343179941177368,0.3692349195480346,0.4830773472785949,0.3700921535491943,0.0,0.0,1.0,0.18269230769230763,0.1983161833489242,355.0,219.0,580.454406738281,15.8340679466039,170.228131557029,27.0,26.0,350.227272727273,226.909090909091,6919.22205,7102.42315,183.2011,0.280403023807006,,,,,,,,,,
432,7060.7867,,,,,,Frage 1,,,,,,1.0,383.0,225.0,315.0,196.0,0.8796599033113716,0.8759708815872641,7078.241999999968,580.8424682617188,579.7200317382812,0.6347787380218505,0.3693942725658416,0.4835594594478607,0.3701867163181304,0.0,0.0,1.0,0.1792986425339366,0.19036482694106638,349.0,210.5,580.28125,2.33068323947714,-810.741414726979,27.0,26.0,350.227272727273,226.909090909091,6919.22205,7102.42315,183.2011,0.280403023807006,,,,,,,,,,
433,7077.443,,,,,,Frage 1,,,,,,1.0,397.0,243.0,311.0,200.0,0.8734516897238628,0.8756280599509336,7094.896999999997,580.3455810546875,579.2445068359375,0.6352916359901428,0.3694129586219787,0.4840599298477172,0.3701445162296295,0.0,0.0,1.0,0.27959519902960495,0.20065481758652942,354.0,221.5,579.795043945313,13.7408822289678,685.038033025956,27.0,26.0,350.227272727273,226.909090909091,6919.22205,7102.42315,183.2011,0.280403023807006,,,,,,,,,,
434,7094.0955,,,,,,Frage 1,,,,,,1.0,399.0,247.0,297.0,206.0,0.8726903279597003,0.8768841798528009,7111.550999999978,579.5995483398438,578.5208129882812,0.6358670592308044,0.3693961501121521,0.4845972061157226,0.3700548410415649,0.0,0.0,1.0,0.1787330316742081,0.20533208606173992,348.0,226.5,579.060180664063,19.2622927881554,331.566465046548,27.0,26.0,350.227272727273,226.909090909091,6919.22205,7102.42315,183.2011,0.280403023807006,,,,,,,,,,
435,7110.7508,,,,,,Frage 1,,,,,,1.0,421.0,220.0,318.0,191.0,0.8707332537855905,0.8621334911125135,7128.206000000006,580.0867919921875,579.0101318359375,0.6357984542846679,0.3692672550678253,0.484556496143341,0.3698344826698303,0.0,0.0,1.0,0.190893665158371,0.1856875584658559,369.5,205.5,579.548461914063,56.1082068184689,2212.2636055979,,,,,,,,,30.0,30.0,7102.42315,7135.7325,33.3093499999995,1.08817774338045,56.1082068184689,2212.2636055979,-428.044412398585,326.534620653645
436,7127.4053,,,,,,Frage 1,,,,,,1.0,456.0,197.0,342.0,175.0,0.8792520834929669,0.874441575693946,7144.8610000000335,580.2501220703125,579.1837158203125,0.6359541416168212,0.3690434396266937,0.484727919101715,0.3695117831230163,0.0,0.0,1.0,0.20757918552036195,0.16744621141253505,399.0,186.0,579.716918945313,48.9793411521764,-428.044412398585,,,,,,,,,30.0,30.0,7102.42315,7135.7325,33.3093499999995,1.08817774338045,56.1082068184689,2212.2636055979,-428.044412398585,326.534620653645
437,7144.0597,,,,,,Frage 1,,,,,,1.0,465.0,198.0,368.0,149.0,0.8688984967473626,0.8744255059297429,7161.515000000014,579.6708374023438,578.6221313476562,0.6363828778266906,0.3689514398574829,0.485167384147644,0.3693664669990539,0.0,0.0,1.0,0.2174773755656108,0.15575304022450887,416.5,173.5,579.146484375,20.1520303952897,-1730.91259708471,28.0,27.0,417.321415272135,175.000005794614,7135.7325,7385.5534,249.820900000001,0.376243475608849,,,,,,,,,,
438,7160.7158,,,,,,Frage 1,,,,,,1.0,466.0,193.0,375.0,160.0,0.8685664930928262,0.8750200872052537,7178.170000000042,579.33544921875,578.303466796875,0.6367585659027098,0.3687818348407745,0.4855526089668273,0.3691353201866149,0.0,0.0,1.0,0.21973981900452486,0.15855940130963514,420.5,176.5,578.819458007813,7.33451741394565,-769.538666395132,28.0,27.0,417.321415272135,175.000005794614,7135.7325,7385.5534,249.820900000001,0.376243475608849,,,,,,,,,,
439,7177.3697,,,,,,Frage 1,,,,,,1.0,467.0,189.0,369.0,175.0,0.8779912389252928,0.872877451978188,7194.82500000007,579.327392578125,578.3056640625,0.6369554996490479,0.3686251044273376,0.4857505559921264,0.3689106106758117,0.0,0.0,1.0,0.2183257918552036,0.1637043966323667,418.0,182.0,578.816528320313,6.59911405885788,-44.1580263534524,28.0,27.0,417.321415272135,175.000005794614,7135.7325,7385.5534,249.820900000001,0.376243475608849,,,,,,,,,,
440,7194.0239,,,,,,Frage 1,,,,,,1.0,470.0,200.0,358.0,161.0,0.8645799529703093,0.8701616618278821,7211.479000000049,579.2222900390625,578.2130126953125,0.6372488737106323,0.3685236573219299,0.4860250651836395,0.3687866032123565,0.0,0.0,1.0,0.21606334841628952,0.16230121608980352,414.0,180.5,578.717651367188,6.04624911373801,-33.1967278596313,28.0,27.0,417.321415272135,175.000005794614,7135.7325,7385.5534,249.820900000001,0.376243475608849,,,,,,,,,,
441,7210.6779,,,,,,Frage 1,,,,,,1.0,470.0,200.0,367.0,150.0,0.8633717592199662,0.8690689178620785,7228.133999999962,578.9610595703125,577.9642333984375,0.6375579237937927,0.3685585856437683,0.4863282740116119,0.3688114583492279,0.0,0.0,1.0,0.21860859728506785,0.157156220767072,418.5,175.0,578.462646484375,8.41620796615571,142.305683464499,28.0,27.0,417.321415272135,175.000005794614,7135.7325,7385.5534,249.820900000001,0.376243475608849,,,,,,,,,,
442,7227.334,,,,,,Frage 1,,,,,,1.0,463.0,197.0,381.0,153.0,0.8638785016400482,0.8682868560041995,7244.788999999991,578.972900390625,577.9923095703125,0.6378893256187439,0.3687000572681427,0.4866778552532196,0.3689022660255432,0.0,0.0,1.0,0.2205882352941176,0.157156220767072,422.0,175.0,578.482604980469,8.28863330765243,-7.65933552892236,28.0,27.0,417.321415272135,175.000005794614,7135.7325,7385.5534,249.820900000001,0.376243475608849,,,,,,,,,,
443,7243.9885,,,,,,Frage 1,,,,,,1.0,467.0,192.0,388.0,151.0,0.8621111438399593,0.8656165968524688,7261.442999999969,578.86279296875,577.8975830078125,0.6382199525833129,0.3688122332096099,0.4870022535324096,0.3689441978931427,0.0,0.0,1.0,0.2236990950226244,0.15388213283442467,427.5,171.5,578.380187988281,15.4470540027086,429.819009580347,28.0,27.0,417.321415272135,175.000005794614,7135.7325,7385.5534,249.820900000001,0.376243475608849,,,,,,,,,,
444,7260.6426,,,,,,Frage 1,,,,,,1.0,474.0,191.0,383.0,126.0,0.8606058941881887,0.8651559302786499,7278.097999999998,578.6262817382812,577.6770629882812,0.6386023759841918,0.3688755631446838,0.4873650968074798,0.3689793348312377,0.0,0.0,1.0,0.2242647058823529,0.14172123479887738,428.5,158.5,578.151672363281,9.01293796372479,-386.338261388118,28.0,27.0,417.321415272135,175.000005794614,7135.7325,7385.5534,249.820900000001,0.376243475608849,,,,,,,,,,
445,7277.2988,,,,,,Frage 1,,,,,,1.0,469.0,193.0,399.0,134.0,0.8578525104968073,0.8628552757035878,7294.753000000025,578.4271240234375,577.4903564453125,0.6388773918151855,0.3687111735343933,0.4876617491245269,0.3687787950038909,0.0,0.0,1.0,0.22737556561085967,0.14639850327408788,434.0,163.5,577.958740234375,13.929705984689,295.191461495679,28.0,27.0,417.321415272135,175.000005794614,7135.7325,7385.5534,249.820900000001,0.376243475608849,,,,,,,,,,
446,7293.9515,,,,,,Frage 1,,,,,,1.0,458.0,191.0,395.0,158.0,0.7149134809976744,0.7104730603430329,7311.4070000000065,577.8772583007812,576.9526977539064,0.6391720175743103,0.368455171585083,0.4879623353481292,0.368451178073883,0.0,0.0,1.0,0.22313348416289588,0.15668849391955095,426.5,174.5,577.414978027344,31.8040309282863,1073.35897143387,28.0,27.0,417.321415272135,175.000005794614,7135.7325,7385.5534,249.820900000001,0.376243475608849,,,,,,,,,,
447,7310.6072,,,,,,Frage 1,,,,,,1.0,455.0,184.0,344.0,170.0,0.8549992760822571,0.8613447178685064,7328.062000000034,578.0891723632812,577.1658325195312,0.6391590237617492,0.3683115243911743,0.4879150390625,0.3682257235050201,0.0,0.0,1.0,0.2078619909502262,0.1590271281571562,399.5,177.0,577.627502441406,25.5871354782262,-373.259331643821,28.0,27.0,417.321415272135,175.000005794614,7135.7325,7385.5534,249.820900000001,0.376243475608849,,,,,,,,,,
448,7327.2634,,,,,,Frage 1,,,,,,1.0,457.0,196.0,345.0,183.0,0.8518989111278639,0.8609108342350256,7344.717000000062,578.1840209960938,577.2662963867188,0.6392745971679688,0.3680418133735656,0.4879842102527618,0.3679015934467315,0.0,0.0,1.0,0.20871040723981896,0.17072029934518235,401.0,189.5,577.725158691406,11.4294134379914,-849.997120605859,28.0,27.0,417.321415272135,175.000005794614,7135.7325,7385.5534,249.820900000001,0.376243475608849,,,,,,,,,,
449,7343.9166,,,,,,Frage 1,,,,,,1.0,466.0,204.0,357.0,164.0,0.8503537211868257,0.860554621128526,7361.371999999975,578.1625366210938,577.2504272460938,0.6394327282905578,0.3680503964424133,0.4881031513214111,0.3679132759571075,0.0,0.0,1.0,0.21464932126696826,0.16557530402245085,411.5,184.0,577.706481933594,14.5366304422138,186.583779947546,28.0,27.0,417.321415272135,175.000005794614,7135.7325,7385.5534,249.820900000001,0.376243475608849,,,,,,,,,,
450,7360.571,,,,,,Frage 1,,,,,,1.0,466.0,197.0,354.0,154.0,0.8494151243890384,0.8597511329183762,7378.026000000071,578.0330200195312,577.1257934570312,0.6395930051803588,0.3681032359600067,0.4882147908210754,0.3679735958576202,0.0,0.0,1.0,0.2138009049773755,0.15762394761459303,410.0,175.5,577.579406738281,16.2673724366552,103.921005526546,28.0,27.0,417.321415272135,175.000005794614,7135.7325,7385.5534,249.820900000001,0.376243475608849,,,,,,,,,,
451,7377.2253,,,,,,Frage 1,,,,,,1.0,468.0,188.0,374.0,148.0,0.8487760797607578,0.8589958540008357,7394.680999999982,577.3622436523438,576.4660034179688,0.639954924583435,0.3681974112987518,0.4885284900665283,0.368081122636795,0.0,0.0,1.0,0.2200226244343891,0.15060804490177732,421.0,168.0,576.914123535156,10.3752496210829,-353.789881026055,28.0,27.0,417.321415272135,175.000005794614,7135.7325,7385.5534,249.820900000001,0.376243475608849,,,,,,,,,,
452,7393.8815,,,,,,Frage 1,,,,,,1.0,478.0,187.0,366.0,171.0,0.8500242138003685,0.8617973495602241,7411.336000000009,577.5513916015625,576.6707763671875,0.6402723789215087,0.3685589730739593,0.4888217151165008,0.3683778047561645,0.0,0.0,1.0,0.2205882352941176,0.16089803554724036,422.0,179.0,577.111083984375,128.833152939736,7111.94049775165,,,,,,,,,31.0,31.0,7385.5534,7435.51755,49.9641499999998,6.34593385593184,179.540813950436,7111.94049775165,-6328.76179538151,121.946147478852
453,7410.5359,,,,,,Frage 1,,,,,,1.0,412.0,292.0,288.0,302.0,0.8500766354300323,0.8630722175203281,7427.989999999991,576.1891479492188,575.3445434570312,0.6412097811698912,0.3692096471786499,0.4898275732994079,0.3690309822559356,0.0,0.0,1.0,0.1798642533936651,0.2712815715622076,350.0,297.0,575.766845703125,179.540813950436,3044.70056025443,,,,,,,,,31.0,31.0,7385.5534,7435.51755,49.9641499999998,6.34593385593184,179.540813950436,7111.94049775165,-6328.76179538151,121.946147478852
454,7427.1894,,,,,,Frage 1,,,,,,1.0,362.0,358.0,265.0,348.0,0.84899325508365,0.8593038578147263,7444.645000000018,574.8756713867188,574.0602416992188,0.6419744491577148,0.3698532283306121,0.4906777739524841,0.3696714341640472,0.0,0.0,1.0,0.33502802611299565,0.32366697848456494,313.5,353.0,574.467956542969,74.1447793910479,-6328.76179538151,,,,,,,,,31.0,31.0,7385.5534,7435.51755,49.9641499999998,6.34593385593184,179.540813950436,7111.94049775165,-6328.76179538151,121.946147478852
455,7443.8457,,,,,,Frage 1,,,,,,1.0,357.0,378.0,278.0,372.0,0.8459128602738906,0.8557792228662031,7461.300000000047,575.0194702148438,574.20849609375,0.6419969797134399,0.3697784841060638,0.490722507238388,0.3694869577884674,0.0,0.0,1.0,0.1614819004524886,0.3442469597754911,317.5,375.0,574.613983154297,23.2641769436408,-3054.73619275638,29.0,28.0,303.706896551724,391.103448275862,7435.51755,7918.50375,482.986199999999,0.491870096305631,,,,,,,,,,
456,7460.4979,,,,,,Frage 1,,,,,,1.0,357.0,391.0,288.0,366.0,0.8435214354539963,0.85563727328241,7477.954000000027,574.8859252929688,574.0892944335938,0.6423162817955017,0.3695540428161621,0.4910223186016082,0.3692045509815216,0.0,0.0,1.0,0.16430995475113114,0.3475210477081384,322.5,378.5,574.487609863281,4.88550418205638,-1103.67835851022,29.0,28.0,303.706896551724,391.103448275862,7435.51755,7918.50375,482.986199999999,0.491870096305631,,,,,,,,,,
457,7477.1553,,,,,,Frage 1,,,,,,1.0,352.0,397.0,275.0,361.0,0.843201913139856,0.8551283974159821,7494.609000000056,575.4047241210938,574.6122436523438,0.6423203945159912,0.3693691194057464,0.4910359680652618,0.3689754903316497,0.0,0.0,1.0,0.15921945701357462,0.34798877455565946,313.5,379.0,575.008483886719,12.1935776897063,438.728343417936,29.0,28.0,303.706896551724,391.103448275862,7435.51755,7918.50375,482.986199999999,0.491870096305631,,,,,,,,,,
458,7493.8086,,,,,,Frage 1,,,,,,1.0,354.0,398.0,275.0,382.0,0.8545370234581922,0.8557203003974588,7511.2639999999665,575.55712890625,574.7728271484375,0.6424551010131835,0.369160771369934,0.4911539554595947,0.3686826229095459,0.0,0.0,1.0,0.15978506787330315,0.3582787652011225,314.5,390.0,575.164978027344,6.87119264685094,-319.599421307213,29.0,28.0,303.706896551724,391.103448275862,7435.51755,7918.50375,482.986199999999,0.491870096305631,,,,,,,,,,
459,7510.463,,,,,,Frage 1,,,,,,1.0,363.0,386.0,272.0,386.0,0.8474231024618197,0.8571906838220328,7527.918000000062,575.8140869140625,575.0345458984375,0.6425219178199768,0.3690834939479827,0.4911969900131225,0.3685480058193206,0.0,0.0,1.0,0.1614819004524886,0.3545369504209541,317.5,386.0,575.42431640625,5.0360524219644,-110.189512974746,29.0,28.0,303.706896551724,391.103448275862,7435.51755,7918.50375,482.986199999999,0.491870096305631,,,,,,,,,,
460,7527.1193,,,,,,Frage 1,,,,,,1.0,364.0,386.0,261.0,383.0,0.8461899460306842,0.8552810601759103,7544.572999999976,575.66845703125,574.8917236328125,0.6426119804382324,0.3689320385456085,0.491242915391922,0.3683634996414184,0.0,0.0,1.0,0.15865384615384612,0.35313376987839096,312.5,384.5,575.280090332031,10.040142322754,300.432262914897,29.0,28.0,303.706896551724,391.103448275862,7435.51755,7918.50375,482.986199999999,0.491870096305631,,,,,,,,,,
461,7543.7727,,,,,,Frage 1,,,,,,1.0,356.0,392.0,255.0,383.0,0.846706673523083,0.856625563780894,7561.228000000003,575.7421264648438,574.9651489257812,0.6426033973693847,0.3688624501228332,0.4912057518959045,0.368269920349121,0.0,0.0,1.0,0.15469457013574658,0.3559401309635173,305.5,387.5,575.353637695313,6.3847521984874,-219.498127965852,29.0,28.0,303.706896551724,391.103448275862,7435.51755,7918.50375,482.986199999999,0.491870096305631,,,,,,,,,,
462,7560.4274,,,,,,Frage 1,,,,,,1.0,357.0,383.0,257.0,396.0,0.848621311139846,0.8626677951212195,7577.881999999982,575.77880859375,575.0029296875,0.6426296830177307,0.3688981831073761,0.4911989867687225,0.3682755827903747,0.0,0.0,1.0,0.3493928093102578,0.35781103835360145,307.0,389.5,575.390869140625,1.776185086962,-276.712706414744,29.0,28.0,303.706896551724,391.103448275862,7435.51755,7918.50375,482.986199999999,0.491870096305631,,,,,,,,,,
463,7577.0811,,,,,,Frage 1,,,,,,1.0,354.0,382.0,260.0,396.0,0.8499143780048828,0.8638194615557674,7594.537000000011,575.9445190429688,575.1681518554688,0.6425999999046325,0.3689048290252685,0.4911543428897857,0.3682649731636047,0.0,0.0,1.0,0.34904360229798526,0.3573433115060804,307.0,389.0,575.556335449219,5.33420104651069,213.64717507512,29.0,28.0,303.706896551724,391.103448275862,7435.51755,7918.50375,482.986199999999,0.491870096305631,,,,,,,,,,
464,7593.7366,,,,,,Frage 1,,,,,,1.0,349.0,379.0,259.0,389.0,0.8508280121218779,0.8626115509465092,7611.192000000038,576.0496826171875,575.2728271484375,0.6425880193710327,0.3690780699253082,0.4911263883113861,0.3684394657611846,0.0,0.0,1.0,0.15384615384615383,0.3526660430308699,304.0,384.0,575.661254882813,4.60166865040361,-43.9814113120038,29.0,28.0,303.706896551724,391.103448275862,7435.51755,7918.50375,482.986199999999,0.491870096305631,,,,,,,,,,
465,7610.3919,,,,,,Frage 1,,,,,,1.0,355.0,371.0,268.0,401.0,0.851831511889725,0.8641515700159625,7627.847000000067,575.8698120117188,575.0966186523438,0.6427061557769775,0.3692470490932464,0.4912168681621551,0.3685949146747589,0.0,0.0,1.0,0.15808823529411759,0.3545369504209541,311.5,386.0,575.483215332031,16.9964542683181,744.194677845183,29.0,28.0,303.706896551724,391.103448275862,7435.51755,7918.50375,482.986199999999,0.491870096305631,,,,,,,,,,
466,7627.0452,,,,,,Frage 1,,,,,,1.0,360.0,368.0,289.0,404.0,0.8517291648984769,0.8654103682118638,7644.501000000047,575.8955688476562,575.1264038085938,0.6427890062332153,0.3694687783718109,0.491292119026184,0.3687886595726013,0.0,0.0,1.0,0.34762347324863785,0.3545369504209541,324.5,386.0,575.510986328125,7.76880541053835,-554.103322331295,29.0,28.0,303.706896551724,391.103448275862,7435.51755,7918.50375,482.986199999999,0.491870096305631,,,,,,,,,,
467,7643.7013,,,,,,Frage 1,,,,,,1.0,364.0,384.0,276.0,396.0,0.8531869854567422,0.8668968214006406,7661.156000000075,575.9613647460938,575.1942749023438,0.6428453922271729,0.369618684053421,0.4913131296634674,0.3689220547676086,0.0,0.0,1.0,0.16289592760180988,0.3582787652011225,320.0,390.0,575.577819824219,20.3417518052825,754.855361984141,29.0,28.0,303.706896551724,391.103448275862,7435.51755,7918.50375,482.986199999999,0.491870096305631,,,,,,,,,,
468,7660.3556,,,,,,Frage 1,,,,,,1.0,355.0,385.0,245.0,381.0,0.8549668245972273,0.8639158801409853,7677.810999999987,576.08544921875,575.3214111328125,0.6429217457771301,0.3698078095912933,0.4913446307182312,0.3690979480743408,0.0,0.0,1.0,0.15158371040723978,0.35173058933582785,300.0,383.0,575.703430175781,18.6393963332235,-102.217173466253,29.0,28.0,303.706896551724,391.103448275862,7435.51755,7918.50375,482.986199999999,0.491870096305631,,,,,,,,,,
469,7677.0098,,,,,,Frage 1,,,,,,1.0,353.0,379.0,255.0,370.0,0.8567965890992966,0.8660826200143558,7694.4649999999665,575.8272705078125,575.0706787109375,0.6431347131729126,0.3699284493923187,0.4915371239185333,0.3692186772823333,0.0,0.0,1.0,0.15384615384615383,0.34377923292797,304.0,374.5,575.448974609375,10.7036775215615,-476.49955036339,29.0,28.0,303.706896551724,391.103448275862,7435.51755,7918.50375,482.986199999999,0.491870096305631,,,,,,,,,,
470,7693.6657,,,,,,Frage 1,,,,,,1.0,357.0,389.0,266.0,389.0,0.8577876075267477,0.8738094983019615,7711.119999999995,575.3906860351562,574.6382446289064,0.6432899236679077,0.3699573874473571,0.4916743040084838,0.3692441582679748,0.0,0.0,1.0,0.15808823529411759,0.2925448967556154,311.5,389.0,575.014465332031,12.9606354372146,135.505011176406,29.0,28.0,303.706896551724,391.103448275862,7435.51755,7918.50375,482.986199999999,0.491870096305631,,,,,,,,,,
471,7710.3199,,,,,,Frage 1,,,,,,1.0,358.0,389.0,266.0,386.0,0.8589833199366949,0.8757137653600162,7727.775000000022,575.3700561523438,574.6156616210938,0.6432560682296752,0.3700176477432251,0.4916351735591888,0.3693068921566009,0.0,0.0,1.0,0.34576585766539547,0.35335215409771237,312.0,387.5,574.992858886719,6.32364512717451,-398.51750969964,29.0,28.0,303.706896551724,391.103448275862,7435.51755,7918.50375,482.986199999999,0.491870096305631,,,,,,,,,,
472,7726.9741,,,,,,Frage 1,,,,,,1.0,352.0,390.0,258.0,380.0,0.8603263121633159,0.8738228897721309,7744.429000000003,575.3626098632812,574.6089477539064,0.6432721018791198,0.3701700866222381,0.4916542768478393,0.3694551587104797,0.0,0.0,1.0,0.15441176470588233,0.353601496725912,305.0,385.0,574.985778808594,23.6960899900276,1043.12695073033,29.0,28.0,303.706896551724,391.103448275862,7435.51755,7918.50375,482.986199999999,0.491870096305631,,,,,,,,,,
473,7743.6283,,,,,,Frage 1,,,,,,1.0,343.0,392.0,229.0,405.0,0.8614696029435994,0.8772162883129961,7761.084000000031,575.6983642578125,574.94140625,0.6431432366371154,0.3703072369098663,0.4915259480476379,0.3695617914199829,0.0,0.0,1.0,0.1436651583710407,0.36623012160898033,286.0,398.5,575.319885253906,20.3166028693948,-202.921012155055,29.0,28.0,303.706896551724,391.103448275862,7435.51755,7918.50375,482.986199999999,0.491870096305631,,,,,,,,,,
474,7760.2845,,,,,,Frage 1,,,,,,1.0,347.0,387.0,226.0,413.0,0.8627951212936661,0.8752905949026708,7777.73900000006,575.676513671875,574.9157104492188,0.6430554986000061,0.3703622817993164,0.4914167523384094,0.3695786595344543,0.0,0.0,1.0,0.14394796380090497,0.36763330215154344,286.5,400.0,575.296112060547,8.12684685258807,-731.844959643087,29.0,28.0,303.706896551724,391.103448275862,7435.51755,7918.50375,482.986199999999,0.491870096305631,,,,,,,,,,
475,7776.9385,,,,,,Frage 1,,,,,,1.0,342.0,387.0,211.0,415.0,0.8646423596722899,0.875732513418253,7794.39300000004,575.6575927734375,574.893310546875,0.6429800391197203,0.3703203201293945,0.4913209080696106,0.3695140182971954,0.0,0.0,1.0,0.13829185520361986,0.36856875584658555,276.5,401.0,575.275451660156,7.44140313417172,-41.1579031113443,29.0,28.0,303.706896551724,391.103448275862,7435.51755,7918.50375,482.986199999999,0.491870096305631,,,,,,,,,,
476,7793.5929,,,,,,Frage 1,,,,,,1.0,340.0,387.0,215.0,415.0,0.865071717781916,0.8811024929560868,7811.048000000068,575.9979248046875,575.2319946289064,0.6428953409194946,0.37026047706604,0.491236001253128,0.369437426328659,0.0,0.0,1.0,0.13885746606334837,0.36856875584658555,277.5,401.0,575.614959716797,9.57565036035592,128.149151346447,29.0,28.0,303.706896551724,391.103448275862,7435.51755,7918.50375,482.986199999999,0.491870096305631,,,,,,,,,,
477,7810.2476,,,,,,Frage 1,,,,,,1.0,341.0,395.0,234.0,400.0,0.866197534685645,0.8817426052301726,7827.7029999999795,576.0293579101562,575.2653198242188,0.6429365277290344,0.3701884448528289,0.4912768602371215,0.369376540184021,0.0,0.0,1.0,0.14451357466063347,0.3652946679139382,287.5,397.5,575.647338867188,12.4961448184938,175.355572789536,29.0,28.0,303.706896551724,391.103448275862,7435.51755,7918.50375,482.986199999999,0.491870096305631,,,,,,,,,,
478,7826.9014,,,,,,Frage 1,,,,,,1.0,337.0,395.0,248.0,413.0,0.8759406698275098,0.8785607919179799,7844.35699999996,576.3276977539064,575.5663452148438,0.6429406404495239,0.3700800538063049,0.4912945926189422,0.3692436814308166,0.0,0.0,1.0,0.147341628959276,0.3713751169317118,292.5,404.0,575.947021484375,9.45379662999399,-182.681921753583,29.0,28.0,303.706896551724,391.103448275862,7435.51755,7918.50375,482.986199999999,0.491870096305631,,,,,,,,,,
479,7828.5424,,,,,,Frage 1,1.0,1.11654484272003,29.4236219282908,0.762849509716034,211.79296875,,,,,,0.6585048574425887,0.6495113533451946,,,,,,,,,,,0.37959439571535225,0.3642823432120883,,,,,,,,,,,,,,,,,,,,,,,
480,7843.5573,,,,,,Frage 1,,,,,,1.0,332.0,394.0,261.0,415.0,0.8652314789389862,0.8779983501708751,7861.011999999989,576.7371215820312,575.9757690429688,0.6428719162940979,0.370066612958908,0.4912441968917846,0.3692118525505065,0.0,0.0,1.0,0.14960407239819,0.3718428437792329,296.5,404.5,576.3564453125,5.77986201976469,-220.578570370208,29.0,28.0,303.706896551724,391.103448275862,7435.51755,7918.50375,482.986199999999,0.491870096305631,,,,,,,,,,
481,7860.215,,,,,,Frage 1,,,,,,1.0,317.0,407.0,254.0,399.0,0.8678949969795157,0.8774091254834321,7877.667000000016,576.8794555664064,576.1174926757812,0.6428306698799133,0.3699935376644134,0.491231232881546,0.3691561222076416,0.0,0.0,1.0,0.14338235294117646,0.3704396632366697,285.5,403.0,576.498474121094,1.52481010180594,-255.440542089173,29.0,28.0,303.706896551724,391.103448275862,7435.51755,7918.50375,482.986199999999,0.491870096305631,,,,,,,,,,
482,7876.8664,,,,,,Frage 1,,,,,,1.0,320.0,410.0,271.0,396.0,0.8689733847897393,0.8776957029450523,7894.322000000045,576.6968383789064,575.9382934570312,0.6429210305213928,0.3699668943881988,0.4913377165794372,0.3691338300704956,0.0,0.0,1.0,0.3529975161878932,0.3704396632366697,295.5,403.0,576.317565917969,20.1740050599325,1119.97759696643,29.0,28.0,303.706896551724,391.103448275862,7435.51755,7918.50375,482.986199999999,0.491870096305631,,,,,,,,,,
483,7893.5212,,,,,,Frage 1,,,,,,1.0,341.0,396.0,279.0,414.0,0.8698445823493877,0.8817024308196653,7910.976000000024,576.3858032226562,575.62841796875,0.6429841518402098,0.3700199723243713,0.4913861751556396,0.3691645562648773,0.0,0.0,1.0,0.15723981900452486,0.37231057062675393,310.0,405.0,576.007110595703,6.98508533416045,-791.899015645448,29.0,28.0,303.706896551724,391.103448275862,7435.51755,7918.50375,482.986199999999,0.491870096305631,,,,,,,,,,
484,7910.1758,,,,,,Frage 1,,,,,,1.0,350.0,389.0,257.0,412.0,0.8704886195138268,0.880920368961786,7927.631000000051,576.5762939453125,575.813232421875,0.6428290605545043,0.3699994683265686,0.4912239015102386,0.3691298365592956,0.0,0.0,1.0,0.1535633484162896,0.3681010289990645,303.5,400.5,576.194763183594,15.8109512984132,529.935631252194,29.0,28.0,303.706896551724,391.103448275862,7435.51755,7918.50375,482.986199999999,0.491870096305631,,,,,,,,,,
485,7926.8317,,,,,,Frage 1,,,,,,1.0,373.0,397.0,274.0,388.0,0.8716793393876155,0.8777947998243039,7944.285999999963,575.10205078125,574.3218994140625,0.6426612734794616,0.3697275221347808,0.4910001754760742,0.3688769340515136,0.0,0.0,1.0,0.3487411645150059,0.3606173994387277,323.5,392.5,574.711975097656,225.709555466277,12602.0571790097,,,,,,,,,32.0,32.0,7918.50375,7985.1222,66.6184499999999,13.5623251825444,330.1323301591,12602.0571790097,-8386.40701647093,331.121226325098
486,7943.4853,,,,,,Frage 1,,,,,,1.0,560.0,330.0,543.0,310.0,0.8766843568864547,0.8785848965642844,7960.9400000000605,579.4813842773438,578.6199340820312,0.6402447819709777,0.3691225349903106,0.4886818826198577,0.3682698607444763,0.0,0.0,1.0,0.29383484162895923,0.2927970065481758,551.5,320.0,579.050659179688,330.1323301591,6270.2823829574,,,,,,,,,32.0,32.0,7918.50375,7985.1222,66.6184499999999,13.5623251825444,330.1323301591,12602.0571790097,-8386.40701647093,331.121226325098
487,7960.1396,,,,,,Frage 1,,,,,,1.0,689.0,263.0,655.0,233.0,0.8799869195552649,0.8560530389476668,7977.594999999971,584.3662719726562,583.4529418945312,0.6384161710739135,0.3686308562755584,0.4870323240756988,0.3677853047847747,0.0,0.0,1.0,0.3619909502262443,0.22544434050514495,672.0,248.0,583.909606933594,190.462591784687,-8386.40701647093,,,,,,,,,32.0,32.0,7918.50375,7985.1222,66.6184499999999,13.5623251825444,330.1323301591,12602.0571790097,-8386.40701647093,331.121226325098
488,7976.7958,,,,,,Frage 1,,,,,,1.0,743.0,204.0,680.0,153.0,0.8857083659928406,0.885425259526692,7994.25,582.9378051757812,582.0564575195312,0.6392982006072998,0.3687599003314971,0.4878894686698913,0.3678936064243316,0.0,0.0,1.0,0.3843325791855203,0.16043030869971933,711.5,178.5,582.497131347656,79.5932663694066,-6656.33970625256,,,,,,,,,32.0,32.0,7918.50375,7985.1222,66.6184499999999,13.5623251825444,330.1323301591,12602.0571790097,-8386.40701647093,331.121226325098
489,7993.4486,,,,,,Frage 1,,,,,,1.0,740.0,184.0,681.0,151.0,0.8859330301199706,0.887257212645833,8010.90399999998,582.6830444335938,581.8018188476562,0.6393408179283142,0.3689334690570831,0.4878889918327331,0.3680281639099121,0.0,0.0,1.0,0.38376696832579177,0.15014031805425626,710.5,167.5,582.242431640625,9.55946943013631,-4205.52681466606,30.0,29.0,706.3,178.65,7985.1222,8151.66905,166.546850000001,0.263041532164802,,,,,,,,,,
490,8010.1046,,,,,,Frage 1,,,,,,1.0,738.0,190.0,669.0,152.0,0.884629978182617,0.884739616254031,8027.559000000008,582.6710815429688,581.7860717773438,0.639277994632721,0.3689596652984619,0.4877924621105194,0.3680498301982879,0.0,0.0,1.0,0.37980769230769224,0.15341440598690362,703.5,171.0,582.228576660156,19.0596239742014,570.374312203716,30.0,29.0,706.3,178.65,7985.1222,8151.66905,166.546850000001,0.263041532164802,,,,,,,,,,
491,8026.7595,,,,,,Frage 1,,,,,,1.0,750.0,205.0,658.0,171.0,0.8878975930983181,0.8838048916362233,8044.214000000035,582.79345703125,581.9065551757812,0.6392483115196228,0.3689819574356079,0.4877228438854217,0.3680723309516906,0.0,0.0,1.0,0.3800904977375565,0.16931711880261924,704.0,188.0,582.350006103516,18.5476497492405,-30.7401560478237,30.0,29.0,706.3,178.65,7985.1222,8151.66905,166.546850000001,0.263041532164802,,,,,,,,,,
492,8043.4119,,,,,,Frage 1,,,,,,1.0,747.0,211.0,657.0,173.0,0.8890982980444236,0.8612339068685646,8060.868000000016,582.7802124023438,581.8937377929688,0.6392868757247924,0.3690173029899597,0.4877191185951232,0.3681118190288543,0.0,0.0,1.0,0.3789592760180995,0.17305893358278762,702.0,192.0,582.336975097656,4.63483126924785,-835.484283346104,30.0,29.0,706.3,178.65,7985.1222,8151.66905,166.546850000001,0.263041532164802,,,,,,,,,,
493,8060.0677,,,,,,Frage 1,,,,,,1.0,734.0,199.0,667.0,169.0,0.8861477091747837,0.8858055772794959,8077.523000000045,582.7283325195312,581.8408813476562,0.639294683933258,0.3689861595630645,0.4876876771450042,0.3680752217769622,0.0,0.0,1.0,0.26308281282544876,0.16557530402245085,700.5,184.0,582.284606933594,11.0585870996171,385.676811103003,30.0,29.0,706.3,178.65,7985.1222,8151.66905,166.546850000001,0.263041532164802,,,,,,,,,,
494,8076.7226,,,,,,Frage 1,,,,,,1.0,737.0,190.0,669.0,169.0,0.8865820598205684,0.8863492709683639,8094.178000000072,582.7440185546875,581.854736328125,0.6392747163772583,0.3689432442188262,0.4876357614994049,0.3680392205715179,0.0,0.0,1.0,0.379524886877828,0.16136576239476141,703.0,179.5,582.299377441406,10.382731467978,-40.5799873694277,30.0,29.0,706.3,178.65,7985.1222,8151.66905,166.546850000001,0.263041532164802,,,,,,,,,,
495,8093.3777,,,,,,Frage 1,,,,,,1.0,738.0,189.0,671.0,157.0,0.8937825808098784,0.8870884801217016,8110.832000000053,582.6900634765625,581.7982177734375,0.6392513513565063,0.3688569366931915,0.4875834286212921,0.367979884147644,0.0,0.0,1.0,0.38037330316742074,0.1552853133769878,704.5,173.0,582.244140625,8.57017214400187,-108.829086824822,30.0,29.0,706.3,178.65,7985.1222,8151.66905,166.546850000001,0.263041532164802,,,,,,,,,,
496,8110.0322,,,,,,Frage 1,,,,,,1.0,747.0,198.0,678.0,165.0,0.8871187574576008,0.8873295265847465,8127.486999999965,582.6533203125,581.75927734375,0.6392304301261901,0.3686640262603759,0.4875290989875793,0.3677963018417358,0.0,0.0,1.0,0.3848981900452488,0.36603306017775294,712.5,181.5,582.206298828125,4.49884237477519,-244.458240669295,30.0,29.0,706.3,178.65,7985.1222,8151.66905,166.546850000001,0.263041532164802,,,,,,,,,,
497,8126.6863,,,,,,Frage 1,,,,,,1.0,752.0,197.0,667.0,151.0,0.8872959924912256,0.8853234843534064,8144.141999999992,582.5452270507812,581.6481323242188,0.6392059326171875,0.3686188757419586,0.4874627888202667,0.3677585422992706,0.0,0.0,1.0,0.38320135746606326,0.15622076707202992,709.5,174.0,582.0966796875,4.86970573914043,22.2685923805684,30.0,29.0,706.3,178.65,7985.1222,8151.66905,166.546850000001,0.263041532164802,,,,,,,,,,
498,8143.3424,,,,,,Frage 1,,,,,,1.0,748.0,199.0,678.0,153.0,0.8876230036096036,0.8857921858093268,8160.79700000002,582.1205444335938,581.2261352539064,0.6393352746963501,0.3686034381389617,0.4875637590885162,0.3677561581134796,0.0,0.0,1.0,0.38518099547511303,0.15809167446211408,713.0,176.0,581.67333984375,15.1541944554291,617.460793120151,30.0,29.0,706.3,178.65,7985.1222,8151.66905,166.546850000001,0.263041532164802,,,,,,,,,,
499,8159.9957,,,,,,Frage 1,,,,,,1.0,724.0,200.0,667.0,167.0,0.8878376826644166,0.8601098675397202,8177.451000000002,583.0781860351562,582.1911010742188,0.6393770575523376,0.3686691522598266,0.4876305758953094,0.3678270876407623,0.0,0.0,1.0,0.3752828054298642,0.1651075771749298,695.5,183.5,582.634643554688,208.070534471427,11584.2709862909,,,,,,,,,33.0,33.0,8151.66905,8201.6331,49.9640499999987,10.236104999619,286.70584464212,11584.2709862909,-10679.7785161694,181.717499766492
500,8176.6506,,,,,,Frage 1,,,,,,1.0,517.0,186.0,430.0,162.0,0.8884442758076675,0.8945635987701274,8194.10600000003,580.2144165039064,579.3887329101562,0.6411991715431213,0.3687262237071991,0.489299863576889,0.3679365217685699,0.0,0.0,1.0,0.2497171945701357,0.15622076707202992,473.5,174.0,579.801574707031,286.70584464212,4721.45195532215,,,,,,,,,33.0,33.0,8151.66905,8201.6331,49.9640499999987,10.236104999619,286.70584464212,11584.2709862909,-10679.7785161694,181.717499766492
501,8193.3064,,,,,,Frage 1,,,,,,1.0,401.0,196.0,323.0,151.0,0.8887338429048572,0.8947725057047664,8210.761000000057,577.5335693359375,576.751953125,0.6425613164901733,0.3688361644744873,0.4905814230442047,0.3680645227432251,0.0,0.0,1.0,0.18665158371040722,0.15575304022450887,362.0,173.5,577.142761230469,108.82558963251,-10679.7785161694,,,,,,,,,33.0,33.0,8151.66905,8201.6331,49.9640499999987,10.236104999619,286.70584464212,11584.2709862909,-10679.7785161694,181.717499766492
502,8209.9598,,,,,,Frage 1,,,,,,1.0,392.0,202.0,297.0,162.0,0.8820987623502863,0.8869733134782469,8227.415000000037,579.1741943359375,578.3731689453125,0.6418591141700744,0.3689048290252685,0.489978402853012,0.368110567331314,0.0,0.0,1.0,0.17675339366515835,0.1637043966323667,344.5,182.0,578.773681640625,15.2443188506153,-5619.34924891543,31.0,30.0,356.029411764706,185.529411764706,8201.6331,8484.76285,283.12975,0.286671167050031,,,,,,,,,,
503,8226.6159,,,,,,Frage 1,,,,,,1.0,393.0,203.0,304.0,167.0,0.8794077853608856,0.8860385888604394,8244.070000000065,579.7062377929688,578.9080200195312,0.6418392062187194,0.3689630329608917,0.4899840056896209,0.3681581616401672,0.0,0.0,1.0,0.26340275974500443,0.16651075771749296,348.5,185.0,579.30712890625,9.23956522384068,-360.513783345117,31.0,30.0,356.029411764706,185.529411764706,8201.6331,8484.76285,283.12975,0.286671167050031,,,,,,,,,,
504,8243.2698,,,,,,Frage 1,,,,,,1.0,396.0,208.0,314.0,165.0,0.8806609119366547,0.8877071660435168,8260.724999999977,579.53173828125,578.7445068359375,0.6420969367027282,0.3689669370651245,0.4902484416961669,0.3681508898735046,0.0,0.0,1.0,0.18269230769230763,0.1679139382600561,355.0,186.5,579.138122558594,6.13359243050946,-186.501227540177,31.0,30.0,356.029411764706,185.529411764706,8201.6331,8484.76285,283.12975,0.286671167050031,,,,,,,,,,
505,8259.9242,,,,,,Frage 1,,,,,,1.0,397.0,215.0,309.0,167.0,0.8819764452144044,0.8892578982891057,8277.379000000074,579.229736328125,578.4490966796875,0.6422733068466187,0.368937611579895,0.4904218614101409,0.3681003451347351,0.0,0.0,1.0,0.18156108597285062,0.1721234798877455,353.0,191.0,578.839416503906,5.51964388611273,-36.8640446006313,31.0,30.0,356.029411764706,185.529411764706,8201.6331,8484.76285,283.12975,0.286671167050031,,,,,,,,,,
506,8276.5789,,,,,,Frage 1,,,,,,1.0,412.0,216.0,309.0,165.0,0.8808830797957053,0.8888454410078955,8294.033999999985,578.8904418945312,578.1167602539064,0.6424689292907714,0.3689118921756744,0.4905988574028015,0.3680492043495178,0.0,0.0,1.0,0.18580316742081443,0.17165575304022448,360.5,190.5,578.503601074219,18.3167099700406,768.375658758615,31.0,30.0,356.029411764706,185.529411764706,8201.6331,8484.76285,283.12975,0.286671167050031,,,,,,,,,,
507,8293.2339,,,,,,Frage 1,,,,,,1.0,421.0,211.0,317.0,143.0,0.8788036884857139,0.8870938367097693,8310.689000000013,578.6018676757812,577.8359985351562,0.6426706910133361,0.3688545525074005,0.4907861948013305,0.3679597377777099,0.0,0.0,1.0,0.19061085972850675,0.1590271281571562,369.0,177.0,578.218933105469,14.9482636043614,-202.248355789817,31.0,30.0,356.029411764706,185.529411764706,8201.6331,8484.76285,283.12975,0.286671167050031,,,,,,,,,,
508,8309.8885,,,,,,Frage 1,,,,,,1.0,406.0,205.0,322.0,142.0,0.878197095342463,0.8867054840748636,8327.342999999993,578.9242553710938,578.1574096679688,0.6425773501396179,0.368757277727127,0.4907175302505493,0.3678308725357055,0.0,0.0,1.0,0.344212992415169,0.35285081009811553,364.0,173.5,578.540832519531,16.5184126250519,94.2771979327336,31.0,30.0,356.029411764706,185.529411764706,8201.6331,8484.76285,283.12975,0.286671167050031,,,,,,,,,,
509,8326.543,,,,,,Frage 1,,,,,,1.0,396.0,204.0,306.0,165.0,0.8783593527676123,0.8855939920508232,8343.998000000021,578.7428588867188,577.9755249023438,0.6425727009773254,0.3686390817165374,0.4907073080539703,0.3676669299602508,0.0,0.0,1.0,0.1804298642533936,0.1660430308699719,351.0,184.5,578.359191894531,19.2261729435488,162.584305652936,31.0,30.0,356.029411764706,185.529411764706,8201.6331,8484.76285,283.12975,0.286671167050031,,,,,,,,,,
510,8343.1975,,,,,,Frage 1,,,,,,1.0,394.0,208.0,308.0,175.0,0.8782345393636515,0.8854895385835038,8360.65300000005,578.4072265625,577.641845703125,0.6426441073417662,0.368630439043045,0.4907813370227813,0.36764457821846,0.0,0.0,1.0,0.1804298642533936,0.17259120673526657,351.0,191.5,578.024536132813,11.6292622016486,-456.147632285564,31.0,30.0,356.029411764706,185.529411764706,8201.6331,8484.76285,283.12975,0.286671167050031,,,,,,,,,,
511,8359.8523,,,,,,Frage 1,,,,,,1.0,401.0,204.0,326.0,179.0,0.8785290989969996,0.8861323291516235,8377.307000000028,578.1321411132812,577.3678588867188,0.6426944732666015,0.3687006831169128,0.4908495247364044,0.367713838815689,0.0,0.0,1.0,0.18749999999999997,0.17259120673526657,363.5,191.5,577.75,14.4605179416294,169.996381822704,31.0,30.0,356.029411764706,185.529411764706,8201.6331,8484.76285,283.12975,0.286671167050031,,,,,,,,,,
512,8376.5061,,,,,,Frage 1,,,,,,1.0,413.0,198.0,321.0,173.0,0.8777777223051538,0.8858323602198344,8393.962000000058,578.2735595703125,577.5037841796875,0.6425535678863525,0.3688031435012817,0.4906987845897674,0.3677996695041656,0.0,0.0,1.0,0.2636206933533814,0.16697848456501402,367.0,185.5,577.888671875,5.75990863243079,-522.43988214093,31.0,30.0,356.029411764706,185.529411764706,8201.6331,8484.76285,283.12975,0.286671167050031,,,,,,,,,,
513,8393.1621,,,,,,Frage 1,,,,,,1.0,411.0,206.0,319.0,164.0,0.876789200145782,0.8861189376814543,8410.61699999997,578.3186645507812,577.5452270507812,0.6424729824066162,0.3688994944095611,0.4906073212623596,0.3678922355175018,0.0,0.0,1.0,0.18834841628959273,0.16651075771749296,365.0,185.0,577.931945800781,8.56134893529089,168.194062371533,31.0,30.0,356.029411764706,185.529411764706,8201.6331,8484.76285,283.12975,0.286671167050031,,,,,,,,,,
514,8409.8167,,,,,,Frage 1,,,,,,1.0,405.0,214.0,315.0,171.0,0.8775106216206772,0.8857680811630225,8427.271999999997,578.2667236328125,577.4913330078125,0.6424413323402404,0.3689693808555603,0.4905622601509094,0.3679629862308502,0.0,0.0,1.0,0.18552036199095018,0.17352666043030865,360.0,192.5,577.879028320313,13.3532164963513,287.720363206591,31.0,30.0,356.029411764706,185.529411764706,8201.6331,8484.76285,283.12975,0.286671167050031,,,,,,,,,,
515,8426.4715,,,,,,Frage 1,,,,,,1.0,400.0,211.0,298.0,162.0,0.8764472114189287,0.8850047673633802,8443.925999999978,578.340576171875,577.5621337890625,0.6423801183700562,0.3691097795963287,0.4904965460300445,0.3681231141090393,0.0,0.0,1.0,0.1792986425339366,0.1679139382600561,349.0,186.5,577.951354980469,15.1673733256986,108.926965760455,31.0,30.0,356.029411764706,185.529411764706,8201.6331,8484.76285,283.12975,0.286671167050031,,,,,,,,,,
516,8443.1314,,,,,,Frage 1,,,,,,1.0,399.0,199.0,301.0,155.0,0.885291572332211,0.88548686028947,8460.581000000006,578.1441650390625,577.366455078125,0.6424388885498046,0.3693129420280456,0.4905433654785156,0.3683442175388336,0.0,0.0,1.0,0.1798642533936651,0.29960239145984696,350.0,177.0,577.755310058594,3.83228864006643,-680.381315952184,31.0,30.0,356.029411764706,185.529411764706,8201.6331,8484.76285,283.12975,0.286671167050031,,,,,,,,,,
517,8459.7806,,,,,,Frage 1,,,,,,1.0,394.0,193.0,303.0,171.0,0.8773982895571121,0.8852431355323912,8477.236000000034,577.7736206054688,576.9935913085938,0.6424448490142822,0.3694071769714355,0.4905287623405456,0.3684450387954711,0.0,0.0,1.0,0.17901583710407235,0.1637043966323667,348.5,182.0,577.383605957031,13.3094284389442,569.22493566525,31.0,30.0,356.029411764706,185.529411764706,8201.6331,8484.76285,283.12975,0.286671167050031,,,,,,,,,,
518,8476.4359,,,,,,Frage 1,,,,,,1.0,389.0,198.0,317.0,187.0,0.8771137149960809,0.8843485853250913,8493.890000000014,577.4356079101562,576.6530151367188,0.6424292922019958,0.3694197535514831,0.4905272722244262,0.3684791028499603,0.0,0.0,1.0,0.18156108597285062,0.30015177074522476,353.0,192.5,577.044311523438,23.1923525123191,593.380129650903,31.0,30.0,356.029411764706,185.529411764706,8201.6331,8484.76285,283.12975,0.286671167050031,,,,,,,,,,
519,8493.0898,,,,,,Frage 1,,,,,,1.0,400.0,210.0,335.0,196.0,0.8773034313701017,0.8887168828942716,8510.545000000044,577.418212890625,576.634033203125,0.6424184441566467,0.3696398437023162,0.4905281066894531,0.3687549531459808,0.0,0.0,1.0,0.189762443438914,0.18334892422825066,367.5,203.0,577.026123046875,145.426846549692,7339.69184619684,,,,,,,,,34.0,34.0,8484.76285,8518.07185,33.3090000000011,5.35664491176741,230.826773316397,7339.69184619684,,139.685899839503
520,8509.7452,,,,,,Frage 1,,,,,,1.0,295.0,313.0,176.0,317.0,0.8841606797837235,0.8965187534148248,8527.20000000007,575.4053955078125,574.653564453125,0.6434137821197509,0.3705473244190216,0.4915450811386108,0.369723230600357,0.0,0.0,1.0,0.11510180995475111,0.2881197380729653,235.5,315.0,575.029479980469,230.826773316397,5127.46177015907,,,,,,,,,34.0,34.0,8484.76285,8518.07185,33.3090000000011,5.35664491176741,230.826773316397,7339.69184619684,,139.685899839503
521,8526.3985,,,,,,Frage 1,,,,,,1.0,212.0,371.0,107.0,386.0,0.8856359742185432,0.891871913266126,8543.85400000005,576.4032592773438,575.6887817382812,0.6440169811248779,0.3720073997974395,0.4923860430717468,0.3711985349655151,0.0,0.0,1.0,0.07211538461538458,0.3475210477081384,159.5,378.5,576.046020507813,,,,,,,,,,,,,,,,,,,,
522,8543.0541,,,,,,Frage 1,,,,,,1.0,-1.0,656.0,-1.0,679.0,0.8804487291499208,0.8862260694428077,8560.508999999962,578.8656005859375,578.165283203125,0.6438958048820494,0.372475117444992,0.4924944639205932,0.3716499507427215,0.0,0.0,1.0,0.4593622611525907,0.617867165575304,,667.5,578.515441894531,,,,,,,,,,,,,,,,,,,,
523,8559.7093,,,,,,Frage 1,,,,,,1.0,-1.0,667.0,-1.0,673.0,0.8843678700342987,0.8914621342789496,8577.16399999999,577.5125732421875,576.81201171875,0.6440629363059996,0.3723738491535186,0.4926848709583282,0.3716011345386505,0.0,0.0,1.0,0.4596974771174728,0.6202057998129091,,670.0,577.162292480469,,,,,,,,,,,,,,,,,,,,
524,8576.3625,,,,,,Frage 1,,,,,,1.0,-1.0,677.0,-1.0,675.0,0.8842780043834467,0.8917460334465358,8593.81799999997,576.6898803710938,575.9821166992188,0.6440181732177734,0.3722416460514068,0.492647111415863,0.3715223670005798,0.0,0.0,1.0,0.4620951639076209,0.6258185219831618,,676.0,576.335998535156,,,,,,,,,,,,,,,,,,,,
525,8593.0183,,,,,,Frage 1,,,,,,1.0,-1.0,675.0,-1.0,677.0,0.8848421609693509,0.8904122430176874,8610.472999999998,576.4669189453125,575.76123046875,0.6440807580947876,0.3720698058605194,0.4927483201026916,0.3713769614696502,0.0,0.0,1.0,0.46228107786840805,0.6258185219831618,,676.0,576.114074707031,,,,,,,,,,,,,,,,,,,,
526,8609.6724,,,,,,Frage 1,,,,,,1.0,-1.0,685.0,-1.0,658.0,0.8850967803134314,0.8899301500915978,8627.128000000026,576.4948120117188,575.7868041992188,0.6440351009368896,0.3719874322414398,0.4927087426185607,0.3713345527648925,0.0,0.0,1.0,0.4605209252746844,0.6216089803554723,,671.5,576.140808105469,,,,,,,,,,,,,,,,,,,,
527,8626.3269,,,,,,Frage 1,,,,,,1.0,-1.0,675.0,-1.0,660.0,0.8859330301199706,0.8659468425509468,8643.782000000007,576.5165405273438,575.8080444335938,0.64402836561203,0.3718647360801696,0.4926950931549072,0.3712179064750671,0.0,0.0,1.0,0.4621639044651479,0.617867165575304,,667.5,576.162292480469,,,,,,,,,,,,,,,,,,,,
528,8642.9821,,,,,,Frage 1,,,,,,1.0,-1.0,670.0,-1.0,673.0,0.8865496083355384,0.8936851183270303,8660.437000000034,576.7410278320312,576.0289916992188,0.6439403295516967,0.3717051148414611,0.4925769865512847,0.3710602819919586,0.0,0.0,1.0,0.4600221379048591,0.6216089803554723,,671.5,576.385009765625,,,,,,,,,,,,,,,,,,,,
529,8659.636,,,,,,Frage 1,,,,,,1.0,-1.0,669.0,-1.0,676.0,0.8852715190789769,0.8921477775516107,8677.092000000062,576.574951171875,575.858154296875,0.6438764333724974,0.3716668784618377,0.4924775958061218,0.3710295855998992,0.0,0.0,1.0,0.4606269888239807,0.6225444340505144,,672.5,576.216552734375,,,,,,,,,,,,,,,,,,,,
530,8676.2925,,,,,,Frage 1,,,,,,1.0,-1.0,671.0,-1.0,673.0,0.8871661865511061,0.893339618396666,8693.746999999974,576.5963745117188,575.8724975585938,0.6437427997589111,0.3716288208961486,0.4923125505447387,0.3710131347179412,0.0,0.0,1.0,0.4602771877671343,0.6220767072029934,,672.0,576.234436035156,,,,,,,,,,,,,,,,,,,,
531,8692.9453,,,,,,Frage 1,,,,,,1.0,-1.0,674.0,-1.0,661.0,0.8881597012466363,0.8937226144435042,8710.40100000007,576.5562744140625,575.824462890625,0.6436105370521545,0.3715400099754333,0.4921469986438751,0.3709730207920074,0.0,0.0,1.0,0.4584053927073469,0.617867165575304,,667.5,576.190368652344,,,,,,,,,,,,,,,,,,,,
532,8709.6019,,,,,,Frage 1,,,,,,1.0,32.0,649.0,-1.0,660.0,0.8924557786109766,0.8995586171432244,8727.055999999982,580.4745483398438,579.6932983398438,0.6419916749000549,0.3714092969894409,0.4905934631824493,0.3708513677120208,0.0,0.0,1.0,0.0,0.6057062675397566,32.0,654.5,580.083923339844,,,,,,,,,,,,,,,,,,,,
533,8726.2569,,,,,,Frage 1,,,,,,1.0,60.0,645.0,181.0,646.0,0.8914772415239217,0.9043072324652092,8743.71100000001,576.535400390625,575.6656494140625,0.640555202960968,0.3712312877178192,0.488888531923294,0.3705201745033264,0.0,0.0,1.0,0.05005656108597284,0.5972871842843779,120.5,645.5,576.100524902344,466.967057059003,,,,,,,,,,35.0,35.0,8717.9294,8801.203,83.2735999999986,42.4900307401614,1139.01801143357,40357.84572549,-39566.9592479853,357.749185319297
534,8742.9092,,,,,,Frage 1,,,,,,1.0,-1.0,-1.0,596.0,598.0,0.0,0.9165470361998221,8760.36499999999,-1.0,575.5785522460938,-1.0,-1.0,0.4857491254806518,0.3713994324207305,4.0,0.0,1.0,0.31900452488687775,0.5528531337698783,596.0,598.0,575.578552246094,1139.01801143357,40357.84572549,,,,,,,,,35.0,35.0,8717.9294,8801.203,83.2735999999986,42.4900307401614,1139.01801143357,40357.84572549,-39566.9592479853,357.749185319297
535,8759.5652,,,,,,Frage 1,,,,,,1.0,1401.0,539.0,-1.0,-1.0,0.9012601161263912,0.0,8777.020000000017,576.5750732421875,-1.0,0.6377128362655639,0.3740507662296295,-1.0,-1.0,0.0,4.0,1.0,0.7743212669683257,0.4976613657623947,1401.0,539.0,576.575073242188,801.523450089659,-20262.6417713695,,,,,,,,,35.0,35.0,8717.9294,8801.203,83.2735999999986,42.4900307401614,1139.01801143357,40357.84572549,-39566.9592479853,357.749185319297
536,8776.2198,,,,,,Frage 1,,,,,,1.0,1401.0,539.0,1551.0,592.0,0.9012601161263912,0.9007584928703812,8793.675000000047,575.3081665039064,574.0342407226562,0.6324882507324218,0.3714436888694763,0.4795134365558624,0.3707835376262664,0.0,0.0,1.0,0.8167420814479636,0.5059511266441103,1476.0,565.5,574.671203613281,142.551570598097,-39566.9592479853,,,,,,,,,35.0,35.0,8717.9294,8801.203,83.2735999999986,42.4900307401614,1139.01801143357,40357.84572549,-39566.9592479853,357.749185319297
537,8792.8771,,,,,,Frage 1,,,,,,1.0,1561.0,569.0,1555.0,609.0,0.9052915890743338,0.9021297794157033,8810.329000000027,577.6619262695312,576.3484497070312,0.6311809420585632,0.3705989718437194,0.4786342680454254,0.3702023923397064,0.0,0.0,1.0,0.8631221719457014,0.5444340505144996,1558.0,589.0,577.005187988281,62.0704679832132,-4831.58150569953,,,,,,,,,35.0,35.0,8717.9294,8801.203,83.2735999999986,42.4900307401614,1139.01801143357,40357.84572549,-39566.9592479853,357.749185319297
538,8809.5289,,,,,,Frage 1,,,,,,1.0,1538.0,571.0,1551.0,608.0,0.9072386781761267,0.9040501162379612,8826.984000000057,578.6590576171875,577.2822265625,0.6296459436416626,0.3703209161758422,0.4773293435573577,0.3702407777309417,0.0,0.0,1.0,0.8554864253393664,0.5449017773620205,1544.5,589.5,577.970642089844,19.4464108935953,-2559.72670159495,32.0,31.0,1543.08333333333,579.166666666667,8801.203,8901.12955,99.9265500000001,0.343855271075359,,,,,,,,,,
539,8826.1833,,,,,,Frage 1,,,,,,1.0,1524.0,558.0,1560.0,588.0,0.908773883044848,0.9051723214381368,8843.638999999966,577.6602783203125,576.191162109375,0.6277552843093872,0.3700021505355835,0.4755215942859649,0.3702422678470611,0.0,0.0,1.0,0.8540723981900451,0.5294667913938259,1542.0,573.0,576.925720214844,20.3031624072216,51.4429528308598,32.0,31.0,1543.08333333333,579.166666666667,8801.203,8901.12955,99.9265500000001,0.343855271075359,,,,,,,,,,
540,8837.7111,,,,,,Frage 1,1.0,0.714640319347382,29.423452458021,0.966738700866699,211.79296875,,,,,,0.6585048574425887,0.6495113533451946,,,,,,,,,,,0.37959439571535225,0.3642823432120883,,,,,,,,,,,,,,,,,,,,,,,
541,8842.838,,,,,,Frage 1,,,,,,1.0,1525.0,562.0,1595.0,582.0,0.9091682934013651,0.9089674640840769,8860.293000000062,577.6556396484375,576.076904296875,0.6255519390106201,0.3698565363883972,0.4732652306556701,0.3705679774284362,0.0,0.0,1.0,0.8642533936651582,0.5285313376987839,1560.0,572.0,576.866271972656,8.76681944695845,-692.677920362648,32.0,31.0,1543.08333333333,579.166666666667,8801.203,8901.12955,99.9265500000001,0.343855271075359,,,,,,,,,,
542,8859.4926,,,,,,Frage 1,,,,,,1.0,1526.0,570.0,1564.0,595.0,0.9094328978177625,0.9112922233054436,8876.947999999977,577.50341796875,575.784912109375,0.6229676604270935,0.3697012066841125,0.4703369736671447,0.3710402250289917,0.0,0.0,1.0,0.8557692307692306,0.5383536014967258,1545.0,582.5,576.644165039063,18.6844616566077,595.489667097937,32.0,31.0,1543.08333333333,579.166666666667,8801.203,8901.12955,99.9265500000001,0.343855271075359,,,,,,,,,,
543,8876.1472,,,,,,Frage 1,,,,,,1.0,1525.0,571.0,1552.0,583.0,0.9101093864672315,0.9058151120062564,8893.603000000003,577.1246948242188,575.2777709960938,0.6208376288414001,0.369126945734024,0.4675177931785583,0.370890736579895,0.0,0.0,1.0,0.8520927601809953,0.5332086061739943,1538.5,577.0,576.201232910156,14.0285748954876,-279.55560392445,32.0,31.0,1543.08333333333,579.166666666667,8801.203,8901.12955,99.9265500000001,0.343855271075359,,,,,,,,,,
544,8892.8018,,,,,,Frage 1,,,,,,1.0,1518.0,569.0,1539.0,593.0,0.9096675470172094,0.8491136350586137,8910.256999999983,577.6000366210938,575.7433471679688,0.6204674839973449,0.3687437772750854,0.4675116837024688,0.3708667457103729,0.0,0.0,1.0,0.8464366515837104,0.5369504209541627,1528.5,581.0,576.671691894531,21.802752446386,466.788608006106,32.0,31.0,1543.08333333333,579.166666666667,8801.203,8901.12955,99.9265500000001,0.343855271075359,,,,,,,,,,
545,8909.4573,,,,,,Frage 1,,,,,,1.0,1588.0,562.0,1518.0,633.0,0.9152442099061903,0.9211804848783518,8926.912000000011,580.05810546875,578.103271484375,0.6179330348968505,0.3686838150024414,0.4653528332710266,0.3710993826389312,0.0,0.0,1.0,0.8602941176470587,0.5523854069223573,1553.0,597.5,579.080688476563,220.130172097461,11907.6232866661,,,,,,,,,36.0,36.0,8901.12955,8917.7849,16.6553499999991,,220.130172097461,11907.6232866661,,
546,8926.1125,,,,,,Frage 1,,,,,,1.0,1800.0,547.0,-1.0,576.0,0.9199072386781764,0.9266415264133357,8943.56700000004,578.9398193359375,576.8616333007812,0.6151337623596191,0.3688605725765228,0.4627759456634521,0.3714030981063842,0.0,0.0,1.0,0.9999999999999998,0.5653294836249787,1800.0,561.5,577.900726318359,,,,,,,,,,,,,,,,,,,,
547,8942.7661,,,,,,Frage 1,,,,,,1.0,-1.0,511.0,-1.0,576.0,0.9211853279347377,0.9266415264133357,8960.222000000067,576.3128662109375,574.1685791015625,0.6137706637382507,0.368819385766983,0.4615502953529357,0.3714820742607116,0.0,0.0,1.0,0.40383186259169424,0.5018709073900841,,543.5,575.24072265625,,,,,,,,,,,,,,,,,,,,
548,8959.4218,,,,,,Frage 1,,,,,,1.0,-1.0,529.0,-1.0,-1.0,0.915938172432214,0.0,8976.876000000046,581.4755249023438,-1.0,0.6116435527801513,0.3687916696071624,-1.0,-1.0,0.0,4.0,1.0,0.523890684582818,0.48830682881197374,,529.0,581.475524902344,,,,,,,,,,,,,,,,,,,,
549,8976.0772,,,,,,Frage 1,,,,,,1.0,-1.0,541.0,-1.0,592.0,0.9208083914547751,0.8999643019343461,8993.531000000075,580.6871337890625,578.481689453125,0.6119454503059387,0.3686871230602264,0.4601054787635803,0.3716606199741363,0.0,0.0,1.0,0.41679786709585975,0.5233863423760523,,566.5,579.584411621094,,,,,,,,,,,,,,,,,,,,
550,8992.7308,,,,,,Frage 1,,,,,,1.0,-1.0,544.0,-1.0,606.0,0.924140909340536,0.9255702087998029,9010.185999999989,581.0188598632812,578.7992553710938,0.6116245985031127,0.3686621487140655,0.459838718175888,0.3717742562294006,0.0,0.0,1.0,0.41679576652883576,0.5313376987839101,,575.0,579.909057617188,,,,,,,,,,,,,,,,,,,,
551,9009.3855,,,,,,Frage 1,,,,,,1.0,-1.0,543.0,-1.0,597.0,0.9225732529867847,0.9207117834224312,9026.839999999967,581.078857421875,578.84912109375,0.6114419102668762,0.3686249554157257,0.4596626460552215,0.371854692697525,0.0,0.0,1.0,0.4154128108688685,0.5266604303086997,,570.0,579.963989257813,,,,,,,,,,,,,,,,,,,,
552,9026.0394,,,,,,Frage 1,,,,,,1.0,-1.0,545.0,-1.0,587.0,0.9244654241908348,0.9189066132436283,9043.494999999995,581.6270751953125,579.3887329101562,0.6112669706344604,0.3685866892337799,0.4594929218292236,0.371939867734909,0.0,0.0,1.0,0.4140488862641225,0.5229186155285312,,566.0,580.507904052734,,,,,,,,,,,,,,,,,,,,
553,9042.6952,,,,,,Frage 1,,,,,,1.0,-1.0,544.0,-1.0,590.0,0.9256087149711182,0.9177924429255541,9060.150000000023,582.1942138671875,579.9464111328125,0.6110910177230835,0.3684361279010772,0.4592937529087066,0.3719004392623901,0.0,0.0,1.0,0.41461579511316066,0.5238540692235734,,567.0,581.0703125,,,,,,,,,,,,,,,,,,,,
554,9059.3498,,,,,,Frage 1,,,,,,1.0,-1.0,544.0,-1.0,593.0,0.9230700103345498,0.918577183077467,9076.804000000004,582.7643432617188,580.5065307617188,0.6109137535095214,0.3683325946331024,0.4590856730937957,0.3719189763069152,0.0,0.0,1.0,0.4150978078912686,0.5252572497661365,,568.5,581.635437011719,,,,,,,,,,,,,,,,,,,,
555,9076.0039,,,,,,Frage 1,,,,,,1.0,-1.0,549.0,-1.0,621.0,0.9225183350890419,0.9014961671811674,9093.459000000032,582.9291381835938,580.66845703125,0.6109083890914917,0.3682978153228759,0.4590639173984527,0.3720053732395172,0.0,0.0,1.0,0.4241175518614786,0.5406922357343311,,585.0,581.798797607422,,,,,,,,,,,,,,,,,,,,
556,9092.6594,,,,,,Frage 1,,,,,,1.0,-1.0,549.0,-1.0,583.0,0.9225183350890419,0.9474732974084827,9110.11400000006,582.8172607421875,580.5526733398438,0.610897958278656,0.3683100044727325,0.4590394794940948,0.372149646282196,0.0,0.0,1.0,0.4101490633328372,0.5229186155285312,,566.0,581.684967041016,,,,,,,,,,,,,,,,,,,,
557,9109.3119,,,,,,Frage 1,,,,,,1.0,-1.0,545.0,-1.0,577.0,0.9283146695689943,0.9263495923636481,9126.76800000004,580.13427734375,577.9085083007812,0.6120997071266174,0.368152379989624,0.4600836336612701,0.3720761537551879,0.0,0.0,1.0,0.4110372058065512,0.5182413470533208,,561.0,579.021392822266,,,,,,,,,,,,,,,,,,,,
558,9125.9686,,,,,,Frage 1,,,,,,1.0,-1.0,545.0,-1.0,575.0,0.9283146695689943,0.9189200047137976,9143.423000000068,580.1646728515625,577.95703125,0.6126355528831481,0.3701879680156707,0.4603425860404968,0.3739288449287414,0.0,0.0,1.0,0.4116411999885698,0.5173058933582787,,560.0,579.060852050781,,,,,,,,,,,,,,,,,,,,
559,9142.6231,,,,,,Frage 1,,,,,,1.0,978.0,412.0,1102.0,464.0,0.9112626623198318,0.9106521110313575,9160.07799999998,580.159912109375,578.0068359375,0.6139774918556213,0.3705375790596008,0.4612405598163604,0.3737517297267913,0.0,0.0,1.0,0.3630747307523956,0.40318054256314306,1040.0,438.0,579.083374023438,,,,,,,,,,,,,,,,,,,,
560,9159.2766,,,,,,Frage 1,,,,,,1.0,929.0,403.0,1102.0,464.0,0.9144803518739486,0.9106521110313575,9176.73199999996,577.4609375,575.4830322265625,0.6187800765037536,0.3680254220962524,0.4653804004192352,0.3716143667697906,0.0,0.0,1.0,0.5562782805429863,0.3989710009354536,1015.5,433.5,576.471984863281,181.560277432841,,,,,,,,,,37.0,37.0,9150.94985,9200.91435,49.9644999999982,4.97820664482974,181.560277432841,,-6992.53725011891,187.477330306661
561,9175.9315,,,,,,Frage 1,,,,,,1.0,841.0,410.0,850.0,417.0,0.9062491432628789,0.9066560963328798,9193.386999999988,579.3775024414064,577.3482666015625,0.6179671883583068,0.36797496676445,0.4642640054225921,0.3720854222774505,0.0,0.0,1.0,0.4601244343891402,0.38026192703461176,845.5,413.5,578.362884521484,148.975227057097,-1956.48430046062,,,,,,,,,37.0,37.0,9150.94985,9200.91435,49.9644999999982,4.97820664482974,181.560277432841,,-6992.53725011891,187.477330306661
562,9192.5864,,,,,,Frage 1,,,,,,1.0,849.0,417.0,862.0,408.0,0.9073060774142657,0.9097950569405311,9210.042000000016,579.7173461914064,577.64404296875,0.6176976561546325,0.368342101573944,0.4634687602519989,0.3731838166713714,0.0,0.0,1.0,0.46578054298642524,0.37932647333956965,855.5,412.5,578.680694580078,32.5152184100948,-6992.53725011891,,,,,,,,,37.0,37.0,9150.94985,9200.91435,49.9644999999982,4.97820664482974,181.560277432841,,-6992.53725011891,187.477330306661
563,9209.2423,,,,,,Frage 1,,,,,,1.0,872.0,404.0,885.0,398.0,0.9054188987463742,0.9094522353042006,9226.697000000046,579.572509765625,577.6148071289064,0.6197081208229064,0.3670531213283538,0.466084748506546,0.3716624975204467,0.0,0.0,1.0,0.4787895927601809,0.36856875584658555,878.5,401.0,578.593658447266,26.7990286940328,-343.193085697082,33.0,32.0,876.875,401.5625,9200.91435,9334.15115,133.236800000001,0.232863927188832,,,,,,,,,,
564,9225.8962,,,,,,Frage 1,,,,,,1.0,873.0,408.0,890.0,391.0,0.9042032161917932,0.9084612665116827,9243.351000000024,579.4906005859375,577.5498657226562,0.6196830868721008,0.3669441044330596,0.466485857963562,0.3713701665401458,0.0,0.0,1.0,0.4804864253393664,0.3671655753040224,881.5,399.5,578.520233154297,5.86782412693847,-1256.8350096431,33.0,32.0,876.875,401.5625,9200.91435,9334.15115,133.236800000001,0.232863927188832,,,,,,,,,,
565,9242.5508,,,,,,Frage 1,,,,,,1.0,870.0,415.0,878.0,396.0,0.9011652579393806,0.9054910384281628,9260.00600000005,579.9534301757812,578.0176391601562,0.6194664239883422,0.3668664991855621,0.4665722250938415,0.3711526989936828,0.0,0.0,1.0,0.47624434389140263,0.372778297474275,874.0,405.5,578.985534667969,14.7045725885768,530.589054173467,33.0,32.0,876.875,401.5625,9200.91435,9334.15115,133.236800000001,0.232863927188832,,,,,,,,,,
566,9259.2065,,,,,,Frage 1,,,,,,1.0,882.0,414.0,870.0,415.0,0.8993954038712125,0.9055017516042981,9276.660999999964,580.5514526367188,578.623779296875,0.6193878054618835,0.3667824566364288,0.4667054712772369,0.3709504008293151,0.0,0.0,1.0,0.47737556561085964,0.3811973807296538,876.0,414.5,579.587615966797,5.81071696560563,-533.98269799357,33.0,32.0,876.875,401.5625,9200.91435,9334.15115,133.236800000001,0.232863927188832,,,,,,,,,,
567,9275.859,,,,,,Frage 1,,,,,,1.0,882.0,413.0,878.0,402.0,0.6210048606327246,0.6056041333394683,9293.31500000006,581.1177368164064,579.1968994140625,0.6193346977233886,0.3667740225791931,0.4668281972408294,0.3708882927894592,0.0,0.0,1.0,0.47963800904977366,0.3966903838282169,880.0,407.5,580.157318115234,14.9257542969481,547.367502257465,33.0,32.0,876.875,401.5625,9200.91435,9334.15115,133.236800000001,0.232863927188832,,,,,,,,,,
568,9292.5147,,,,,,Frage 1,,,,,,1.0,871.0,404.0,875.0,393.0,0.8950244384644956,0.9003406790011034,9309.969999999972,581.4242553710938,579.50927734375,0.6193211078643798,0.3667807877063751,0.4669534265995025,0.3708590269088745,0.0,0.0,1.0,0.47567873303167413,0.36623012160898033,873.0,398.5,580.466766357422,13.9223954663512,-60.2411685247091,33.0,32.0,876.875,401.5625,9200.91435,9334.15115,133.236800000001,0.232863927188832,,,,,,,,,,
569,9309.1707,,,,,,Frage 1,,,,,,1.0,881.0,398.0,865.0,390.0,0.8927802934612753,0.8973918772698541,9326.625,581.2067260742188,579.3029174804688,0.619515061378479,0.366845428943634,0.4672177731990814,0.3708835244178772,0.0,0.0,1.0,0.47567873303167413,0.3620205799812909,873.0,394.0,580.254821777344,8.12822017469855,-347.873156319185,33.0,32.0,876.875,401.5625,9200.91435,9334.15115,133.236800000001,0.232863927188832,,,,,,,,,,
570,9325.8233,,,,,,Frage 1,,,,,,1.0,887.0,395.0,871.0,389.0,0.8924333121982637,0.8977480903763538,9343.27899999998,581.4461059570312,579.5540161132812,0.619691252708435,0.3669252097606658,0.4674551784992218,0.3709158897399902,0.0,0.0,1.0,0.47907239819004516,0.36014967259120667,879.0,392.0,580.500061035156,29.4691755905579,1281.53894382019,33.0,32.0,876.875,401.5625,9200.91435,9334.15115,133.236800000001,0.232863927188832,,,,,,,,,,
571,9342.479,,,,,,Frage 1,,,,,,1.0,853.0,401.0,832.0,407.0,0.892493222632165,0.8638656384060793,9359.934000000008,579.67236328125,577.8199462890625,0.6206803917884826,0.366894394159317,0.4684575796127319,0.3708365261554718,0.0,0.0,1.0,0.4584276018099547,0.3713751169317118,842.5,404.0,578.746154785156,60.3979928692129,1856.95091041843,,,,,,,,,38.0,38.0,9334.15115,9384.11565,49.9645000000001,14.0386538125962,405.204419641847,20703.4991607447,-793.588247179402,190.254474105499
572,9359.1335,,,,,,Frage 1,,,,,,1.0,828.0,410.0,805.0,414.0,0.8919016070973894,0.8915478396880323,9376.589000000036,579.7044677734375,577.812744140625,0.6201035380363464,0.3680897057056427,0.4674750864505767,0.3720378875732421,0.0,0.0,1.0,0.4437217194570135,0.3788587464920486,816.5,412.0,578.758605957031,405.204419641847,20703.4991607447,,,,,,,,,38.0,38.0,9334.15115,9384.11565,49.9645000000001,14.0386538125962,405.204419641847,20703.4991607447,-793.588247179402,190.254474105499
573,9375.7881,,,,,,Frage 1,,,,,,1.0,404.0,328.0,380.0,317.0,0.8835366127639179,0.8768927680229898,9393.243000000017,579.7099609375,577.89990234375,0.6221928596496582,0.369696170091629,0.4690779745578765,0.3734446763992309,0.0,0.0,1.0,0.20361990950226241,0.29513564078578103,392.0,322.5,578.804931640625,391.987524820373,-793.588247179402,,,,,,,,,38.0,38.0,9334.15115,9384.11565,49.9645000000001,14.0386538125962,405.204419641847,20703.4991607447,-793.588247179402,190.254474105499
574,9392.4432,,,,,,Frage 1,,,,,,1.0,408.0,327.0,354.0,320.0,0.8867443172457177,0.8937574322659438,9409.898000000045,578.123779296875,576.4053344726562,0.6235833168029785,0.3679344952106475,0.4711992144584655,0.3711414039134979,0.0,0.0,1.0,0.1973981900452488,0.29607109448082314,381.0,323.5,577.264556884766,16.5253970497053,-22543.3727669404,34.0,33.0,378.357142857143,330.642857142857,9384.11565,9500.69855,116.582900000001,0.146823981691587,,,,,,,,,,
575,9409.0972,,,,,,Frage 1,,,,,,1.0,411.0,338.0,337.0,321.0,0.6684213896859039,0.6593833846426426,9426.553000000073,577.4346313476562,575.7512817382812,0.6243876218795776,0.3668384253978729,0.4721323251724243,0.3701489567756652,0.0,0.0,1.0,0.35120400141000013,0.30168381665107574,374.0,329.5,576.592956542969,9.84189001467737,-401.315421822247,34.0,33.0,378.357142857143,330.642857142857,9384.11565,9500.69855,116.582900000001,0.146823981691587,,,,,,,,,,
576,9425.7526,,,,,,Frage 1,,,,,,1.0,416.0,337.0,336.0,330.0,0.8886287812086415,0.8889418595931136,9443.207000000051,577.3933715820312,575.7271118164064,0.6247230768203735,0.3667530119419097,0.472563236951828,0.3701054155826568,0.0,0.0,1.0,0.19457013574660628,0.30436752563856906,376.0,333.5,576.560241699219,3.06397382872575,-406.950069404023,34.0,33.0,378.357142857143,330.642857142857,9384.11565,9500.69855,116.582900000001,0.146823981691587,,,,,,,,,,
577,9442.406,,,,,,Frage 1,,,,,,1.0,418.0,333.0,330.0,333.0,0.8799344979256012,0.8875652164597237,9459.861999999965,577.3256225585938,575.6744995117188,0.6250258088111877,0.3667829930782318,0.4729293882846832,0.3701425492763519,0.0,0.0,1.0,0.19343891402714927,0.30495790458372307,374.0,333.0,576.500061035156,3.84474134378267,46.8833700659847,34.0,33.0,378.357142857143,330.642857142857,9384.11565,9500.69855,116.582900000001,0.146823981691587,,,,,,,,,,
578,9459.062,,,,,,Frage 1,,,,,,1.0,423.0,336.0,337.0,327.0,0.8809330051572898,0.8875839645179606,9476.516999999993,577.4008178710938,575.7676391601562,0.6253923773765564,0.3668632209300994,0.4733429551124572,0.3702282011508941,0.0,0.0,1.0,0.1968325791855203,0.3035547240411599,380.0,331.5,576.584228515625,5.04860869724454,72.2782993192809,34.0,33.0,378.357142857143,330.642857142857,9384.11565,9500.69855,116.582900000001,0.146823981691587,,,,,,,,,,
579,9475.7167,,,,,,Frage 1,,,,,,1.0,423.0,340.0,337.0,327.0,0.8816144863429173,0.8871393677083446,9493.17200000002,577.2531127929688,575.6382446289064,0.6257891058921814,0.3669880628585815,0.4737662672996521,0.3703360855579376,0.0,0.0,1.0,0.1968325791855203,0.3054256314312441,380.0,333.5,576.445678710938,3.26698784104824,-106.974058745952,34.0,33.0,378.357142857143,330.642857142857,9384.11565,9500.69855,116.582900000001,0.146823981691587,,,,,,,,,,
580,9492.3709,,,,,,Frage 1,,,,,,1.0,425.0,336.0,342.0,324.0,0.8809979081273496,0.8882080070278435,9509.826,577.4071044921875,575.8138427734375,0.6262327432632446,0.3671687841415405,0.4742311537265777,0.3704931735992431,0.0,0.0,1.0,0.19881221719457007,0.3021515434985968,383.5,330.0,576.610473632813,18.7721814147148,931.008008410338,34.0,33.0,378.357142857143,330.642857142857,9384.11565,9500.69855,116.582900000001,0.146823981691587,,,,,,,,,,
581,9509.0262,,,,,,Frage 1,,,,,,1.0,403.0,351.0,317.0,334.0,0.8825131428514371,0.8899328283856315,9526.48100000003,576.7060546875,575.142333984375,0.6269288063049316,0.3673678338527679,0.4749476909637451,0.3706556260585784,0.0,0.0,1.0,0.18552036199095018,0.31384471468662295,360.0,342.5,575.924194335938,61.578522719576,2570.1333092085,,,,,,,,,39.0,39.0,9500.69855,9550.662,49.9634499999993,2.92354662195032,80.6154709305753,2570.1333092085,-2364.37904852249,146.645974248483
582,9525.6799,,,,,,Frage 1,,,,,,1.0,366.0,382.0,284.0,360.0,0.7346237677196039,0.7410409197281317,9543.136000000057,577.2893676757812,575.7616577148438,0.6276008486747741,0.3676775395870208,0.4756843745708465,0.3708842992782592,0.0,0.0,1.0,0.16572398190045243,0.3405051449953227,325.0,371.0,576.525512695313,80.6154709305753,1143.10622930643,,,,,,,,,39.0,39.0,9500.69855,9550.662,49.9634499999993,2.92354662195032,80.6154709305753,2570.1333092085,-2364.37904852249,146.645974248483
583,9542.334,,,,,,Frage 1,,,,,,1.0,323.0,399.0,239.0,390.0,0.8826778965446657,0.8875116505790471,9559.790000000035,579.04296875,577.5316162109375,0.6277136206626892,0.367817997932434,0.475869596004486,0.3709267079830169,0.0,0.0,1.0,0.14083710407239813,0.36248830682881195,281.0,394.5,578.287292480469,41.2388658185732,-2364.37904852249,,,,,,,,,39.0,39.0,9500.69855,9550.662,49.9634499999993,2.92354662195032,80.6154709305753,2570.1333092085,-2364.37904852249,146.645974248483
584,9558.99,,,,,,Frage 1,,,,,,1.0,323.0,391.0,237.0,391.0,0.8836863888486713,0.8924316767191969,9576.445000000063,579.4072265625,577.9171142578125,0.6281157135963439,0.3678536713123321,0.4762721061706543,0.3708713352680206,0.0,0.0,1.0,0.14027149321266968,0.3592142188961646,280.0,391.0,578.662170410156,4.84927789551649,-2184.77353044301,35.0,34.0,292.795454545455,389.318181818182,9550.662,9917.0651,366.4031,0.287607282338737,,,,,,,,,,
585,9575.644,,,,,,Frage 1,,,,,,1.0,328.0,393.0,245.0,392.0,0.8848746124543807,0.8861217678008081,9593.099999999977,579.5926513671875,578.122314453125,0.6284999847412109,0.3678125143051147,0.4766685962677002,0.3707539141178131,0.0,0.0,1.0,0.14394796380090497,0.3606173994387277,286.5,392.5,578.857482910156,0.585342562420633,-256.030703320268,35.0,34.0,292.795454545455,389.318181818182,9550.662,9917.0651,366.4031,0.287607282338737,,,,,,,,,,
586,9592.2994,,,,,,Frage 1,,,,,,1.0,324.0,398.0,237.0,385.0,0.8846050155018249,0.8900720996753908,9609.754000000072,579.408935546875,577.9588623046875,0.6289393901824951,0.3678157925605773,0.4771061539649963,0.3706852793693542,0.0,0.0,1.0,0.14055429864253388,0.3596819457436856,280.5,391.5,578.683898925781,8.48067164998391,474.040196426591,35.0,34.0,292.795454545455,389.318181818182,9550.662,9917.0651,366.4031,0.287607282338737,,,,,,,,,,
587,9608.9529,,,,,,Frage 1,,,,,,1.0,319.0,396.0,234.0,383.0,0.8866671726564157,0.889365030050459,9626.408999999983,579.6764526367188,578.2371826171875,0.6291213035583496,0.3678345084190368,0.4772945940494537,0.3706384897232055,0.0,0.0,1.0,0.13829185520361986,0.35781103835360145,276.5,389.5,578.956817626953,1.82281718110328,-399.787099941783,35.0,34.0,292.795454545455,389.318181818182,9550.662,9917.0651,366.4031,0.287607282338737,,,,,,,,,,
588,9625.609,,,,,,Frage 1,,,,,,1.0,330.0,398.0,235.0,387.0,0.8900440528584468,0.8929298394094898,9643.064000000011,579.8048706054688,578.3801879882812,0.6294282078742981,0.367877185344696,0.4775833785533905,0.3706371188163757,0.0,0.0,1.0,0.1416855203619909,0.3606173994387277,282.5,392.5,579.092529296875,12.22876064768,624.752701207161,35.0,34.0,292.795454545455,389.318181818182,9550.662,9917.0651,366.4031,0.287607282338737,,,,,,,,,,
589,9642.2628,,,,,,Frage 1,,,,,,1.0,346.0,394.0,237.0,387.0,0.8860328808431395,0.892670044888208,9659.717999999992,579.9959106445312,578.5833129882812,0.629664659500122,0.3679619431495666,0.4778145551681518,0.370678424835205,0.0,0.0,1.0,0.1467760180995475,0.35874649204864356,291.5,390.5,579.289611816406,5.79111319462281,-386.557269395402,35.0,34.0,292.795454545455,389.318181818182,9550.662,9917.0651,366.4031,0.287607282338737,,,,,,,,,,
590,9658.917,,,,,,Frage 1,,,,,,1.0,334.0,397.0,237.0,376.0,0.8852765116151354,0.8859984144499319,9676.37300000002,579.74658203125,578.3461303710938,0.629945695400238,0.3680844008922576,0.4780827760696411,0.3707518577575683,0.0,0.0,1.0,0.34529877732671327,0.3550046772684752,285.5,386.5,579.046356201172,4.42613173382165,-81.9601938730913,35.0,34.0,292.795454545455,389.318181818182,9550.662,9917.0651,366.4031,0.287607282338737,,,,,,,,,,
591,9675.5727,,,,,,Frage 1,,,,,,1.0,332.0,389.0,244.0,384.0,0.8862850039191409,0.8855163215238423,9693.028000000048,579.498291015625,578.1085815429688,0.6301905512809753,0.3682069778442382,0.4783114790916442,0.3708076179027557,0.0,0.0,1.0,0.14479638009049772,0.3550046772684752,288.0,386.5,578.803436279297,7.15916667479807,164.090067723135,35.0,34.0,292.795454545455,389.318181818182,9550.662,9917.0651,366.4031,0.287607282338737,,,,,,,,,,
592,9692.2268,,,,,,Frage 1,,,,,,1.0,330.0,374.0,248.0,384.0,0.8868117164838567,0.8853824068221506,9709.682000000028,579.0740356445312,577.6959838867188,0.6304647922515869,0.3683288395404815,0.4785753786563873,0.3708468973636627,0.0,0.0,1.0,0.14536199095022628,0.34798877455565946,289.0,379.0,578.385009765625,8.14798452548676,59.3738389158649,35.0,34.0,292.795454545455,389.318181818182,9550.662,9917.0651,366.4031,0.287607282338737,,,,,,,,,,
593,9708.8824,,,,,,Frage 1,,,,,,1.0,336.0,382.0,255.0,379.0,0.8870463656833034,0.884511961261155,9726.337000000056,578.569580078125,577.202392578125,0.6307458877563475,0.3683574795722961,0.4788428843021392,0.3708310723304748,0.0,0.0,1.0,0.1490384615384615,0.28961487884561354,295.5,380.5,577.885986328125,9.00364699453934,51.3738603864516,35.0,34.0,292.795454545455,389.318181818182,9550.662,9917.0651,366.4031,0.287607282338737,,,,,,,,,,
594,9725.5366,,,,,,Frage 1,,,,,,1.0,340.0,385.0,257.0,384.0,0.8871262462618386,0.8838959536333737,9742.991999999967,577.9518432617188,576.5943603515625,0.631016194820404,0.3683664202690124,0.4790913164615631,0.3707960247993469,0.0,0.0,1.0,0.15073529411764702,0.35313376987839096,298.5,384.5,577.273101806641,6.07728271087242,-175.713290561365,35.0,34.0,292.795454545455,389.318181818182,9550.662,9917.0651,366.4031,0.287607282338737,,,,,,,,,,
595,9742.1912,,,,,,Frage 1,,,,,,1.0,335.0,383.0,257.0,392.0,0.8867942426073021,0.8822755857429052,9759.646999999995,577.486083984375,576.134765625,0.631187915802002,0.3683242499828338,0.4792605340480804,0.370720088481903,0.0,0.0,1.0,0.14932126696832576,0.3559401309635173,296.0,387.5,576.810424804688,4.23706417705262,-110.493109040134,35.0,34.0,292.795454545455,389.318181818182,9550.662,9917.0651,366.4031,0.287607282338737,,,,,,,,,,
596,9758.8465,,,,,,Frage 1,,,,,,1.0,343.0,390.0,263.0,384.0,0.8866794142756579,0.8808989426095154,9776.300999999976,577.176025390625,575.83349609375,0.6314114928245544,0.3682505190372467,0.4794856905937194,0.3706375360488891,0.0,0.0,1.0,0.1532805429864253,0.2909889135848457,303.0,387.0,576.504760742188,1.77464251795204,-147.846130607105,35.0,34.0,292.795454545455,389.318181818182,9550.662,9917.0651,366.4031,0.287607282338737,,,,,,,,,,
597,9775.5004,,,,,,Frage 1,,,,,,1.0,336.0,388.0,255.0,383.0,0.8872360820573245,0.880668609322606,9792.956000000004,577.2543334960938,575.9141235351562,0.6314361691474915,0.3682549893856048,0.4795150160789489,0.3706112802028656,0.0,0.0,1.0,0.1490384615384615,0.35406922357343307,295.5,385.5,576.584228515625,5.66346973429783,233.508500492108,35.0,34.0,292.795454545455,389.318181818182,9550.662,9917.0651,366.4031,0.287607282338737,,,,,,,,,,
598,9792.1556,,,,,,Frage 1,,,,,,1.0,328.0,384.0,265.0,394.0,0.8882545594336467,0.8858055772794959,9809.611000000032,577.3529052734375,576.01904296875,0.6315319538116455,0.3683218657970428,0.4796322882175445,0.3706268668174743,0.0,0.0,1.0,0.14960407239819,0.3573433115060804,296.5,389.0,576.685974121094,12.7755926247927,427.021163990536,35.0,34.0,292.795454545455,389.318181818182,9550.662,9917.0651,366.4031,0.287607282338737,,,,,,,,,,
599,9808.8102,,,,,,Frage 1,,,,,,1.0,340.0,399.0,271.0,395.0,0.8883893579099247,0.8859555617453906,9826.265000000014,577.3037109375,575.9764404296875,0.6316744089126586,0.3683887422084808,0.4797663390636444,0.3706530034542083,0.0,0.0,1.0,0.15469457013574658,0.36482694106641717,305.5,397.0,576.640075683594,9.39569291387411,-202.940911875313,35.0,34.0,292.795454545455,389.318181818182,9550.662,9917.0651,366.4031,0.287607282338737,,,,,,,,,,
600,9825.4645,,,,,,Frage 1,,,,,,1.0,343.0,404.0,256.0,395.0,0.8881022870808142,0.8820773919844016,9842.920000000042,576.8992309570312,575.5767822265625,0.6318257451057434,0.368560642004013,0.4798853695392608,0.3707880675792694,0.0,0.0,1.0,0.1513009049773755,0.3671655753040224,299.5,399.5,576.238006591797,10.4510087633407,63.3659685166342,35.0,34.0,292.795454545455,389.318181818182,9550.662,9917.0651,366.4031,0.287607282338737,,,,,,,,,,
601,9842.1203,,,,,,Frage 1,,,,,,1.0,332.0,399.0,254.0,390.0,0.8882520631655675,0.8812953301265227,9859.575000000068,576.6616821289064,575.3416137695312,0.6318886280059814,0.3686918318271637,0.4799519181251525,0.3708923161029815,0.0,0.0,1.0,0.14762443438914025,0.36248830682881195,293.0,394.5,576.001647949219,7.41926064451076,-182.023566495146,35.0,34.0,292.795454545455,389.318181818182,9550.662,9917.0651,366.4031,0.287607282338737,,,,,,,,,,
602,9846.5062,,,,,,Frage 1,1.0,2.33631873130798,29.42163670513,0.775108456611633,211.578125,,,,,,0.6585048574425887,0.6495113533451946,,,,,,,,,,,0.37959439571535225,0.3642823432120883,,,,,,,,,,,,,,,,,,,,,,,
603,9858.7738,,,,,,Frage 1,,,,,,1.0,330.0,397.0,260.0,387.0,0.8879150669748727,0.8797392412928661,9876.22900000005,576.5733032226562,575.2581176757812,0.631984293460846,0.3687540590763092,0.4800558686256408,0.3709206581115722,0.0,0.0,1.0,0.14875565610859726,0.36014967259120667,295.0,392.0,575.915710449219,5.27813105326001,-128.569345257796,35.0,34.0,292.795454545455,389.318181818182,9550.662,9917.0651,366.4031,0.287607282338737,,,,,,,,,,
604,9875.4357,,,,,,Frage 1,,,,,,1.0,339.0,394.0,258.0,389.0,0.8780630721378064,0.8779876369947398,9892.883999999962,576.3973388671875,575.0875244140625,0.6321215033531189,0.3688174188137054,0.4801737070083618,0.3709472119808197,0.0,0.0,1.0,0.3483604347418359,0.3596819457436856,298.5,391.5,575.742431640625,6.98735523605173,102.582789645347,35.0,34.0,292.795454545455,389.318181818182,9550.662,9917.0651,366.4031,0.287607282338737,,,,,,,,,,
605,9892.0853,,,,,,Frage 1,,,,,,1.0,347.0,400.0,259.0,379.0,0.889023410002047,0.8772109317249285,9909.538999999988,576.3043823242188,575.0004272460938,0.6322691440582275,0.3688521981239318,0.4802905321121215,0.3709525465965271,0.0,0.0,1.0,0.1532805429864253,0.35781103835360145,303.0,389.5,575.652404785156,4.58211105830996,-144.462580346776,35.0,34.0,292.795454545455,389.318181818182,9550.662,9917.0651,366.4031,0.287607282338737,,,,,,,,,,
606,9908.7369,,,,,,Frage 1,,,,,,1.0,334.0,402.0,270.0,373.0,0.8886115257689753,0.8771439743740828,9926.19299999997,576.3818359375,575.0809326171875,0.6323077082633972,0.3688538074493408,0.4803515374660491,0.3709383904933929,0.0,0.0,1.0,0.1527149321266968,0.29080533113177426,302.0,387.5,575.731384277344,2.66022513209465,-115.417492986583,35.0,34.0,292.795454545455,389.318181818182,9550.662,9917.0651,366.4031,0.287607282338737,,,,,,,,,,
607,9925.3933,,,,,,Frage 1,,,,,,1.0,327.0,393.0,274.0,382.0,0.8876205073415246,0.8804704155641022,9942.847999999998,576.1678466796875,574.86962890625,0.6323716640472412,0.368874043226242,0.4804199039936065,0.3709200620651245,0.0,0.0,1.0,0.15186651583710403,0.3559401309635173,300.5,387.5,575.518737792969,87.0152908211272,5064.42362629579,,,,,,,,,40.0,40.0,9917.0651,9983.6845,66.6193999999996,13.9366383925323,310.683534235592,7961.49419646289,-5046.4167865482,353.792453296843
608,9942.0474,,,,,,Frage 1,,,,,,1.0,421.0,406.0,390.0,391.0,0.8896949061153575,0.882567519792593,9959.503000000026,580.136474609375,578.7879638671875,0.6307486891746521,0.3688094019889831,0.478906363248825,0.3708014488220214,0.0,0.0,1.0,0.21125565610859723,0.36623012160898033,405.5,398.5,579.462219238281,178.087236841754,5468.43996497129,,,,,,,,,40.0,40.0,9917.0651,9983.6845,66.6193999999996,13.9366383925323,310.683534235592,7961.49419646289,-5046.4167865482,353.792453296843
609,9958.7021,,,,,,Frage 1,,,,,,1.0,467.0,423.0,555.0,369.0,0.8884417795395883,0.8699263662960397,9976.157000000008,579.0574340820312,577.6647338867188,0.6298413276672363,0.3687970638275146,0.4779484272003173,0.3706626594066619,0.0,0.0,1.0,0.3513682319117367,0.36389148737137506,511.0,396.0,578.361083984375,310.683534235592,7961.49419646289,,,,,,,,,40.0,40.0,9917.0651,9983.6845,66.6193999999996,13.9366383925323,310.683534235592,7961.49419646289,-5046.4167865482,353.792453296843
610,9975.3573,,,,,,Frage 1,,,,,,1.0,760.0,349.0,742.0,328.0,0.890790767802136,0.8783625981594763,9992.812000000034,575.8338623046875,574.439208984375,0.6300981044769287,0.3687904775142669,0.4781531691551208,0.3705610632896423,0.0,0.0,1.0,0.4066742081447963,0.31010289990645457,751.0,338.5,575.136535644531,226.634453372278,-5046.4167865482,,,,,,,,,40.0,40.0,9917.0651,9983.6845,66.6193999999996,13.9366383925323,310.683534235592,7961.49419646289,-5046.4167865482,353.792453296843
611,9992.0117,,,,,,Frage 1,,,,,,1.0,777.0,357.0,736.0,327.0,0.8913049990264554,0.8744549671641153,10009.467000000062,576.774169921875,575.3790283203125,0.6299592852592468,0.3689477741718292,0.4780410826206207,0.3706776201725006,0.0,0.0,1.0,0.4097850678733031,0.3133769878391019,756.5,342.0,576.076599121094,14.5442343039223,-12734.7859465585,36.0,35.0,752.5,342.083333333333,9983.6845,10083.61215,99.9276500000015,0.25061730327893,,,,,,,,,,
612,10008.6672,,,,,,Frage 1,,,,,,1.0,785.0,360.0,737.0,342.0,0.8880199102342,0.8721757389413238,10026.121999999974,577.2669067382812,575.8786010742188,0.6300464272499084,0.3690365850925445,0.4781224727630615,0.3707105815410614,0.0,0.0,1.0,0.41233031674208137,0.3217960710944808,761.0,351.0,576.57275390625,2.77184426913666,-706.816969456642,36.0,35.0,752.5,342.083333333333,9983.6845,10083.61215,99.9276500000015,0.25061730327893,,,,,,,,,,
613,10025.3203,,,,,,Frage 1,,,,,,1.0,785.0,348.0,729.0,342.0,0.8858905935626238,0.8730943937949284,10042.776000000073,577.5642700195312,576.1790161132812,0.6300766468048095,0.3691288828849792,0.4781356155872345,0.3707565367221832,0.0,0.0,1.0,0.41006787330316735,0.3161833489242282,757.0,345.0,576.871643066406,15.7341682774953,778.373036152969,36.0,35.0,752.5,342.083333333333,9983.6845,10083.61215,99.9276500000015,0.25061730327893,,,,,,,,,,
614,10041.9764,,,,,,Frage 1,,,,,,1.0,781.0,341.0,722.0,332.0,0.886354899425359,0.8733836495505825,10059.430999999982,577.8217163085938,576.4389038085938,0.6301003098487854,0.3692516982555389,0.4781427383422851,0.370839387178421,0.0,0.0,1.0,0.4069570135746605,0.3082319925163704,751.5,336.5,577.130310058594,9.9530935241244,-347.084536798582,36.0,35.0,752.5,342.083333333333,9983.6845,10083.61215,99.9276500000015,0.25061730327893,,,,,,,,,,
615,10058.6319,,,,,,Frage 1,,,,,,1.0,773.0,342.0,722.0,337.0,0.8890982980444236,0.8726712233375828,10076.08600000001,577.9431762695312,576.5631713867188,0.6301297545433044,0.3692730665206909,0.4781588912010192,0.3707972764968872,0.0,0.0,1.0,0.4046945701357465,0.3110383536014967,747.5,339.5,577.253173828125,9.3055969459098,-38.8758415066835,36.0,35.0,752.5,342.083333333333,9983.6845,10083.61215,99.9276500000015,0.25061730327893,,,,,,,,,,
616,10075.2843,,,,,,Frage 1,,,,,,1.0,769.0,343.0,714.0,334.0,0.8897573128173383,0.8734907813119355,10092.739999999993,578.1768798828125,576.7967529296875,0.630097210407257,0.3692879080772399,0.4781120717525482,0.3707736730575561,0.0,0.0,1.0,0.40130090497737547,0.31010289990645457,741.5,338.5,577.48681640625,5.30361328189471,-240.324737816491,36.0,35.0,752.5,342.083333333333,9983.6845,10083.61215,99.9276500000015,0.25061730327893,,,,,,,,,,
617,10091.94,,,,,,Frage 1,,,,,,1.0,767.0,339.0,717.0,336.0,0.8881896564635869,0.8754218313103286,10109.39500000002,578.3334350585938,576.9529418945312,0.6300863623619078,0.3692511916160583,0.4780826270580291,0.3707343935966491,0.0,0.0,1.0,0.3460923822645448,0.3534588860108786,742.0,337.5,577.643188476563,38.0884099785125,1968.38299780949,,,,,,,,,41.0,41.0,10083.61215,10150.2315,66.619349999999,10.6476209648435,265.807562607467,11838.1297202015,-1285.66397697466,194.81941775179
618,10108.5942,,,,,,Frage 1,,,,,,1.0,725.0,339.0,674.0,339.0,0.8899969545529435,0.8776876680629506,10126.050000000048,577.15771484375,575.7962646484375,0.6306602954864502,0.3691271245479583,0.4786120653152465,0.3706155717372894,0.0,0.0,1.0,0.3775452488687782,0.3105706267539756,699.5,339.0,576.476989746094,68.6470635564162,1834.89171367616,,,,,,,,,41.0,41.0,10083.61215,10150.2315,66.619349999999,10.6476209648435,265.807562607467,11838.1297202015,-1285.66397697466,194.81941775179
619,10125.2489,,,,,,Frage 1,,,,,,1.0,689.0,345.0,644.0,340.0,0.8901592119780928,0.8751218623785393,10142.704000000029,578.55419921875,577.1949462890625,0.6308520436286926,0.3692993223667144,0.4786043465137481,0.371087908744812,0.0,0.0,1.0,0.3588800904977375,0.31384471468662295,666.5,342.5,577.874572753906,265.807562607467,11838.1297202015,,,,,,,,,41.0,41.0,10083.61215,10150.2315,66.619349999999,10.6476209648435,265.807562607467,11838.1297202015,-1285.66397697466,194.81941775179
620,10141.9047,,,,,,Frage 1,,,,,,1.0,436.0,265.0,379.0,233.0,0.8883693877652908,0.877569823125462,10159.359000000057,580.5709228515625,579.2159423828125,0.631116211414337,0.3694882094860076,0.4786355793476104,0.3717181980609893,0.0,0.0,1.0,0.21238687782805424,0.22637979420018706,407.5,249.0,579.893432617188,244.393800539774,-1285.66397697466,,,,,,,,,41.0,41.0,10083.61215,10150.2315,66.619349999999,10.6476209648435,265.807562607467,11838.1297202015,-1285.66397697466,194.81941775179
621,10158.5583,,,,,,Frage 1,,,,,,1.0,440.0,267.0,364.0,215.0,0.890748331244789,0.8815979773523457,10176.013999999966,580.08740234375,578.7683715820312,0.631941020488739,0.3692282736301422,0.4795774221420288,0.371591031551361,0.0,0.0,1.0,0.20927601809954746,0.2188961646398503,402.0,241.0,579.427886962891,11.9981662397414,-13954.6785259651,37.0,36.0,397.375,246.0,10150.2315,10283.4683,133.236800000001,0.13428300820226,,,,,,,,,,
622,10175.2135,,,,,,Frage 1,,,,,,1.0,436.0,271.0,351.0,220.0,0.8904562678795203,0.8808384761444286,10192.668000000063,579.4237060546875,578.110107421875,0.6319770216941833,0.3687288761138916,0.4796988368034362,0.3708907663822174,0.0,0.0,1.0,0.20446832579185517,0.22310570626753973,393.5,245.5,578.766906738281,11.1927538470269,-48.3580138764214,37.0,36.0,397.375,246.0,10150.2315,10283.4683,133.236800000001,0.13428300820226,,,,,,,,,,
623,10191.8674,,,,,,Frage 1,,,,,,1.0,438.0,276.0,350.0,226.0,0.8901142791526667,0.8822648725667699,10209.322999999977,579.478759765625,578.173583984375,0.6320186853408813,0.3686875104904174,0.4798286259174346,0.3706659376621246,0.0,0.0,1.0,0.20475113122171942,0.22825070159027122,394.0,251.0,578.826171875,3.02603172234288,-490.378957762706,37.0,36.0,397.375,246.0,10150.2315,10283.4683,133.236800000001,0.13428300820226,,,,,,,,,,
624,10208.5228,,,,,,Frage 1,,,,,,1.0,438.0,272.0,353.0,225.0,0.889699898651516,0.8824014655624952,10225.978000000005,579.480224609375,578.183349609375,0.6320942044258117,0.3687022924423217,0.479967713356018,0.3705372214317321,0.0,0.0,1.0,0.20559954751131218,0.225912067352666,395.5,248.5,578.831787109375,2.77837141224266,-14.8696705032724,37.0,36.0,397.375,246.0,10150.2315,10283.4683,133.236800000001,0.13428300820226,,,,,,,,,,
625,10225.177,,,,,,Frage 1,,,,,,1.0,446.0,264.0,347.0,234.0,0.8897548165492588,0.8809926829006995,10242.631999999983,579.3433227539064,578.0532836914064,0.6321893334388732,0.3686603903770446,0.4800868034362793,0.3703736662864685,0.0,0.0,1.0,0.20616515837104069,0.22637979420018706,396.5,249.0,578.698303222656,5.00300633556034,133.578011751859,37.0,36.0,397.375,246.0,10150.2315,10283.4683,133.236800000001,0.13428300820226,,,,,,,,,,
626,10241.8314,,,,,,Frage 1,,,,,,1.0,451.0,265.0,351.0,228.0,0.8890433801466807,0.8791304577588074,10259.287000000011,579.4730224609375,578.1851806640625,0.6321662664413452,0.3686310648918151,0.4801002740859985,0.3702697157859802,0.0,0.0,1.0,0.20871040723981896,0.2240411599625818,401.0,246.5,578.8291015625,6.15388777039964,69.1037464477455,37.0,36.0,397.375,246.0,10150.2315,10283.4683,133.236800000001,0.13428300820226,,,,,,,,,,
627,10258.4878,,,,,,Frage 1,,,,,,1.0,442.0,261.0,353.0,223.0,0.889350421120425,0.8820372175738941,10275.94200000004,579.089599609375,577.8023681640625,0.6321749091148376,0.3686367273330688,0.4801379144191741,0.3702250123023986,0.0,0.0,1.0,0.2067307692307692,0.2198316183348924,397.5,242.0,578.445983886719,2.35820771426021,-227.881178174098,37.0,36.0,397.375,246.0,10150.2315,10283.4683,133.236800000001,0.13428300820226,,,,,,,,,,
628,10275.1413,,,,,,Frage 1,,,,,,1.0,439.0,261.0,359.0,228.0,0.889475234524386,0.8795812028047185,10292.597000000069,578.9232177734375,577.633544921875,0.6321019530296325,0.3686348497867584,0.4800885617733001,0.370185911655426,0.0,0.0,1.0,0.20757918552036195,0.22217025257249762,399.0,244.5,578.278381347656,6.3346160099264,238.773128511516,37.0,36.0,397.375,246.0,10150.2315,10283.4683,133.236800000001,0.13428300820226,,,,,,,,,,
629,10291.7953,,,,,,Frage 1,,,,,,1.0,441.0,263.0,367.0,229.0,0.7191433537954726,0.7180343494996396,10309.251000000047,578.744140625,577.4520263671875,0.6320329308509826,0.3686806559562683,0.4800379276275634,0.3701896965503692,0.0,0.0,1.0,0.21040723981900447,0.22357343311506078,404.0,246.0,578.098083496094,33.3561487815754,1622.52508536377,,,,,,,,,42.0,42.0,10283.4683,10333.4333,49.9650000000002,2.4979692687977,66.3938768431284,1983.54505379796,-1895.98529261521,213.395237643621
630,10308.4512,,,,,,Frage 1,,,,,,1.0,409.0,248.0,316.0,206.0,0.8852122734118181,0.8821711322755857,10325.906000000075,577.7760620117188,576.4933471679688,0.6323580145835876,0.3686362206935882,0.4803276658058166,0.3701284229755401,0.0,0.0,1.0,0.18693438914027147,0.20579981290926094,362.5,227.0,577.134704589844,66.3938768431284,1983.54505379796,,,,,,,,,42.0,42.0,10283.4683,10333.4333,49.9650000000002,2.4979692687977,66.3938768431284,1983.54505379796,-1895.98529261521,213.395237643621
631,10325.1069,,,,,,Frage 1,,,,,,1.0,386.0,232.0,287.0,171.0,0.8865645859440137,0.8819675819290145,10342.560999999989,577.0635375976562,575.7852172851562,0.6325395703315734,0.3687335848808288,0.4805085062980651,0.3702481985092163,0.0,0.0,1.0,0.17222850678733026,0.18194574368568753,336.5,201.5,576.424377441406,34.8149146049151,-1895.98529261521,,,,,,,,,42.0,42.0,10283.4683,10333.4333,49.9650000000002,2.4979692687977,66.3938768431284,1983.54505379796,-1895.98529261521,213.395237643621
632,10341.7597,,,,,,Frage 1,,,,,,1.0,396.0,220.0,290.0,160.0,0.8848147020204794,0.8812176595995415,10359.214999999967,576.7545776367188,575.4757690429688,0.6325467824935913,0.368894338607788,0.4805292785167694,0.3704021573066711,0.0,0.0,1.0,0.17590497737556557,0.17118802619270343,343.0,190.0,576.115173339844,14.7500908590505,-1204.89189480836,38.0,37.0,350.214285714286,196.928571428571,10333.4333,10450.0154,116.5821,0.230354675284511,,,,,,,,,,
633,10358.4149,,,,,,Frage 1,,,,,,1.0,412.0,216.0,283.0,161.0,0.8838211873249492,0.8817827796406802,10375.869999999995,576.4105224609375,575.1334228515625,0.6326249837875366,0.3690414428710937,0.4805964231491088,0.3705394268035888,0.0,0.0,1.0,0.1784502262443438,0.1697848456501403,347.5,188.5,575.77197265625,5.56721050235131,-551.352151682336,38.0,37.0,350.214285714286,196.928571428571,10333.4333,10450.0154,116.5821,0.230354675284511,,,,,,,,,,
634,10375.0697,,,,,,Frage 1,,,,,,1.0,404.0,224.0,288.0,168.0,0.8830173890034398,0.874718027348327,10392.525000000023,575.9472045898438,574.6736450195312,0.6327464580535888,0.3690665364265441,0.4807304143905639,0.3705767095088958,0.0,0.0,1.0,0.17760180995475108,0.17680074836295598,346.0,196.0,575.310424804688,14.4161584375011,531.31517251181,38.0,37.0,350.214285714286,196.928571428571,10333.4333,10450.0154,116.5821,0.230354675284511,,,,,,,,,,
635,10391.724,,,,,,Frage 1,,,,,,1.0,419.0,232.0,297.0,173.0,0.8862999815276161,0.8803016830399708,10409.179000000004,575.5184326171875,574.2477416992188,0.6328436732292175,0.3690497279167175,0.4808480143547058,0.3705669939517974,0.0,0.0,1.0,0.18438914027149317,0.18288119738072964,358.0,202.5,574.883087158203,10.0675985853346,-261.107332770904,38.0,37.0,350.214285714286,196.928571428571,10333.4333,10450.0154,116.5821,0.230354675284511,,,,,,,,,,
636,10408.3795,,,,,,Frage 1,,,,,,1.0,417.0,231.0,296.0,174.0,0.884912056475569,0.8793321405997235,10425.834000000032,575.3983764648438,574.1265869140625,0.6328264474868774,0.3690306842327117,0.4808349609375,0.3705505728721618,0.0,0.0,1.0,0.18354072398190038,0.3007929053054187,356.5,202.5,574.762481689453,7.04291893409741,-181.602452717566,38.0,37.0,350.214285714286,196.928571428571,10333.4333,10450.0154,116.5821,0.230354675284511,,,,,,,,,,
637,10425.0338,,,,,,Frage 1,,,,,,1.0,411.0,233.0,288.0,171.0,0.8825605719449423,0.8777974781183379,10442.48900000006,575.1783447265625,573.90576171875,0.632833182811737,0.3689325451850891,0.480846494436264,0.3704563379287719,0.0,0.0,1.0,0.17958144796380085,0.18241347053320858,349.5,202.0,574.542053222656,6.38165936289612,-39.70503540835,38.0,37.0,350.214285714286,196.928571428571,10333.4333,10450.0154,116.5821,0.230354675284511,,,,,,,,,,
638,10441.6885,,,,,,Frage 1,,,,,,1.0,418.0,225.0,284.0,169.0,0.88240829959211,0.8771332611979473,10459.14300000004,575.0252685546875,573.7510986328125,0.6328209042549133,0.3688534498214721,0.4808261394500732,0.3703823089599609,0.0,0.0,1.0,0.1804298642533936,0.1777362020579981,351.0,197.0,574.38818359375,6.58637807951837,12.2919486164408,38.0,37.0,350.214285714286,196.928571428571,10333.4333,10450.0154,116.5821,0.230354675284511,,,,,,,,,,
639,10458.3423,,,,,,Frage 1,,,,,,1.0,401.0,217.0,283.0,181.0,0.8793503711950634,0.8771252263158459,10475.798000000068,574.6317138671875,573.35546875,0.6327946186065673,0.368698239326477,0.480800449848175,0.3701927661895752,0.0,0.0,1.0,0.1753393665158371,0.1796071094480823,342.0,199.0,573.993591308594,55.6828489002119,2948.06415476909,,,,,,,,,43.0,43.0,10450.0154,10499.97935,49.9639499999994,4.34995155329585,118.380843895322,3764.58267006392,-3435.06345419893,0.407792256565752
640,10474.997,,,,,,Frage 1,,,,,,1.0,460.0,227.0,375.0,177.0,0.8798271583981947,0.8776287455942062,10492.45299999998,576.4386596679688,575.1304321289064,0.6318699121475219,0.3685379922389984,0.4799045920372009,0.3700261414051055,0.0,0.0,1.0,0.2714544709185735,0.18241347053320858,417.5,202.0,575.784545898438,118.380843895322,3764.58267006392,,,,,,,,,43.0,43.0,10450.0154,10499.97935,49.9639499999994,4.34995155329585,118.380843895322,3764.58267006392,-3435.06345419893,0.407792256565752
641,10491.6526,,,,,,Frage 1,,,,,,1.0,527.0,223.0,438.0,177.0,0.8825980159661306,0.8779340711140632,10509.10699999996,578.4696655273438,577.1438598632812,0.6312447786331176,0.3683825135231018,0.4792892634868621,0.3698204159736633,0.0,0.0,1.0,0.2706230415547647,0.18054256314312436,482.5,200.0,577.806762695313,61.1678010275664,-3435.06345419893,,,,,,,,,43.0,43.0,10450.0154,10499.97935,49.9639499999994,4.34995155329585,118.380843895322,3764.58267006392,-3435.06345419893,0.407792256565752
642,10508.3061,,,,,,Frage 1,,,,,,1.0,538.0,205.0,437.0,172.0,0.8840308738436038,0.8791928693099642,10525.761999999988,577.9654541015625,576.6553955078125,0.6316484808921814,0.3683303892612457,0.4796695411205291,0.3697351813316345,0.0,0.0,1.0,0.2576357466063348,0.1697848456501403,487.5,188.5,577.310424804688,13.1194982872573,-2885.17745460763,39.0,38.0,488.214285714286,182.285714285714,10499.97935,10616.5625,116.58315,0.175193471319933,,,,,,,,,,
643,10524.9618,,,,,,Frage 1,,,,,,1.0,520.0,204.0,440.0,166.0,0.8841931312687532,0.8815149502372968,10542.417000000016,577.9152221679688,576.6091918945312,0.63173508644104,0.3682599961757659,0.4797530472278595,0.3696417212486267,0.0,0.0,1.0,0.25339366515837103,0.16651075771749296,480.0,185.0,577.26220703125,9.89531958893911,-193.578096286453,39.0,38.0,488.214285714286,182.285714285714,10499.97935,10616.5625,116.58315,0.175193471319933,,,,,,,,,,
644,10541.6165,,,,,,Frage 1,,,,,,1.0,529.0,200.0,454.0,156.0,0.8843429073535065,0.8807114620271473,10559.072000000044,577.5772094726562,576.2786254882812,0.6319365501403807,0.3681859374046325,0.4799430668354034,0.3695497810840606,0.0,0.0,1.0,0.25989819004524883,0.15996258185219828,491.5,178.0,576.927917480469,12.3293943289231,146.149419682362,39.0,38.0,488.214285714286,182.285714285714,10499.97935,10616.5625,116.58315,0.175193471319933,,,,,,,,,,
645,10558.2777,,,,,,Frage 1,,,,,,1.0,532.0,201.0,454.0,158.0,0.8831571800158762,0.87754036189109,10575.726000000024,577.2717895507812,575.9794311523438,0.6320982575416564,0.3680196106433868,0.4800982177257537,0.3693587183952331,0.0,0.0,1.0,0.2607466063348416,0.16136576239476141,493.0,179.5,576.625610351563,6.52335907184197,-348.476415689203,39.0,38.0,488.214285714286,182.285714285714,10499.97935,10616.5625,116.58315,0.175193471319933,,,,,,,,,,
646,10574.9264,,,,,,Frage 1,,,,,,1.0,533.0,204.0,443.0,165.0,0.8821521769224024,0.8768118659138877,10592.381000000052,577.4091186523438,576.1163940429688,0.6320651173591613,0.3678019344806671,0.4800539314746856,0.3691030740737915,0.0,0.0,1.0,0.25791855203619907,0.1660430308699719,488.0,184.5,576.762756347656,1.30439191383444,-313.47595656163,39.0,38.0,488.214285714286,182.285714285714,10499.97935,10616.5625,116.58315,0.175193471319933,,,,,,,,,,
647,10591.5799,,,,,,Frage 1,,,,,,1.0,547.0,205.0,439.0,157.0,0.8837276514347722,0.8783063539847659,10609.035999999964,577.6151733398438,576.3261108398438,0.632103443145752,0.3675533831119537,0.4800833761692047,0.3687939643859863,0.0,0.0,1.0,0.2607466063348416,0.16276894293732458,493.0,181.0,576.970642089844,5.16227482367584,231.655982816904,39.0,38.0,488.214285714286,182.285714285714,10499.97935,10616.5625,116.58315,0.175193471319933,,,,,,,,,,
648,10608.2347,,,,,,Frage 1,,,,,,1.0,537.0,209.0,432.0,150.0,0.8840787006741657,0.8786813151495024,10625.69000000006,578.1033935546875,576.8131103515625,0.6320078372955322,0.3673525750637054,0.4799916744232177,0.368552029132843,0.0,0.0,1.0,0.2559389140271493,0.16136576239476141,484.5,179.5,577.458251953125,16.2445920935054,665.412810110561,39.0,38.0,488.214285714286,182.285714285714,10499.97935,10616.5625,116.58315,0.175193471319933,,,,,,,,,,
649,10624.8903,,,,,,Frage 1,,,,,,1.0,516.0,205.0,432.0,155.0,0.8819365049251369,0.8777064161211874,10642.344999999972,578.3290405273438,577.0382690429688,0.6319469809532166,0.367180585861206,0.4799308180809021,0.3683306872844696,0.0,0.0,1.0,0.2625252604888425,0.16183348924228247,474.0,180.0,577.683654785156,65.755020937433,2972.59953672836,,,,,,,,,44.0,44.0,10616.5625,10649.8714,33.3089,2.51527394478283,115.914103166511,3011.88818275073,,56.5048153262588
650,10641.544,,,,,,Frage 1,,,,,,1.0,551.0,258.0,487.0,238.0,0.8832295717901737,0.8818390238153905,10659.0,579.2852172851562,577.9821166992188,0.6315200924873352,0.3677533566951751,0.4795919954776763,0.3689057230949401,0.0,0.0,1.0,0.27545248868778277,0.22544434050514495,519.0,248.0,578.633666992188,115.914103166511,3011.88818275073,,,,,,,,,44.0,44.0,10616.5625,10649.8714,33.3089,2.51527394478283,115.914103166511,3011.88818275073,,56.5048153262588
651,10658.1988,,,,,,Frage 1,,,,,,1.0,566.0,303.0,518.0,290.0,0.8814771915985602,0.8803418574504783,10675.65399999998,579.3483276367188,577.9774780273438,0.6297271251678466,0.3695399165153503,0.4781084358692169,0.3705672621726989,0.0,0.0,1.0,0.28846153846153844,0.2708138447146866,542.0,296.5,578.662902832031,,,,,,,,,,,,,,,,,,,,
652,10674.853,,,,,,Frage 1,,,,,,1.0,820.0,-1.0,832.0,-1.0,0.8798596098832246,0.8617598937751324,10692.309000000008,579.4249877929688,577.9461059570312,0.6269177794456481,0.3717340230941772,0.4756124019622802,0.372406780719757,0.0,0.0,1.0,0.3481717854885351,0.35413091048947104,826.0,,578.685546875,,,,,,,,,,,,,,,,,,,,
653,10691.5096,,,,,,Frage 1,,,,,,1.0,820.0,-1.0,841.0,-1.0,0.8795885771162831,0.8792866096011485,10708.964000000036,580.0506591796875,578.6737060546875,0.6288408637046814,0.373956561088562,0.4781208336353302,0.3748171329498291,0.0,0.0,1.0,0.4516402714932126,0.3876562203504769,830.5,,579.362182617188,,,,,,,,,,,,,,,,,,,,
654,10708.1636,,,,,,Frage 1,,,,,,1.0,904.0,-1.0,867.0,-1.0,0.8794152741651231,0.8781938656353449,10725.618000000017,578.9656982421875,577.594482421875,0.6288375258445739,0.374720275402069,0.4784968197345733,0.3756371438503265,0.0,0.0,1.0,0.48274886877828044,0.3977351987198961,885.5,,578.280090332031,,,,,,,,,,,,,,,,,,,,
655,10724.8177,,,,,,Frage 1,,,,,,1.0,919.0,-1.0,850.0,-1.0,0.8807657551959821,0.875812862239268,10742.273000000045,579.343994140625,577.9674072265625,0.6285404562950134,0.3744676411151886,0.4784621596336364,0.3754882514476776,0.0,0.0,1.0,0.3459593072311353,0.3534155643546604,884.5,,578.655700683594,,,,,,,,,,,,,,,,,,,,
656,10741.4733,,,,,,Frage 1,,,,,,1.0,941.0,-1.0,841.0,-1.0,0.879143180944488,0.8739701959439915,10758.928000000073,579.0693359375,577.6971435546875,0.6286284923553466,0.3741602301597595,0.4786524474620819,0.3752624094486236,0.0,0.0,1.0,0.48585972850678727,0.39874266049975415,891.0,,578.383239746094,,,,,,,,,,,,,,,,,,,,
657,10758.1268,,,,,,Frage 1,,,,,,1.0,943.0,-1.0,850.0,-1.0,0.8757931891821726,0.8719882583589557,10775.582000000051,578.7265014648438,577.3551635742188,0.6286559104919432,0.3739887177944183,0.4787427186965942,0.3751384317874908,0.0,0.0,1.0,0.48897058823529405,0.39975025312009715,896.5,,578.040832519531,,,,,,,,,,,,,,,,,,,,
658,10774.7824,,,,,,Frage 1,,,,,,1.0,934.0,-1.0,844.0,-1.0,0.6585048574425887,0.6495113533451946,10792.236999999965,578.6621704101562,577.2881469726562,0.6285895109176635,0.3737939596176147,0.4786997735500335,0.3749595880508422,0.0,0.0,1.0,0.37959439571535225,0.3642823432120883,889.0,,577.975158691406,,,,,,,,,,,,,,,,,,,,
659,10791.437,,,,,,Frage 1,,,,,,1.0,935.0,-1.0,839.0,-1.0,0.8750892415838322,0.8708874795110506,10808.891999999993,578.53125,577.155029296875,0.6285674571990966,0.3736872673034668,0.4786766767501831,0.3748843669891357,0.0,0.0,1.0,0.3466833038079824,0.3536494369401515,887.0,,577.843139648438,,,,,,,,,,,,,,,,,,,,
660,10808.0917,,,,,,Frage 1,,,,,,1.0,931.0,-1.0,843.0,-1.0,0.8735390591066355,0.8714606344342908,10825.54700000002,578.4202880859375,577.041748046875,0.6285563111305236,0.3735853135585784,0.4786509275436401,0.374833196401596,0.0,0.0,1.0,0.48359728506787325,0.39800918842704436,887.0,,577.731018066406,,,,,,,,,,,,,,,,,,,,
661,10824.7462,,,,,,Frage 1,,,,,,1.0,939.0,-1.0,847.0,-1.0,0.8754636817957154,0.8720043281231586,10842.201,578.4149780273438,577.0353393554688,0.6285549998283386,0.3735766112804412,0.4786299169063568,0.3748407959938049,0.0,0.0,1.0,0.34651037266991475,0.35359353623775874,893.0,,577.725158691406,,,,,,,,,,,,,,,,,,,,
662,10841.4004,,,,,,Frage 1,,,,,,1.0,943.0,-1.0,823.0,-1.0,0.8758056705225687,0.8724114288163011,10858.856000000029,578.5618896484375,577.1790771484375,0.6285074353218078,0.373612642288208,0.4785335659980773,0.3748892247676849,0.0,0.0,1.0,0.4813348416289592,0.397276337172234,883.0,,577.870483398438,,,,,,,,,,,,,,,,,,,,
663,10857.0106,,,,,,Frage 1,1.0,1.12409055233002,29.4215156549372,1.16082906723022,211.578125,,,,,,0.6585048574425887,0.6495113533451946,,,,,,,,,,,0.37959439571535225,0.3642823432120883,,,,,,,,,,,,,,,,,,,,,,,
664,10858.0566,,,,,,Frage 1,,,,,,1.0,926.0,-1.0,813.0,-1.0,0.8699094853194475,0.8710213942127423,10875.511000000057,578.6869506835938,577.3012084960938,0.6284741163253784,0.3735756576061248,0.4784404635429382,0.3748563528060913,0.0,0.0,1.0,0.47369909502262436,0.3948020367030586,869.5,,577.994079589844,,,,,,,,,,,,,,,,,,,,
665,10874.7112,,,,,,Frage 1,,,,,,1.0,922.0,-1.0,827.0,-1.0,0.8699019965152099,0.8732229519085524,10892.165000000035,578.637939453125,577.251953125,0.6285064220428466,0.3735635876655578,0.4784359335899353,0.3748599886894226,0.0,0.0,1.0,0.4765271493212669,0.39571854686705166,874.5,,577.944946289063,,,,,,,,,,,,,,,,,,,,
666,10891.3646,,,,,,Frage 1,,,,,,1.0,924.0,-1.0,829.0,-1.0,0.8734791486727342,0.8766886643883313,10908.820000000063,578.3263549804688,576.9370727539064,0.6285113096237182,0.3735657632350921,0.4783894121646881,0.374893695116043,0.0,0.0,1.0,0.4776583710407239,0.3960855384033895,876.5,,577.631713867188,,,,,,,,,,,,,,,,,,,,
667,10908.02,,,,,,Frage 1,,,,,,1.0,937.0,-1.0,817.0,-1.0,0.877990879612232,0.8775992843598341,10925.474999999977,578.3587036132812,576.9620971679688,0.6284002661705017,0.3735053241252899,0.4782162904739379,0.3748653829097747,0.0,0.0,1.0,0.47794117647058815,0.39617741092423425,877.0,,577.660400390625,,,,,,,,,,,,,,,,,,,,
668,10924.6733,,,,,,Frage 1,,,,,,1.0,933.0,-1.0,815.0,-1.0,0.873746249357211,0.8452695807206249,10942.129000000074,577.9825439453125,576.5780029296875,0.6283012628555297,0.373440533876419,0.4780643582344055,0.3748202621936798,0.0,0.0,1.0,0.47624434389140263,0.3956241411255554,874.0,,577.2802734375,,,,,,,,,,,,,,,,,,,,
669,10941.3295,,,,,,Frage 1,,,,,,1.0,923.0,-1.0,807.0,-1.0,0.874814451675293,0.8744281842237768,10958.783999999983,577.7334594726562,576.3212280273438,0.628190279006958,0.3734387755393981,0.477900892496109,0.3748259544372558,0.0,0.0,1.0,0.3461210302102084,0.35346762074322097,865.0,,577.02734375,,,,,,,,,,,,,,,,,,,,
670,10957.9846,,,,,,Frage 1,,,,,,1.0,930.0,-1.0,806.0,-1.0,0.8727677122701561,0.8756093118926968,10975.439000000011,577.7734985351562,576.3541870117188,0.6280652284622192,0.3735252916812896,0.4777212738990783,0.3749152421951293,0.0,0.0,1.0,0.4728506787330316,0.39452772388553686,868.0,,577.063842773438,,,,,,,,,,,,,,,,,,,,
671,10974.6373,,,,,,Frage 1,,,,,,1.0,934.0,-1.0,822.0,-1.0,0.8718965147105078,0.8433285978979,10992.092999999992,577.53955078125,576.11865234375,0.6280804872512817,0.3737188577651977,0.4777078032493591,0.3751322925090789,0.0,0.0,1.0,0.47850678733031665,0.39635690330554374,878.0,,576.8291015625,,,,,,,,,,,,,,,,,,,,
672,10991.2931,,,,,,Frage 1,,,,,,1.0,926.0,-1.0,823.0,-1.0,0.8701965561485578,0.879166086369626,11008.74800000002,577.4063720703125,575.98046875,0.6280199289321899,0.3738850653171539,0.4776216745376586,0.3753407597541809,0.0,0.0,1.0,0.3453278416893339,0.35321096906117205,874.5,,576.693420410156,,,,,,,,,,,,,,,,,,,,
673,11007.9473,,,,,,Frage 1,,,,,,1.0,851.0,-1.0,728.0,-1.0,0.8648370685824692,0.8408244083436769,11025.403000000048,574.90869140625,573.5175170898438,0.6291303038597106,0.3738665580749511,0.478640466928482,0.3753696680068969,0.0,0.0,1.0,0.4284502262443438,0.38013822432188266,789.5,,574.213104248047,,,,,,,,,,,,,,,,,,,,
674,11024.6019,,,,,,Frage 1,,,,,,1.0,805.0,-1.0,664.0,-1.0,0.86278263995327,0.8799695745797756,11042.05700000003,574.7890625,573.4271240234375,0.6298305988311766,0.3737887740135192,0.4793405532836914,0.3753341734409332,0.0,0.0,1.0,0.34512967073686907,0.3531465997083825,734.5,,574.108093261719,,,,,,,,,,,,,,,,,,,,
675,11041.258,,,,,,Frage 1,,,,,,1.0,687.0,-1.0,565.0,-1.0,0.8553237909325561,0.875062939909795,11058.712000000058,577.4059448242188,576.0390014648438,0.6294081211090087,0.3737739622592926,0.4790199100971221,0.3753525614738464,0.0,0.0,1.0,0.33597285067873295,0.3501790584039453,626.0,,576.722473144531,,,,,,,,,,,,,,,,,,,,
676,11057.9111,,,,,,Frage 1,,,,,,1.0,672.0,-1.0,563.0,-1.0,0.8554061677791702,0.873597913073289,11075.366999999967,577.2529907226562,575.8840942382812,0.6294088959693908,0.3737551271915435,0.4789774715900421,0.3753378093242645,0.0,0.0,1.0,0.33116515837104066,0.3486212301460466,617.5,,576.568542480469,,,,,,,,,,,,,,,,,,,,
677,11074.5678,,,,,,Frage 1,,,,,,1.0,677.0,-1.0,577.0,-1.0,0.8563971862066212,0.8745915601598406,11092.021999999995,577.1730346679688,575.8019409179688,0.6294076442718505,0.373631477355957,0.4789403676986694,0.3752502799034118,0.0,0.0,1.0,0.33653846153846145,0.3503623013561221,627.0,,576.487487792969,,,,,,,,,,,,,,,,,,,,
678,11091.2207,,,,,,Frage 1,,,,,,1.0,677.0,-1.0,577.0,-1.0,0.858017264190036,0.8727676419228009,11108.675999999978,576.7213745117188,575.3474731445312,0.6294135451316833,0.3735134303569793,0.4789120852947235,0.3751338720321655,0.0,0.0,1.0,0.33653846153846145,0.35036216556097355,627.0,,576.034423828125,,,,,,,,,,,,,,,,,,,,
679,11107.8763,,,,,,Frage 1,,,,,,1.0,671.0,-1.0,570.0,-1.0,0.8573008352512993,0.8705714408150584,11125.331000000006,576.573974609375,575.193359375,0.6292961239814758,0.3734430968761444,0.4787622094154357,0.3750622272491455,0.0,0.0,1.0,0.33286199095022617,0.3491707474482566,620.5,,575.883666992188,,,,,,,,,,,,,,,,,,,,
680,11124.5315,,,,,,Frage 1,,,,,,1.0,675.0,-1.0,562.0,-1.0,0.8500042436557348,0.8726497969853122,11141.986000000034,576.5316772460938,575.1455688476562,0.6292014718055725,0.3733852505683898,0.4786282181739807,0.3750058114528656,0.0,0.0,1.0,0.33173076923076916,0.3488042086698323,618.5,,575.838623046875,,,,,,,,,,,,,,,,,,,,
681,11141.1846,,,,,,Frage 1,,,,,,1.0,680.0,-1.0,566.0,-1.0,0.849285318448919,0.8339627274263016,11158.640000000014,576.361328125,574.97216796875,0.6291724443435668,0.3734366595745086,0.4785728454589843,0.3750683069229126,0.0,0.0,1.0,0.3342760180995475,0.34962481757141683,623.0,,575.666748046875,,,,,,,,,,,,,,,,,,,,
682,11157.8406,,,,,,Frage 1,,,,,,1.0,685.0,-1.0,568.0,-1.0,0.8525903773858082,0.8697893789571794,11175.295000000042,576.50244140625,575.110595703125,0.6291035413742065,0.3735083043575286,0.478501558303833,0.3751475512981414,0.0,0.0,1.0,0.3362556561085972,0.3502700477839147,626.5,,575.806518554688,,,,,,,,,,,,,,,,,,,,
683,11174.4941,,,,,,Frage 1,,,,,,1.0,684.0,-1.0,567.0,-1.0,0.8531195862186032,0.8676601352002828,11191.95000000007,576.3408203125,574.9508056640625,0.6291772127151489,0.373494416475296,0.4785529673099517,0.3751348853111267,0.0,0.0,1.0,0.3356900452488687,0.35008658773492696,625.5,,575.645812988281,,,,,,,,,,,,,,,,,,,,
684,11191.1493,,,,,,Frage 1,,,,,,1.0,693.0,-1.0,572.0,-1.0,0.8554585894088339,0.8695965417867436,11208.60400000005,576.4011840820312,575.0109252929688,0.6291686296463012,0.3735060393810272,0.4785399138927459,0.3751440346240997,0.0,0.0,1.0,0.33964932126696823,0.35136966085312615,632.5,,575.7060546875,,,,,,,,,,,,,,,,,,,,
685,11207.8046,,,,,,Frage 1,,,,,,1.0,675.0,-1.0,572.0,-1.0,0.85566328339133,0.8697492045466719,11225.258999999962,576.5291137695312,575.1415405273438,0.6292275190353394,0.3734148442745208,0.4785920679569244,0.3750651180744171,0.0,0.0,1.0,0.3345588235294117,0.34972037661751165,623.5,,575.835327148438,,,,,,,,,,,,,,,,,,,,
686,11224.4581,,,,,,Frage 1,,,,,,1.0,668.0,-1.0,573.0,-1.0,0.8718238169035345,0.8713320763206669,11241.91399999999,576.5175170898438,575.1306762695312,0.6292482614517211,0.3732893168926239,0.478615790605545,0.3749500215053558,0.0,0.0,1.0,0.33286199095022617,0.3491713084415831,620.5,,575.824096679688,,,,,,,,,,,,,,,,,,,,
687,11241.1133,,,,,,Frage 1,,,,,,1.0,664.0,-1.0,565.0,-1.0,0.8558430146930341,0.8715543747254748,11258.56799999997,575.9463500976562,574.5674438476562,0.6295041441917419,0.3728509247303009,0.4788273572921752,0.3744953870773315,0.0,0.0,1.0,0.32946832579185514,0.3480712632960962,614.5,,575.256896972656,,,,,,,,,,,,,,,,,,,,
688,11257.7677,,,,,,Frage 1,,,,,,1.0,668.0,-1.0,558.0,-1.0,0.8523707057948368,0.8659138874902242,11275.222999999998,575.1014404296875,573.721923828125,0.6297906041145324,0.372036337852478,0.4791468977928161,0.3742264509201049,0.0,0.0,1.0,0.3286199095022624,0.34779567737872474,613.0,,574.411682128906,,,,,,,,,,,,,,,,,,,,
689,11274.4221,,,,,,Frage 1,,,,,,1.0,602.0,868.0,584.0,907.0,0.868980873593977,0.8710910298576218,11291.878000000026,575.4757080078125,574.02490234375,0.6286702752113342,0.3708193302154541,0.4778731167316436,0.3739604949951171,0.0,0.0,1.0,0.31730769230769224,0.8236669784845649,593.0,887.5,574.750305175781,,,,,,,,,,,,,,,,,,,,
690,11291.0774,,,,,,Frage 1,,,,,,1.0,602.0,868.0,584.0,823.0,0.868980873593977,0.875285238314603,11308.532000000008,575.888427734375,574.4852294921875,0.6292813420295715,0.3675072491168975,0.478841483592987,0.3702304661273956,0.0,0.0,1.0,0.31730769230769224,0.784377923292797,593.0,845.5,575.186828613281,238.517128087577,,,,,,,,,,45.0,45.0,11282.74975,11316.05945,33.3097000000016,6.91086636209224,238.517128087577,,-2026.60118572916,271.412838178219
691,11307.7311,,,,,,Frage 1,,,,,,1.0,617.0,617.0,580.0,628.0,0.8713098917118907,0.8781510129308036,11325.187000000034,575.5985107421875,574.205322265625,0.6292918920516967,0.3676767647266387,0.4789653718471527,0.3700453341007232,0.0,0.0,1.0,0.32041855203619907,0.5757717492984097,598.5,622.5,574.901916503906,204.766719920798,-2026.60118572916,,,,,,,,,45.0,45.0,11282.74975,11316.05945,33.3097000000016,6.91086636209224,238.517128087577,,-2026.60118572916,271.412838178219
692,11324.3878,,,,,,Frage 1,,,,,,1.0,647.0,623.0,580.0,616.0,0.8747522453931373,0.8765976023911811,11341.842000000062,575.8383178710938,574.4465942382812,0.6291872859001159,0.3684318661689758,0.4788600206375122,0.3705495297908783,0.0,0.0,1.0,0.32890271493212664,0.5729653882132834,613.5,619.5,575.142456054688,15.2560659639471,-11377.4429482944,40.0,39.0,604.0,630.166666666667,11316.05945,11415.9869,99.9274499999992,0.332537169483282,,,,,,,,,,
693,11341.0413,,,,,,Frage 1,,,,,,1.0,651.0,624.0,580.0,621.0,0.8733418539283772,0.8650859688727022,11358.496999999974,576.0455932617188,574.6547241210938,0.6291399598121643,0.3686529994010925,0.4787593781948089,0.3705913722515106,0.0,0.0,1.0,0.33003393665158365,0.5757717492984097,615.5,622.5,575.350158691406,13.0885739429374,-130.152341610456,40.0,39.0,604.0,630.166666666667,11316.05945,11415.9869,99.9274499999992,0.332537169483282,,,,,,,,,,
694,11357.6964,,,,,,Frage 1,,,,,,1.0,636.0,622.0,566.0,632.0,0.8712549738141478,0.8766217070374853,11375.151000000073,576.1476440429688,574.7557983398438,0.629104733467102,0.3686804771423339,0.4786333739757537,0.370471715927124,0.0,0.0,1.0,0.32183257918552033,0.5799812909260991,601.0,627.0,575.451721191406,21.9158823527741,530.006328982522,40.0,39.0,604.0,630.166666666667,11316.05945,11415.9869,99.9274499999992,0.332537169483282,,,,,,,,,,
695,11374.3515,,,,,,Frage 1,,,,,,1.0,630.0,626.0,561.0,647.0,0.8720263206506274,0.8763645908102374,11391.805999999982,576.3540649414064,574.9595336914064,0.6290414333343505,0.3686292767524719,0.4784749746322631,0.3703109622001647,0.0,0.0,1.0,0.3187217194570135,0.588868101028999,595.5,636.5,575.656799316406,10.481222753501,-686.556045852214,40.0,39.0,604.0,630.166666666667,11316.05945,11415.9869,99.9274499999992,0.332537169483282,,,,,,,,,,
696,11391.0058,,,,,,Frage 1,,,,,,1.0,632.0,636.0,569.0,641.0,0.8726129436492444,0.8743558702848633,11408.46100000001,576.4744873046875,575.0765380859375,0.6290045976638793,0.3684841692447662,0.4783186614513397,0.3700978755950927,0.0,0.0,1.0,0.3215497737556561,0.5907390084190832,600.5,638.5,575.775512695313,2.28632521470197,-492.058960076311,40.0,39.0,604.0,630.166666666667,11316.05945,11415.9869,99.9274499999992,0.332537169483282,,,,,,,,,,
697,11407.6599,,,,,,Frage 1,,,,,,1.0,635.0,645.0,561.0,629.0,0.8731696114309108,0.8748031453885134,11425.114999999993,576.7081909179688,575.3048706054688,0.6289283633232116,0.3684074878692627,0.4781222939491272,0.3699887692928314,0.0,0.0,1.0,0.32013574660633476,0.5893358278765201,598.0,637.0,576.006530761719,4.12483707225237,110.393948490188,40.0,39.0,604.0,630.166666666667,11316.05945,11415.9869,99.9274499999992,0.332537169483282,,,,,,,,,,
698,11424.3139,,,,,,Frage 1,,,,,,1.0,636.0,634.0,564.0,634.0,0.8736888351913888,0.8783331369251042,11441.77000000002,577.1753540039064,575.7676391601562,0.6288425922393798,0.368432730436325,0.4779248535633087,0.3699712455272674,0.0,0.0,1.0,0.3212669683257918,0.5865294667913937,600.0,634.0,576.471496582031,49.188774300219,2705.89271213944,,,,,,,,,46.0,46.0,11415.9869,11465.9515,49.9645999999993,16.701661755101,595.655583528454,26958.7793080981,,0.946082841956997
699,11440.9703,,,,,,Frage 1,,,,,,1.0,727.0,645.0,577.0,646.0,0.8799644531425519,0.8926673665941743,11458.425000000048,580.4127197265625,578.958251953125,0.6275280714035034,0.3689990937709808,0.4767724871635437,0.3708777129650116,0.0,0.0,1.0,0.3506787330316742,0.3549463700610596,652.0,645.5,579.685485839844,498.224985967669,26958.7793080981,,,,,,,,,46.0,46.0,11415.9869,11465.9515,49.9645999999993,16.701661755101,595.655583528454,26958.7793080981,,0.946082841956997
700,11457.6247,,,,,,Frage 1,,,,,,1.0,964.0,641.0,1326.0,645.0,0.8844402618085964,0.8950537265783186,11475.079000000029,578.65283203125,577.0455322265625,0.6247315406799316,0.3695344924926757,0.4733836352825164,0.371554285287857,0.0,0.0,1.0,0.6295248868778279,0.5949485500467726,1145.0,643.0,577.849182128906,595.655583528454,5850.1415578339,,,,,,,,,46.0,46.0,11415.9869,11465.9515,49.9645999999993,16.701661755101,595.655583528454,26958.7793080981,,0.946082841956997
701,11474.2783,,,,,,Frage 1,,,,,,1.0,1278.0,615.0,1326.0,645.0,0.8891931562314341,0.8950537265783186,11491.734000000057,578.68115234375,576.98779296875,0.6231526136398315,0.3704334199428558,0.471205860376358,0.3722696602344512,0.0,0.0,1.0,0.7183257918552035,0.5827876520112254,1302.0,630.0,577.83447265625,,,,,,,,,,,,,,,,,,,,
702,11490.9341,,,,,,Frage 1,,,,,,1.0,-1.0,-1.0,-1.0,-1.0,0.0,0.0,11508.388999999966,-1.0,-1.0,-1.0,-1.0,-1.0,-1.0,4.0,4.0,1.0,0.4759322966953752,0.3954061960765668,,,,,,,,,,,,,,,,,,,,,,,
703,11507.5876,,,,,,Frage 1,,,,,,1.0,-1.0,-1.0,-1.0,-1.0,0.0,0.018097082863962055,11525.043000000063,-1.0,-1.0,-1.0,-1.0,-1.0,-1.0,4.0,4.0,1.0,0.47307184518740275,0.394481298666511,,,,,,,,,,,,,,,,,,,,,,,
704,11524.2438,,,,,,Frage 1,,,,,,1.0,-1.0,-1.0,-1.0,-1.0,0.0,0.0,11541.697999999977,-1.0,-1.0,-1.0,-1.0,-1.0,-1.0,4.0,4.0,1.0,0.4759322966953752,0.3954061960765668,,,,,,,,,,,,,,,,,,,,,,,
705,11540.8983,,,,,,Frage 1,,,,,,1.0,-1.0,-1.0,-1.0,-1.0,0.0,0.0,11558.353000000005,-1.0,-1.0,-1.0,-1.0,-1.0,-1.0,4.0,4.0,1.0,0.4759322966953752,0.3954061960765668,,,,,,,,,,,,,,,,,,,,,,,
706,11557.5517,,,,,,Frage 1,,,,,,1.0,-1.0,-1.0,-1.0,-1.0,0.0,0.018097082863962055,11575.006999999983,-1.0,-1.0,-1.0,-1.0,-1.0,-1.0,4.0,4.0,1.0,0.47307184518740275,0.394481298666511,,,,,,,,,,,,,,,,,,,,,,,
707,11574.2077,,,,,,Frage 1,,,,,,1.0,-1.0,-1.0,-1.0,-1.0,0.0,0.0,11591.662000000011,-1.0,-1.0,-1.0,-1.0,-1.0,-1.0,4.0,4.0,1.0,0.4759322966953752,0.3954061960765668,,,,,,,,,,,,,,,,,,,,,,,
708,11590.8612,,,,,,Frage 1,,,,,,1.0,-1.0,-1.0,-1.0,-1.0,0.0,0.0,11608.31700000004,-1.0,-1.0,-1.0,-1.0,-1.0,-1.0,4.0,4.0,1.0,0.4759322966953752,0.3954061960765668,,,,,,,,,,,,,,,,,,,,,,,
709,11607.5175,,,,,,Frage 1,,,,,,1.0,-1.0,-1.0,-1.0,-1.0,0.0,0.018097082863962055,11624.972000000069,-1.0,-1.0,-1.0,-1.0,-1.0,-1.0,4.0,4.0,1.0,0.47307184518740275,0.394481298666511,,,,,,,,,,,,,,,,,,,,,,,
710,11624.172,,,,,,Frage 1,,,,,,1.0,-1.0,-1.0,-1.0,-1.0,0.0,0.0,11641.626000000047,-1.0,-1.0,-1.0,-1.0,-1.0,-1.0,4.0,4.0,1.0,0.4759322966953752,0.3954061960765668,,,,,,,,,,,,,,,,,,,,,,,
711,11640.8252,,,,,,Frage 1,,,,,,1.0,-1.0,741.0,-1.0,782.0,0.6028907275371151,0.5941620435713605,11658.281000000075,583.2410278320312,581.4169311523438,0.6198536157608032,0.3697221875190734,0.4675180912017822,0.3709018528461456,0.0,0.0,1.0,0.5350065603061451,0.7057998129092609,,761.5,582.328979492188,,,,,,,,,,,,,,,,,,,,
712,11657.4815,,,,,,Frage 1,,,,,,1.0,-1.0,741.0,-1.0,782.0,0.8987214114898228,0.8893489602862561,11674.935999999989,583.2484130859375,581.4141845703125,0.6199990510940551,0.3706794679164886,0.467265099287033,0.3719990253448486,0.0,0.0,1.0,0.49726541466488,0.7057998129092609,,761.5,582.331298828125,,,,,,,,,,,,,,,,,,,,
713,11674.1348,,,,,,Frage 1,,,,,,1.0,1057.0,728.0,1354.0,557.0,0.8129246776069776,0.8636453724435684,11691.589999999967,583.279296875,581.5098876953125,0.6217126846313475,0.3732399642467498,0.468511551618576,0.3743709921836853,0.0,0.0,1.0,0.6637443438914026,0.5944808231992516,1205.5,642.5,582.394592285156,,,,,,,,,,,,,,,,,,,,
714,11690.7899,,,,,,Frage 1,,,,,,1.0,1057.0,728.0,1354.0,557.0,0.8129246776069776,0.8636453724435684,11708.244999999995,583.189453125,581.546875,0.6248441934585571,0.3717803359031677,0.4710459411144256,0.3726661801338195,0.0,0.0,1.0,0.6637443438914026,0.5944808231992516,1205.5,642.5,582.3681640625,199.648778946886,,,,,,,,,,47.0,47.0,11682.46235,11815.70025,133.2379,26.0357265316807,400.621055713398,12066.131326828,-13729.1123666636,207.232112906395
715,11707.4458,,,,,,Frage 1,,,,,,1.0,-1.0,-1.0,-1.0,-1.0,0.0,0.0,11724.900000000023,-1.0,-1.0,-1.0,-1.0,-1.0,-1.0,4.0,4.0,1.0,0.4759322966953752,0.3954061960765668,1007.875,548.375,582.178024291992,400.621055713398,12066.131326828,,,,,,,,,47.0,47.0,11682.46235,11815.70025,133.2379,26.0357265316807,400.621055713398,12066.131326828,-13729.1123666636,207.232112906395
716,11724.0982,,,,,,Frage 1,,,,,,1.0,-1.0,-1.0,-1.0,-1.0,0.0,0.0,11741.554000000004,-1.0,-1.0,-1.0,-1.0,-1.0,-1.0,4.0,4.0,1.0,0.4759322966953752,0.3954061960765668,810.25,454.25,581.987884521484,397.696279195069,-175.636936317208,,,,,,,,,47.0,47.0,11682.46235,11815.70025,133.2379,26.0357265316807,400.621055713398,12066.131326828,-13729.1123666636,207.232112906395
717,11740.7546,,,,,,Frage 1,,,,,,1.0,-1.0,-1.0,-1.0,-1.0,0.0,0.0,11758.209000000032,-1.0,-1.0,-1.0,-1.0,-1.0,-1.0,4.0,4.0,1.0,0.4759322966953752,0.3954061960765668,612.625,360.125,581.797744750977,384.642691209009,-783.698037154508,,,,,,,,,47.0,47.0,11682.46235,11815.70025,133.2379,26.0357265316807,400.621055713398,12066.131326828,-13729.1123666636,207.232112906395
718,11757.4078,,,,,,Frage 1,,,,,,1.0,-1.0,-1.0,415.0,266.0,0.0,0.8895123362223197,11774.86400000006,-1.0,581.6076049804688,-1.0,-1.0,0.4744578301906585,0.3736263513565063,4.0,0.0,1.0,0.21662895927601805,0.24228250701590265,415.0,266.0,581.607604980469,156.009037144477,-13729.1123666636,,,,,,,,,47.0,47.0,11682.46235,11815.70025,133.2379,26.0357265316807,400.621055713398,12066.131326828,-13729.1123666636,207.232112906395
719,11774.0632,,,,,,Frage 1,,,,,,1.0,445.0,430.0,423.0,244.0,0.8393152237405079,0.891124669230687,11791.51800000004,582.3241577148438,581.0570678710938,0.633604884147644,0.3707500398159027,0.4766714870929718,0.3678314983844757,0.0,0.0,1.0,0.22737556561085967,0.30869971936389146,434.0,337.0,581.690612792969,51.4533937884906,-6277.58224695829,,,,,,,,,47.0,47.0,11682.46235,11815.70025,133.2379,26.0357265316807,400.621055713398,12066.131326828,-13729.1123666636,207.232112906395
720,11790.7185,,,,,,Frage 1,,,,,,1.0,445.0,430.0,425.0,215.0,0.8393152237405079,0.8951313971052998,11808.173000000068,582.4978637695312,581.1596069335938,0.6316710114479064,0.3673663437366485,0.4760979413986206,0.3657896518707275,0.0,0.0,1.0,0.22794117647058817,0.29513564078578103,435.0,322.5,581.828735351563,78.5889816352366,1629.24641686103,,,,,,,,,47.0,47.0,11682.46235,11815.70025,133.2379,26.0357265316807,400.621055713398,12066.131326828,-13729.1123666636,207.232112906395
721,11807.3728,,,,,,Frage 1,,,,,,1.0,457.0,260.0,417.0,234.0,0.8865620896759346,0.8946546607672776,11824.82799999998,582.4700317382812,581.1284790039064,0.6313661336898803,0.3670661747455596,0.4766498208045959,0.3662626147270202,0.0,0.0,1.0,0.22907239819004518,0.22450888681010286,437.0,247.0,581.799255371094,53.3772906309439,-1513.82471819862,,,,,,,,,47.0,47.0,11682.46235,11815.70025,133.2379,26.0357265316807,400.621055713398,12066.131326828,-13729.1123666636,207.232112906395
722,11824.0277,,,,,,Frage 1,,,,,,1.0,464.0,257.0,421.0,267.0,0.8987757663964365,0.8968347921108171,11841.48199999996,582.8397216796875,581.5010986328125,0.6312010288238525,0.3670565783977508,0.4770846366882324,0.3667244017124176,0.0,0.0,1.0,0.23218325791855196,0.2385406922357343,442.5,262.0,582.17041015625,24.6658009428241,-1723.90645924727,41.0,40.0,454.166666666667,249.25,11815.70025,11915.6284,99.9281499999997,0.360705402746297,,,,,,,,,,
723,11840.6815,,,,,,Frage 1,,,,,,1.0,474.0,250.0,458.0,241.0,0.8882271004847753,0.8967249820554299,11858.136999999988,582.169189453125,580.8446655273438,0.6314361691474915,0.3670216798782348,0.4777798950672149,0.3670717477798461,0.0,0.0,1.0,0.24547511312217188,0.22310570626753973,466.0,245.5,581.506927490234,28.5407957064405,232.679314247581,41.0,40.0,454.166666666667,249.25,11815.70025,11915.6284,99.9281499999997,0.360705402746297,,,,,,,,,,
724,11857.3372,,,,,,Frage 1,,,,,,1.0,491.0,254.0,448.0,233.0,0.8879624960683777,0.8703513805302967,11874.792000000016,581.4246826171875,580.1123046875,0.6316760182380676,0.3667501509189605,0.4783356189727783,0.3670619428157806,0.0,0.0,1.0,0.28936578566324556,0.22123479887745554,469.5,243.5,580.768493652344,14.4587828843886,-845.477093250508,41.0,40.0,454.166666666667,249.25,11815.70025,11915.6284,99.9281499999997,0.360705402746297,,,,,,,,,,
725,11873.9924,,,,,,Frage 1,,,,,,1.0,483.0,257.0,415.0,234.0,0.8915004103972978,0.8887088480121703,11891.447000000044,581.2433471679688,579.9352416992188,0.6317082047462463,0.3665399253368377,0.4786074161529541,0.367027997970581,0.0,0.0,1.0,0.2358597285067873,0.22310570626753973,449.0,245.5,580.589294433594,20.5925254127852,368.277926917535,41.0,40.0,454.166666666667,249.25,11815.70025,11915.6284,99.9281499999997,0.360705402746297,,,,,,,,,,
726,11878.1298,,,,,,Frage 1,1.0,1.30279088020325,29.4198451622775,0.191106170415878,211.578125,,,,,,0.6585048574425887,0.6495113533451946,,,,,,,,,,,0.37959439571535225,0.3642823432120883,,,,,,,,,,,,,,,,,,,,,,,
727,11890.6457,,,,,,Frage 1,,,,,,1.0,474.0,252.0,419.0,248.0,0.8840109036989701,0.8923807891325541,11908.101000000024,581.0399169921875,579.7412109375,0.6318656802177429,0.3663714826107025,0.4789513349533081,0.366983026266098,0.0,0.0,1.0,0.23444570135746604,0.31728730047048426,446.5,250.0,580.390563964844,3.64059480980327,-1017.93221781761,41.0,40.0,454.166666666667,249.25,11815.70025,11915.6284,99.9281499999997,0.360705402746297,,,,,,,,,,
728,11907.3013,,,,,,Frage 1,,,,,,1.0,475.0,262.0,428.0,236.0,0.8841032656179012,0.8926754014762757,11924.756000000052,581.1242065429688,579.8297729492188,0.6318975090980529,0.3662263751029968,0.4791398346424102,0.3669581413269043,0.0,0.0,1.0,0.23727375565610856,0.22637979420018706,451.5,249.0,580.476989746094,12.2581828691545,517.398836388434,41.0,40.0,454.166666666667,249.25,11815.70025,11915.6284,99.9281499999997,0.360705402746297,,,,,,,,,,
729,11923.9555,,,,,,Frage 1,,,,,,1.0,470.0,262.0,418.0,210.0,0.8843379148173481,0.8872116816472579,11941.410999999964,580.5181274414064,579.2277221679688,0.6320005655288696,0.366114854812622,0.4793592989444732,0.3669177293777465,0.0,0.0,1.0,0.23303167420814475,0.3168286333008154,444.0,236.0,579.872924804688,31.138621701575,1133.67431833529,,,,,,,,,48.0,48.0,11915.6284,11998.9015,83.2731000000003,5.90778718706467,142.500583848329,3898.26564769606,-5731.16584903088,203.765856923506
730,11940.6092,,,,,,Frage 1,,,,,,1.0,473.0,263.0,364.0,264.0,0.8895749410023096,0.8865662127851045,11958.06500000006,580.7630004882812,579.4660034179688,0.6317992210388182,0.365985482931137,0.4791952967643737,0.366776019334793,0.0,0.0,1.0,0.2952975667048215,0.2399438727782974,418.5,263.5,580.114501953125,36.3191017716928,311.070817302918,,,,,,,,,48.0,48.0,11915.6284,11998.9015,83.2731000000003,5.90778718706467,142.500583848329,3898.26564769606,-5731.16584903088,203.765856923506
731,11957.2654,,,,,,Frage 1,,,,,,1.0,459.0,267.0,363.0,256.0,0.8847572878546572,0.8864590810237513,11974.719999999972,582.3515625,581.0599365234375,0.6317137479782104,0.3660107553005218,0.4791804254055023,0.3668018877506256,0.0,0.0,1.0,0.214366515837104,0.3107811103883802,411.0,261.5,581.705749511719,101.249394052846,3898.26564769606,,,,,,,,,48.0,48.0,11915.6284,11998.9015,83.2731000000003,5.90778718706467,142.500583848329,3898.26564769606,-5731.16584903088,203.765856923506
732,11973.9191,,,,,,Frage 1,,,,,,1.0,356.0,209.0,287.0,164.0,0.8862001308044474,0.8875839645179606,11991.375,581.0527954101562,579.8007202148438,0.6327030658721923,0.3659179508686065,0.4802338778972625,0.366761028766632,0.0,0.0,1.0,0.26385686140115194,0.1679139382600561,321.5,186.5,580.4267578125,142.500583848329,2476.99849255639,,,,,,,,,48.0,48.0,11915.6284,11998.9015,83.2731000000003,5.90778718706467,142.500583848329,3898.26564769606,-5731.16584903088,203.765856923506
733,11990.5745,,,,,,Frage 1,,,,,,1.0,310.0,166.0,226.0,151.0,0.8849370191563612,0.8896408943359437,12008.02899999998,579.0479125976562,577.8171997070312,0.6333343386650085,0.3659158945083618,0.4809219539165496,0.3667438030242919,0.0,0.0,1.0,0.13348416289592754,0.284575793045837,268.0,158.5,578.432556152344,47.0457241663721,-5731.16584903088,,,,,,,,,48.0,48.0,11915.6284,11998.9015,83.2731000000003,5.90778718706467,142.500583848329,3898.26564769606,-5731.16584903088,203.765856923506
734,12007.2285,,,,,,Frage 1,,,,,,1.0,315.0,156.0,234.0,145.0,0.8836764037763544,0.887450049816269,12024.684000000008,579.0798950195312,577.8412475585938,0.6330988407135009,0.366225391626358,0.4807428419589996,0.3670162558555603,0.0,0.0,1.0,0.13716063348416285,0.13423760523854067,274.5,150.5,578.460571289063,11.6113755711933,-2127.67795095363,42.0,41.0,280.545454545455,159.5,11998.9015,12182.1032,183.201700000001,0.219230155386037,,,,,,,,,,
735,12023.8842,,,,,,Frage 1,,,,,,1.0,327.0,163.0,238.0,155.0,0.8859679778730798,0.8874554064043366,12041.339000000036,579.2737426757812,578.0411987304688,0.6331934928894043,0.3663361966609954,0.4808604717254638,0.3671073317527771,0.0,0.0,1.0,0.1416855203619909,0.1421889616463985,282.5,159.0,578.657470703125,15.0092415521256,204.006194932188,42.0,41.0,280.545454545455,159.5,11998.9015,12182.1032,183.201700000001,0.219230155386037,,,,,,,,,,
736,12040.5388,,,,,,Frage 1,,,,,,1.0,329.0,172.0,214.0,164.0,0.8867692799265099,0.8894052044609665,12057.993000000017,579.1275024414064,577.9043579101562,0.6334103941917419,0.3662972748279571,0.4810755550861358,0.3670474588871002,0.0,0.0,1.0,0.13546380090497737,0.15060804490177732,271.5,168.0,578.515930175781,9.16770079394481,-350.746385874223,42.0,41.0,280.545454545455,159.5,11998.9015,12182.1032,183.201700000001,0.219230155386037,,,,,,,,,,
737,12057.1925,,,,,,Frage 1,,,,,,1.0,330.0,170.0,215.0,136.0,0.8878351863963376,0.8872223948233933,12074.648000000045,579.2245483398438,578.0112915039064,0.6336169838905334,0.3663649559020996,0.4812797307968139,0.3671050071716308,0.0,0.0,1.0,0.13602941176470584,0.1365762394761459,272.5,153.0,578.617919921875,18.0511599335958,533.422551123867,42.0,41.0,280.545454545455,159.5,11998.9015,12182.1032,183.201700000001,0.219230155386037,,,,,,,,,,
738,12073.8482,,,,,,Frage 1,,,,,,1.0,333.0,164.0,244.0,146.0,0.8895850703198718,0.8877018094554494,12091.303000000073,579.3777465820312,578.1725463867188,0.6337538361549377,0.3662783503532409,0.4814396500587463,0.3669940531253814,0.0,0.0,1.0,0.14507918552036198,0.2883325003568232,288.5,155.0,578.775146484375,10.9489843768759,-426.411111914802,42.0,41.0,280.545454545455,159.5,11998.9015,12182.1032,183.201700000001,0.219230155386037,,,,,,,,,,
739,12090.5011,,,,,,Frage 1,,,,,,1.0,331.0,167.0,236.0,156.0,0.8900468799145277,0.8835987967898107,12107.957000000051,578.798583984375,577.5980224609375,0.6339140534400939,0.3661471307277679,0.4815872013568878,0.3668370246887207,0.0,0.0,1.0,0.1422511312217194,0.14452759588400368,283.5,161.5,578.198303222656,7.94190094822336,-180.574159975303,42.0,41.0,280.545454545455,159.5,11998.9015,12182.1032,183.201700000001,0.219230155386037,,,,,,,,,,
740,12107.1572,,,,,,Frage 1,,,,,,1.0,332.0,176.0,234.0,149.0,0.8896874173111199,0.8906345414224955,12124.611999999965,578.4653930664064,577.2660522460938,0.6339759230613708,0.3660031855106353,0.4816513061523437,0.3666993379592895,0.0,0.0,1.0,0.14196832579185514,0.14546304957904577,283.0,162.5,577.86572265625,3.30628024604095,-278.313693012311,42.0,41.0,280.545454545455,159.5,11998.9015,12182.1032,183.201700000001,0.219230155386037,,,,,,,,,,
741,12123.8132,,,,,,Frage 1,,,,,,1.0,332.0,178.0,229.0,150.0,0.8872360820573245,0.8918022776212463,12141.266999999993,577.8007202148438,576.6026000976562,0.6340647339820861,0.3658697307109832,0.4817388653755188,0.3665538430213928,0.0,0.0,1.0,0.14055429864253388,0.14686623012160893,280.5,164.0,577.20166015625,2.55814335438943,-44.9169603537154,42.0,41.0,280.545454545455,159.5,11998.9015,12182.1032,183.201700000001,0.219230155386037,,,,,,,,,,
742,12140.4669,,,,,,Frage 1,,,,,,1.0,332.0,179.0,230.0,141.0,0.8848296796289548,0.8898712276228533,12157.92200000002,577.324462890625,576.125,0.6340830326080322,0.3658384978771209,0.4817543029785156,0.3665145337581634,0.0,0.0,1.0,0.14083710407239813,0.14312441534144058,281.0,160.0,576.724731445313,5.60946084010338,183.221595544182,42.0,41.0,280.545454545455,159.5,11998.9015,12182.1032,183.201700000001,0.219230155386037,,,,,,,,,,
743,12157.121,,,,,,Frage 1,,,,,,1.0,329.0,181.0,244.0,141.0,0.8826055047703684,0.8901685182606087,12174.576,577.0009155273438,575.8016967773438,0.6341258883476257,0.3657768070697784,0.4817869365215301,0.3664507567882537,0.0,0.0,1.0,0.25311905350157166,0.14405986903648263,286.5,161.0,576.401306152344,0.806083102535391,-288.420133034391,42.0,41.0,280.545454545455,159.5,11998.9015,12182.1032,183.201700000001,0.219230155386037,,,,,,,,,,
744,12173.7757,,,,,,Frage 1,,,,,,1.0,327.0,179.0,237.0,141.0,0.8810178782719834,0.889496266458117,12191.231000000029,576.8201293945312,575.61962890625,0.6341198086738586,0.3657896518707275,0.4817773401737213,0.3664617240428924,0.0,0.0,1.0,0.14140271493212658,0.14312441534144058,282.0,160.0,576.219879150391,25.5227386477977,1484.06489130761,42.0,41.0,280.545454545455,159.5,11998.9015,12182.1032,183.201700000001,0.219230155386037,,,,,,,,,,
745,12190.4307,,,,,,Frage 1,,,,,,1.0,354.0,178.0,282.0,148.0,0.8877236737898762,0.8830710390709533,12207.886000000057,575.889404296875,574.685302734375,0.6341155171394348,0.3658706247806549,0.4817600846290588,0.3664899170398712,0.0,0.0,1.0,0.1617647058823529,0.14593077642656682,318.0,163.0,575.287353515625,79.4950813398055,3240.60898781181,,,,,,,,,49.0,49.0,12182.1032,12215.41205,33.3088499999976,1.90380924547095,79.4950813398055,3240.60898781181,-1525.28732580127,6.08233669328205
746,12207.0849,,,,,,Frage 1,,,,,,1.0,421.0,192.0,337.0,147.0,0.8780048827003629,0.8783251020430026,12224.540000000035,574.7172241210938,573.5126342773438,0.6342547535896301,0.3658524751663208,0.4818285107612609,0.3664243817329406,0.0,0.0,1.0,0.1962669683257918,0.15201122544434045,379.0,169.5,574.114929199219,54.0926411584476,-1525.28732580127,,,,,,,,,49.0,49.0,12182.1032,12215.41205,33.3088499999976,1.90380924547095,79.4950813398055,3240.60898781181,-1525.28732580127,6.08233669328205
747,12223.7392,,,,,,Frage 1,,,,,,1.0,434.0,190.0,333.0,141.0,0.8761950883429274,0.8774278735416688,12241.195000000063,574.7874755859375,573.588623046875,0.6343713402748107,0.3657818436622619,0.4819232821464538,0.3663182258605957,0.0,0.0,1.0,0.19881221719457007,0.14826941066417207,383.5,165.5,574.188049316406,0.96080605849541,-3190.27729174758,43.0,42.0,370.708333333333,167.583333333333,12215.41205,12415.2689,199.85685,0.329032249794161,,,,,,,,,,
748,12240.3941,,,,,,Frage 1,,,,,,1.0,428.0,190.0,332.0,148.0,0.8734891337450511,0.8754753971910052,12257.849999999977,575.1505126953125,573.9520263671875,0.6343214511871337,0.3657574355602264,0.4818871915340423,0.3662667572498321,0.0,0.0,1.0,0.1968325791855203,0.1515434985968194,380.0,169.0,574.55126953125,11.728236646725,646.502265893515,43.0,42.0,370.708333333333,167.583333333333,12215.41205,12415.2689,199.85685,0.329032249794161,,,,,,,,,,
749,12257.0491,,,,,,Frage 1,,,,,,1.0,422.0,191.0,327.0,160.0,0.873059775635425,0.8734907813119355,12274.504000000074,574.9752197265625,573.7763671875,0.6343076229095459,0.3657070398330688,0.4818750023841857,0.366173893213272,0.0,0.0,1.0,0.19372171945701352,0.30409051869545356,374.5,175.5,574.375793457031,8.86823935216305,-171.720041702903,43.0,42.0,370.708333333333,167.583333333333,12215.41205,12415.2689,199.85685,0.329032249794161,,,,,,,,,,
750,12273.7041,,,,,,Frage 1,,,,,,1.0,424.0,185.0,316.0,159.0,0.8715794886644468,0.8725587349881619,12291.158999999983,575.0921630859375,573.8887939453125,0.6341870427131652,0.3657345175743103,0.481745034456253,0.3661709427833557,0.0,0.0,1.0,0.19117647058823525,0.1543498596819457,370.0,172.0,574.490478515625,10.1969666640901,79.7794843546683,43.0,42.0,370.708333333333,167.583333333333,12215.41205,12415.2689,199.85685,0.329032249794161,,,,,,,,,,
751,12290.3584,,,,,,Frage 1,,,,,,1.0,426.0,175.0,328.0,153.0,0.8701666009316074,0.8717070374854033,12307.814000000011,575.1852416992188,573.9783325195312,0.6340967416763305,0.3657739460468292,0.4816484451293945,0.3661948144435882,0.0,0.0,1.0,0.1951357466063348,0.14686623012160893,377.0,164.0,574.581787109375,3.85307098986837,-380.916380407604,43.0,42.0,370.708333333333,167.583333333333,12215.41205,12415.2689,199.85685,0.329032249794161,,,,,,,,,,
752,12307.0126,,,,,,Frage 1,,,,,,1.0,423.0,186.0,325.0,163.0,0.8686214109905691,0.8700438168903935,12324.467999999992,575.7604370117188,574.5437622070312,0.633809745311737,0.3656661510467529,0.4813629984855651,0.3660748600959777,0.0,0.0,1.0,0.19343891402714927,0.15668849391955095,374.0,174.5,575.152099609375,16.2062685391942,741.746679475758,43.0,42.0,370.708333333333,167.583333333333,12215.41205,12415.2689,199.85685,0.329032249794161,,,,,,,,,,
753,12323.6671,,,,,,Frage 1,,,,,,1.0,416.0,198.0,316.0,160.0,0.8675255493037908,0.8698536580139914,12341.12300000002,576.28369140625,575.057861328125,0.6335822939872741,0.3656086027622222,0.4811244010925293,0.3660679459571838,0.0,0.0,1.0,0.18891402714932123,0.16089803554724036,366.0,179.0,575.670776367188,9.13802005966429,-424.40472422046,43.0,42.0,370.708333333333,167.583333333333,12215.41205,12415.2689,199.85685,0.329032249794161,,,,,,,,,,
754,12340.3228,,,,,,Frage 1,,,,,,1.0,405.0,196.0,321.0,153.0,0.8761931955542472,0.8711419174442647,12357.778000000048,576.508544921875,575.278564453125,0.6334806084632874,0.3656478822231292,0.4810295104980468,0.3661469221115112,0.0,0.0,1.0,0.18721719457013572,0.15668849391955095,363.0,174.5,575.8935546875,9.40339493687166,15.9329765310005,43.0,42.0,370.708333333333,167.583333333333,12215.41205,12415.2689,199.85685,0.329032249794161,,,,,,,,,,
755,12356.9786,,,,,,Frage 1,,,,,,1.0,410.0,199.0,322.0,137.0,0.8703163770163606,0.8697250999003675,12374.43200000003,577.2460327148438,576.0126342773438,0.6333377361297607,0.3657087683677673,0.4808996319770813,0.366252452135086,0.0,0.0,1.0,0.18891402714932123,0.15060804490177732,366.0,168.0,576.629333496094,18.6672700006678,556.195143061032,43.0,42.0,370.708333333333,167.583333333333,12215.41205,12415.2689,199.85685,0.329032249794161,,,,,,,,,,
756,12373.6309,,,,,,Frage 1,,,,,,1.0,418.0,189.0,324.0,120.0,0.8703163770163606,0.8700705998307318,12391.087000000058,577.1892700195312,575.9628295898438,0.6335228085517883,0.3657388389110565,0.4810686409473419,0.3663053214550018,0.0,0.0,1.0,0.19174208144796376,0.13797942001870905,371.0,154.5,576.576049804688,13.1852954267374,-329.202246772548,43.0,42.0,370.708333333333,167.583333333333,12215.41205,12415.2689,199.85685,0.329032249794161,,,,,,,,,,
757,12390.2877,,,,,,Frage 1,,,,,,1.0,415.0,176.0,314.0,129.0,0.8703663023779451,0.8540113602064133,12407.741999999967,577.2661743164064,576.0443725585938,0.6336185932159423,0.3657372891902923,0.4811454117298126,0.3662790060043335,0.0,0.0,1.0,0.254483679443574,0.13610851262862483,364.5,152.5,576.6552734375,12.1332066808559,-63.1627170814043,43.0,42.0,370.708333333333,167.583333333333,12215.41205,12415.2689,199.85685,0.329032249794161,,,,,,,,,,
758,12406.9416,,,,,,Frage 1,,,,,,1.0,416.0,181.0,302.0,143.0,0.8710827313166816,0.8616002546290041,12424.396999999995,577.2088012695312,575.9924926757812,0.63374525308609,0.3656377494335174,0.4812533855438232,0.366146296262741,0.0,0.0,1.0,0.18495475113122167,0.1449953227315247,359.0,162.0,576.600646972656,20.4270300878159,498.010880752276,43.0,42.0,370.708333333333,167.583333333333,12215.41205,12415.2689,199.85685,0.329032249794161,,,,,,,,,,
759,12423.5962,,,,,,Frage 1,,,,,,1.0,426.0,193.0,307.0,160.0,0.8717667087703883,0.8732872309653643,12441.050999999978,576.696044921875,575.48291015625,0.6338668465614318,0.3654268682003021,0.481347918510437,0.3658940494060516,0.0,0.0,1.0,0.1891968325791855,0.15855940130963514,366.5,176.5,576.089477539063,98.6856840502265,4698.92125673456,,,,,,,,,50.0,50.0,12415.2689,12465.2326,49.9637000000003,5.01792001408315,138.049102937152,4698.92125673456,-5029.37972388517,357.005718883905
760,12440.2517,,,,,,Frage 1,,,,,,1.0,519.0,194.0,433.0,162.0,0.8720762460122118,0.8749183120319681,12457.706000000006,578.9691162109375,577.7235107421875,0.6328891515731812,0.3653245866298675,0.4803961813449859,0.365787535905838,0.0,0.0,1.0,0.251131221719457,0.15996258185219828,476.0,178.0,578.346313476563,138.049102937152,2363.38860357984,,,,,,,,,50.0,50.0,12415.2689,12465.2326,49.9637000000003,5.01792001408315,138.049102937152,4698.92125673456,-5029.37972388517,357.005718883905
761,12456.9049,,,,,,Frage 1,,,,,,1.0,570.0,179.0,488.0,157.0,0.8727627197339978,0.8562186815984217,12474.361000000034,580.3629760742188,579.0953979492188,0.6322205066680908,0.3651983439922332,0.4797511994838714,0.3656157851219177,0.0,0.0,1.0,0.26049857378553315,0.15060804490177732,529.0,168.0,579.729187011719,54.2938365193537,-5029.37972388517,,,,,,,,,50.0,50.0,12415.2689,12465.2326,49.9637000000003,5.01792001408315,138.049102937152,4698.92125673456,-5029.37972388517,357.005718883905
762,12473.5603,,,,,,Frage 1,,,,,,1.0,573.0,165.0,493.0,141.0,0.8771187075322393,0.8781028036381948,12491.015000000014,579.6880493164064,578.4328002929688,0.6325572729110717,0.3650385439395904,0.4800597727298736,0.3654083311557769,0.0,0.0,1.0,0.28337104072398184,0.1365762394761459,533.0,153.0,579.060424804688,15.0687494995726,-2355.09726693937,44.0,43.0,536.285714285714,153.214285714286,12465.2326,12581.81585,116.58325,0.098776504997538,,,,,,,,,,
763,12490.2146,,,,,,Frage 1,,,,,,1.0,573.0,166.0,503.0,141.0,0.8758830548330246,0.8784777648029312,12507.670000000042,579.2096557617188,577.9507446289064,0.6325213313102722,0.36487677693367,0.4800152778625488,0.3652337491512298,0.0,0.0,1.0,0.28619909502262436,0.13704396632366694,538.0,153.5,578.580200195313,6.92138649592449,-489.204770158338,44.0,43.0,536.285714285714,153.214285714286,12465.2326,12581.81585,116.58325,0.098776504997538,,,,,,,,,,
764,12506.8701,,,,,,Frage 1,,,,,,1.0,573.0,168.0,509.0,140.0,0.8833386384487449,0.8767315170928726,12524.32500000007,579.021240234375,577.756103515625,0.6323972940444946,0.3648841679096221,0.4798905253410339,0.3652280867099762,0.0,0.0,1.0,0.28789592760180993,0.137511693171188,541.0,154.0,578.388671875,3.46720329939141,-207.389943053822,44.0,43.0,536.285714285714,153.214285714286,12465.2326,12581.81585,116.58325,0.098776504997538,,,,,,,,,,
765,12523.524,,,,,,Frage 1,,,,,,1.0,575.0,174.0,501.0,125.0,0.8767292897118808,0.8754539708387346,12540.97900000005,579.0728759765625,577.80322265625,0.6322938203811646,0.3649814426898956,0.479788452386856,0.3653351068496704,0.0,0.0,1.0,0.28619909502262436,0.3340532530792553,538.0,149.5,578.438049316406,6.041237104969,154.560421617621,44.0,43.0,536.285714285714,153.214285714286,12465.2326,12581.81585,116.58325,0.098776504997538,,,,,,,,,,
766,12540.1784,,,,,,Frage 1,,,,,,1.0,572.0,172.0,496.0,135.0,0.8760378234539364,0.8752664902563663,12557.633999999962,579.0148315429688,577.7426147460938,0.6322495937347412,0.3650558590888977,0.4797373116016387,0.3654075860977172,0.0,0.0,1.0,0.28393665158371034,0.13704396632366694,534.0,153.5,578.378723144531,4.69827275884923,-80.6372097535586,44.0,43.0,536.285714285714,153.214285714286,12465.2326,12581.81585,116.58325,0.098776504997538,,,,,,,,,,
767,12556.8342,,,,,,Frage 1,,,,,,1.0,572.0,165.0,496.0,141.0,0.8779973938961253,0.8740130486485328,12574.28899999999,579.29443359375,578.02099609375,0.6321840286254882,0.3652178049087524,0.4796699285507202,0.3655466437339782,0.0,0.0,1.0,0.28393665158371034,0.3333201201217623,534.0,153.0,578.65771484375,2.70840092132961,-119.470204824733,44.0,43.0,536.285714285714,153.214285714286,12465.2326,12581.81585,116.58325,0.098776504997538,,,,,,,,,,
768,12573.4877,,,,,,Frage 1,,,,,,1.0,572.0,160.0,500.0,152.0,0.8778051812540252,0.8726069442807709,12590.94299999997,579.1221313476562,577.8539428710938,0.6323120594024658,0.3652859330177307,0.4797923266887664,0.3655941784381866,0.0,0.0,1.0,0.28506787330316735,0.1393826005612722,536.0,156.0,578.488037109375,0.985416662802417,-103.460789535362,44.0,43.0,536.285714285714,153.214285714286,12465.2326,12581.81585,116.58325,0.098776504997538,,,,,,,,,,
769,12590.144,,,,,,Frage 1,,,,,,1.0,565.0,163.0,502.0,145.0,0.8749269841586828,0.8722962621728464,12607.597999999998,579.0584106445312,577.7920532226562,0.632367432117462,0.3653196394443512,0.4798469543457031,0.365639328956604,0.0,0.0,1.0,0.2836538461538461,0.137511693171188,533.5,154.0,578.425231933594,38.8189817732965,2271.42673405815,,,,,,,,,51.0,51.0,12581.81585,12648.4347,66.6188500000008,4.17744477995543,83.8774340628434,2705.61210358958,-2488.3528623479,359.57716059533
770,12606.7977,,,,,,Frage 1,,,,,,1.0,603.0,163.0,557.0,136.0,0.882095875970662,0.8750361569694567,12624.253000000026,579.9200439453125,578.6434326171875,0.6320394873619078,0.3653477132320404,0.4795401394367218,0.3656719624996185,0.0,0.0,1.0,0.3099547511312217,0.13330215154349856,580.0,149.5,579.28173828125,83.8774340628434,2705.61210358958,,,,,,,,,51.0,51.0,12581.81585,12648.4347,66.6188500000008,4.17744477995543,83.8774340628434,2705.61210358958,-2488.3528623479,359.57716059533
771,12623.4512,,,,,,Frage 1,,,,,,1.0,657.0,158.0,602.0,139.0,0.8734042606303576,0.8753977266640243,12640.907000000008,579.0833129882812,577.7918090820312,0.6317974925041198,0.3652458786964416,0.4792646765708923,0.3655389845371246,0.0,0.0,1.0,0.3379524886877827,0.13236669784845645,629.5,148.5,578.437561035156,78.139202266405,-344.566115017159,,,,,,,,,51.0,51.0,12581.81585,12648.4347,66.6188500000008,4.17744477995543,83.8774340628434,2705.61210358958,-2488.3528623479,359.57716059533
772,12640.1076,,,,,,Frage 1,,,,,,1.0,694.0,162.0,644.0,144.0,0.8725105966579964,0.871216909677212,12657.562000000034,577.8040771484375,576.505859375,0.6317833662033081,0.3651546835899353,0.4792371094226837,0.3654481172561645,0.0,0.0,1.0,0.36029411764705876,0.1365762394761459,669.0,153.0,577.154968261719,36.6922016499938,-2488.3528623479,,,,,,,,,51.0,51.0,12581.81585,12648.4347,66.6188500000008,4.17744477995543,83.8774340628434,2705.61210358958,-2488.3528623479,359.57716059533
773,12656.7618,,,,,,Frage 1,,,,,,1.0,694.0,166.0,645.0,156.0,0.8702589628505384,0.8695644022583375,12674.217000000062,577.43994140625,576.1357421875,0.6316825747489929,0.3650707006454467,0.4791470766067504,0.3653751611709594,0.0,0.0,1.0,0.360576923076923,0.14405986903648263,669.5,161.0,576.787841796875,9.96866162215705,-1604.61265193377,45.0,44.0,682.944444444444,163.722222222222,12648.4347,12798.3263,149.891600000001,0.296180351297014,,,,,,,,,,
774,12673.4171,,,,,,Frage 1,,,,,,1.0,694.0,177.0,650.0,151.0,0.8677252507501285,0.86805652271729,12690.871999999974,577.3426513671875,576.02880859375,0.6314784884452819,0.3650049269199371,0.4789548814296722,0.365333467721939,0.0,0.0,1.0,0.3619909502262443,0.14686623012160893,672.0,164.0,576.685729980469,7.95097085239979,-121.144066438744,45.0,44.0,682.944444444444,163.722222222222,12648.4347,12798.3263,149.891600000001,0.296180351297014,,,,,,,,,,
775,12690.0718,,,,,,Frage 1,,,,,,1.0,700.0,166.0,652.0,144.0,0.867131138947274,0.8654612557985066,12707.526000000073,577.3961181640625,576.07421875,0.6312987208366394,0.3650336265563964,0.4787803888320922,0.3653800189495086,0.0,0.0,1.0,0.3642533936651583,0.13844714686623008,676.0,155.0,576.735168457031,13.9128891298353,357.972120628758,45.0,44.0,682.944444444444,163.722222222222,12648.4347,12798.3263,149.891600000001,0.296180351297014,,,,,,,,,,
776,12706.7254,,,,,,Frage 1,,,,,,1.0,713.0,166.0,661.0,154.0,0.8655959340785526,0.8633936128043881,12724.180999999982,577.0626831054688,575.7386474609375,0.6313032507896423,0.3650331795215606,0.4787797331809997,0.3654104471206665,0.0,0.0,1.0,0.3704751131221719,0.36135682212435105,687.0,160.0,576.400665283203,13.2820923049259,-37.8775054588404,45.0,44.0,682.944444444444,163.722222222222,12648.4347,12798.3263,149.891600000001,0.296180351297014,,,,,,,,,,
777,12723.382,,,,,,Frage 1,,,,,,1.0,716.0,177.0,658.0,154.0,0.8683422307531633,0.8618482371468669,12740.83600000001,576.8367309570312,575.5062866210938,0.6312338709831237,0.3650051057338714,0.4786940813064575,0.3654685318470001,0.0,0.0,1.0,0.25868195769013513,0.14826941066417207,687.0,165.5,576.171508789063,7.15164737416114,-368.048997440336,45.0,44.0,682.944444444444,163.722222222222,12648.4347,12798.3263,149.891600000001,0.296180351297014,,,,,,,,,,
778,12740.0344,,,,,,Frage 1,,,,,,1.0,715.0,174.0,657.0,162.0,0.861804102866215,0.8608385202961122,12757.489999999993,576.21630859375,574.886962890625,0.6313467621803283,0.3650367856025695,0.4788063764572143,0.3655596375465393,0.0,0.0,1.0,0.3699095022624434,0.15060804490177732,686.0,168.0,575.551635742188,1.82758963192706,-319.71714240793,45.0,44.0,682.944444444444,163.722222222222,12648.4347,12798.3263,149.891600000001,0.296180351297014,,,,,,,,,,
779,12756.6903,,,,,,Frage 1,,,,,,1.0,710.0,178.0,660.0,152.0,0.8622359572439204,0.8627267175899639,12774.14500000002,575.9223022460938,574.5928344726562,0.6313819289207458,0.365103930234909,0.4788630306720733,0.3656784892082214,0.0,0.0,1.0,0.3693438914027149,0.36099012867174024,685.0,165.0,575.257568359375,8.48129763775611,399.480544781678,45.0,44.0,682.944444444444,163.722222222222,12648.4347,12798.3263,149.891600000001,0.296180351297014,,,,,,,,,,
780,12773.3455,,,,,,Frage 1,,,,,,1.0,714.0,172.0,668.0,148.0,0.8604985546607822,0.8604689157194434,12790.800000000048,575.3775024414064,574.0511474609375,0.6315195560455322,0.3651482462882995,0.479008674621582,0.3657562434673309,0.0,0.0,1.0,0.3727375565610859,0.14312441534144058,691.0,160.0,574.714324951172,11.2398931708344,165.62968520813,45.0,44.0,682.944444444444,163.722222222222,12648.4347,12798.3263,149.891600000001,0.296180351297014,,,,,,,,,,
781,12789.998,,,,,,Frage 1,,,,,,1.0,719.0,184.0,667.0,166.0,0.8602164763678302,0.8586075013659299,12807.454000000029,574.7378540039064,573.412841796875,0.6316255331039428,0.3651379346847534,0.4791057705879211,0.3657636940479278,0.0,0.0,1.0,0.37386877828054293,0.157156220767072,693.0,175.0,574.075347900391,25.5982346986982,862.233390053365,45.0,44.0,682.944444444444,163.722222222222,12648.4347,12798.3263,149.891600000001,0.296180351297014,,,,,,,,,,
782,12806.6546,,,,,,Frage 1,,,,,,1.0,707.0,190.0,654.0,183.0,0.8641333683137233,0.8568478621857022,12824.109000000057,574.3112182617188,572.9853515625,0.6316442489624023,0.3651782870292663,0.479127824306488,0.3657993376255035,0.0,0.0,1.0,0.36679864253393657,0.1679139382600561,680.5,186.5,573.648284912109,31.4584940810022,351.828067090759,,,,,,,,,52.0,52.0,12798.3263,12848.29105,49.9647499999992,1.67501305876223,48.3045615812191,1011.53281495235,-905.514192778193,173.072781873991
783,12823.3086,,,,,,Frage 1,,,,,,1.0,690.0,198.0,636.0,187.0,0.8574506113360527,0.8333693783505901,12840.763999999966,574.3884887695312,573.0658569335938,0.6316980719566345,0.3652378916740417,0.4791983067989349,0.3658589124679565,0.0,0.0,1.0,0.35690045248868774,0.17352666043030865,663.0,192.5,573.727172851563,48.3045615812191,1011.53281495235,,,,,,,,,52.0,52.0,12798.3263,12848.29105,49.9647499999992,1.67501305876223,48.3045615812191,1011.53281495235,-905.514192778193,173.072781873991
784,12839.9638,,,,,,Frage 1,,,,,,1.0,674.0,210.0,580.0,176.0,0.8567167085207615,0.8569416024768862,12857.418000000063,574.885498046875,573.5594482421875,0.6315858960151672,0.3653381764888763,0.4790732264518737,0.3659727573394775,0.0,0.0,1.0,0.33653846153846145,0.1739943872778297,627.0,193.0,574.222473144531,33.2230415976604,-905.514192778193,,,,,,,,,52.0,52.0,12798.3263,12848.29105,49.9647499999992,1.67501305876223,48.3045615812191,1011.53281495235,-905.514192778193,173.072781873991
785,12856.6183,,,,,,Frage 1,,,,,,1.0,676.0,204.0,576.0,188.0,0.8639940630622417,0.8573674512282656,12874.072999999977,575.0653686523438,573.7378540039064,0.6315416693687439,0.3654316961765289,0.479008138179779,0.3660453557968139,0.0,0.0,1.0,0.33597285067873295,0.17680074836295598,626.0,196.0,574.401611328125,5.74130167223569,-1650.10897507723,46.0,45.0,619.428571428572,190.928571428571,12848.29105,12964.87355,116.5825,0.164764751534997,,,,,,,,,,
786,12873.272,,,,,,Frage 1,,,,,,1.0,666.0,218.0,579.0,177.0,0.8581920029555815,0.856563963018116,12890.728000000005,574.6098022460938,573.2890014648438,0.6317552924156189,0.3655400574207305,0.4792115986347198,0.3661749064922332,0.0,0.0,1.0,0.3339932126696832,0.17820392890551914,622.5,197.5,573.949401855469,7.72160441975208,118.910677357962,46.0,45.0,619.428571428572,190.928571428571,12848.29105,12964.87355,116.5825,0.164764751534997,,,,,,,,,,
787,12889.9273,,,,,,Frage 1,,,,,,1.0,661.0,208.0,579.0,171.0,0.8574556038722111,0.8541347503294302,12907.381999999983,574.8348999023438,573.5223999023438,0.6319047808647155,0.3657573461532592,0.4793713092803955,0.3663758635520935,0.0,0.0,1.0,0.3325791855203619,0.17072029934518235,620.0,189.5,574.178649902344,8.75046554658916,61.7737973400163,46.0,45.0,619.428571428572,190.928571428571,12848.29105,12964.87355,116.5825,0.164764751534997,,,,,,,,,,
788,12897.9216,,,,,,Frage 1,1.0,1.26925027370453,29.4181746696177,0.574589908123016,211.546875,,,,,,0.6585048574425887,0.6495113533451946,,,,,,,,,,,0.37959439571535225,0.3642823432120883,,,,,,,,,,,,,,,,,,,,,,,
789,12906.5817,,,,,,Frage 1,,,,,,1.0,657.0,196.0,582.0,180.0,0.8568639883374356,0.8528116730767171,12924.037000000011,574.7794189453125,573.4776611328125,0.6321302056312561,0.3658756017684936,0.4796011745929718,0.3664499223232269,0.0,0.0,1.0,0.33229638009049767,0.16931711880261924,619.5,188.0,574.128540039063,5.09012491848322,-219.782197383614,46.0,45.0,619.428571428572,190.928571428571,12848.29105,12964.87355,116.5825,0.164764751534997,,,,,,,,,,
790,12923.2371,,,,,,Frage 1,,,,,,1.0,654.0,204.0,576.0,169.0,0.8553337760048728,0.8525786614957737,12940.69200000004,574.8612670898438,573.5701293945312,0.6323503851890564,0.3659247159957885,0.4798300564289093,0.3664869666099548,0.0,0.0,1.0,0.3297511312217194,0.1679139382600561,615.0,186.5,574.215698242188,3.58862493593839,-90.1509409888005,46.0,45.0,619.428571428572,190.928571428571,12848.29105,12964.87355,116.5825,0.164764751534997,,,,,,,,,,
791,12939.8928,,,,,,Frage 1,,,,,,1.0,656.0,211.0,575.0,166.0,0.854614850798057,0.8393649662322952,12957.347000000069,575.0135498046875,573.7301025390625,0.6324924230575562,0.3659356236457824,0.4799846708774566,0.3664800822734832,0.0,0.0,1.0,0.33003393665158365,0.34825113346516007,615.5,188.5,574.371826171875,4.11298354596556,31.4822319102289,46.0,45.0,619.428571428572,190.928571428571,12848.29105,12964.87355,116.5825,0.164764751534997,,,,,,,,,,
792,12956.5452,,,,,,Frage 1,,,,,,1.0,651.0,211.0,584.0,170.0,0.8550766603927129,0.8557095872213235,12974.001000000047,574.8056640625,573.530029296875,0.6326770782470703,0.3659241199493408,0.4801742732524871,0.3664566874504089,0.0,0.0,1.0,0.33116515837104066,0.17165575304022448,617.5,190.5,574.167846679688,3.54662751883418,-34.0104745941342,46.0,45.0,619.428571428572,190.928571428571,12848.29105,12964.87355,116.5825,0.164764751534997,,,,,,,,,,
793,12973.2019,,,,,,Frage 1,,,,,,1.0,667.0,207.0,572.0,170.0,0.8544725635175413,0.8557765445721693,12990.656000000075,574.7490234375,573.47802734375,0.6327900886535645,0.3659330904483795,0.4802649319171905,0.3664352893829345,0.0,0.0,1.0,0.33229638009049767,0.3489858596601116,619.5,188.5,574.113525390625,39.9802356074276,2187.32450536988,,,,,,,,,53.0,53.0,12964.87355,13048.14695,83.2734000000001,28.08270178269,597.3451402511,27632.0415086408,-13156.4037373428,67.2895752895253
794,12989.8557,,,,,,Frage 1,,,,,,1.0,673.0,208.0,626.0,238.0,0.8508205233176401,0.8575468969285324,13007.310999999989,572.2454223632812,570.9721069335938,0.6329737305641174,0.3668522536754608,0.4804404973983764,0.3672929406166076,0.0,0.0,1.0,0.34926470588235287,0.2020579981290926,649.5,223.0,571.608764648438,500.15872848403,27632.0415086408,,,,,,,,,53.0,53.0,12964.87355,13048.14695,83.2734000000001,28.08270178269,597.3451402511,27632.0415086408,-13156.4037373428,67.2895752895253
795,13006.5094,,,,,,Frage 1,,,,,,1.0,991.0,664.0,910.0,579.0,0.8568315368524058,0.8596600709212261,13023.964999999967,574.587646484375,573.2452392578125,0.6308947205543518,0.3685719668865203,0.4787557721138,0.3689648211002349,0.0,0.0,1.0,0.5195135746606334,0.5748362956033676,950.5,621.5,573.916442871094,597.3451402511,5835.72489999613,,,,,,,,,53.0,53.0,12964.87355,13048.14695,83.2734000000001,28.08270178269,597.3451402511,27632.0415086408,-13156.4037373428,67.2895752895253
796,13023.1665,,,,,,Frage 1,,,,,,1.0,993.0,786.0,982.0,770.0,0.8586837677671882,0.8566309203689617,13040.619999999995,580.079345703125,578.6971435546875,0.6291363835334777,0.3703156113624572,0.4774973690509796,0.3707155287265777,0.0,0.0,1.0,0.5404411764705881,0.7212347988774555,987.5,778.0,579.388244628906,378.197607557827,-13156.4037373428,,,,,,,,,53.0,53.0,12964.87355,13048.14695,83.2734000000001,28.08270178269,597.3451402511,27632.0415086408,-13156.4037373428,67.2895752895253
797,13039.8194,,,,,,Frage 1,,,,,,1.0,995.0,1034.0,958.0,1049.0,0.8629473936464985,0.8621214231383177,13057.275000000023,579.2737426757812,577.9271850585938,0.62990403175354,0.3706876039505004,0.4783958494663238,0.3710393607616424,0.0,0.0,1.0,0.3479522783361739,0.35405926713725466,976.5,1041.5,578.600463867188,254.408084930397,-7433.51143809321,,,,,,,,,53.0,53.0,12964.87355,13048.14695,83.2734000000001,28.08270178269,597.3451402511,27632.0415086408,-13156.4037373428,67.2895752895253
798,13056.4745,,,,,,Frage 1,,,,,,1.0,988.0,1059.0,958.0,1070.0,0.8633268263945402,0.8613259698102697,13073.929000000004,579.2883911132812,577.9465942382812,0.6299331784248352,0.3705979287624359,0.4785001277923584,0.3709062039852142,0.0,0.0,1.0,0.5322398190045248,0.9892422825070157,973.0,1064.5,578.617492675781,26.0626843572019,-13710.2389402163,47.0,46.0,966.1875,1056.9375,13048.14695,13181.3853,133.23835,0.281559640901154,,,,,,,,,,
799,13073.1283,,,,,,Frage 1,,,,,,1.0,980.0,1057.0,943.0,1078.0,0.8598445324240261,0.8578361526841862,13090.584000000032,579.170166015625,577.83447265625,0.630046546459198,0.3707483410835266,0.4786406755447387,0.3710100948810577,0.0,0.0,1.0,0.525735294117647,0.9920486435921423,961.5,1067.5,578.502319335938,11.2092512711637,-891.894527737702,47.0,46.0,966.1875,1056.9375,13048.14695,13181.3853,133.23835,0.281559640901154,,,,,,,,,,
800,13089.7845,,,,,,Frage 1,,,,,,1.0,983.0,1050.0,938.0,1076.0,0.8587886110265155,0.8587360594795539,13107.23900000006,579.5505981445312,578.2244262695312,0.63019198179245,0.3710004091262817,0.4787904620170593,0.3711971342563629,0.0,0.0,1.0,0.5251696832579185,0.9878391019644528,960.5,1063.0,578.887512207031,19.2245030652061,481.217312114566,47.0,46.0,966.1875,1056.9375,13048.14695,13181.3853,133.23835,0.281559640901154,,,,,,,,,,
801,13106.4379,,,,,,Frage 1,,,,,,1.0,981.0,1040.0,954.0,1052.0,0.8580996410366503,0.8579325712694041,13123.89300000004,579.8842163085938,578.5654907226562,0.6303138732910156,0.3712095320224762,0.4789138734340667,0.3713785707950592,0.0,0.0,1.0,0.529128959276018,0.4127594040109728,967.5,1046.0,579.224853515625,16.9662864745647,-135.600933781762,47.0,46.0,966.1875,1056.9375,13048.14695,13181.3853,133.23835,0.281559640901154,,,,,,,,,,
802,13123.0927,,,,,,Frage 1,,,,,,1.0,976.0,1044.0,951.0,1043.0,0.8584865625889296,0.8583798463730542,13140.548000000068,579.7909545898438,578.4777221679688,0.6304628849029541,0.3713098466396331,0.4790389537811279,0.3714747130870819,0.0,0.0,1.0,0.526866515837104,0.9695977549111319,963.5,1043.5,579.134338378906,10.4016190427036,-394.160688321789,47.0,46.0,966.1875,1056.9375,13048.14695,13181.3853,133.23835,0.281559640901154,,,,,,,,,,
803,13139.7485,,,,,,Frage 1,,,,,,1.0,985.0,1047.0,947.0,1069.0,0.8591705400426363,0.8594859818090268,13157.20299999998,579.93212890625,578.6207275390625,0.6305068731307983,0.3713743090629577,0.4790388643741607,0.3715092539787292,0.0,0.0,1.0,0.5282805429864252,0.41248471650969887,966.0,1058.0,579.276428222656,14.9362358679532,272.254519461659,47.0,46.0,966.1875,1056.9375,13048.14695,13181.3853,133.23835,0.281559640901154,,,,,,,,,,
804,13156.4017,,,,,,Frage 1,,,,,,1.0,993.0,1042.0,941.0,1079.0,0.858366741721127,0.8619928650246939,13173.85699999996,579.7665405273438,578.45703125,0.6305962800979614,0.371515542268753,0.4790652096271514,0.3716156780719757,0.0,0.0,1.0,0.5288461538461537,0.9855004677268475,967.0,1060.5,579.111785888672,6.19960438021666,-524.621783665376,47.0,46.0,966.1875,1056.9375,13048.14695,13181.3853,133.23835,0.281559640901154,,,,,,,,,,
805,13173.0579,,,,,,Frage 1,,,,,,1.0,985.0,1045.0,956.0,1060.0,0.8593877153655286,0.8629757989351103,13190.511999999988,579.66796875,578.3587646484375,0.6306379437446594,0.3715618550777435,0.4790802597999572,0.3716751933097839,0.0,0.0,1.0,0.5308257918552035,0.9780168381665109,970.5,1052.5,579.013366699219,24.5127899401949,1099.48160804858,47.0,46.0,966.1875,1056.9375,13048.14695,13181.3853,133.23835,0.281559640901154,,,,,,,,,,
806,13189.7127,,,,,,Frage 1,,,,,,1.0,965.0,1021.0,959.0,1044.0,0.8602539203890185,0.8475464330289879,13207.167000000016,579.8489990234375,578.54345703125,0.6306853294372557,0.3714708983898162,0.4791281819343566,0.3715516328811645,0.0,0.0,1.0,0.5260180995475112,0.9593077642656689,962.0,1032.5,579.196228027344,53.0041588361878,1710.70015226797,,,,,,,,,54.0,54.0,13181.3853,13214.6942,33.3089,1.20561014610262,53.0041588361878,1710.70015226797,-910.925235251083,245.071525864539
807,13206.3668,,,,,,Frage 1,,,,,,1.0,945.0,979.0,946.0,1015.0,0.8600916629638691,0.8594297376343164,13223.822000000044,579.7802734375,578.4815673828125,0.6308291554450988,0.371528536081314,0.479262351989746,0.3715589642524719,0.0,0.0,1.0,0.5166855203619909,0.9260991580916744,945.5,997.0,579.130920410156,37.833518875793,-910.925235251083,,,,,,,,,54.0,54.0,13181.3853,13214.6942,33.3089,1.20561014610262,53.0041588361878,1710.70015226797,-910.925235251083,245.071525864539
808,13223.0216,,,,,,Frage 1,,,,,,1.0,945.0,979.0,948.0,1005.0,0.8592579094254091,0.8461057440085976,13240.476000000024,579.4261474609375,578.1304931640625,0.6309627294540405,0.3717361986637115,0.4793629050254821,0.3717809617519378,0.0,0.0,1.0,0.5172511312217194,0.9214218896164639,946.5,992.0,578.7783203125,14.4334233044288,-1405.00609862405,48.0,47.0,935.333333333333,980.166666666667,13214.6942,13514.4793,299.785099999999,0.404751643714255,,,,,,,,,,
809,13239.6753,,,,,,Frage 1,,,,,,1.0,941.0,971.0,949.0,990.0,0.8589383871112687,0.8620169696709984,13257.131000000052,579.0795288085938,577.7865600585938,0.6310887932777404,0.3717983663082122,0.479452759027481,0.3718537390232086,0.0,0.0,1.0,0.5164027149321266,0.9106641721234798,945.0,980.5,578.433044433594,9.84817265797019,-275.32924494007,48.0,47.0,935.333333333333,980.166666666667,13214.6942,13514.4793,299.785099999999,0.404751643714255,,,,,,,,,,
810,13256.3313,,,,,,Frage 1,,,,,,1.0,939.0,976.0,944.0,988.0,0.860371244988742,0.8604180281328005,13273.785999999964,578.7320556640625,577.4423828125,0.6312276124954223,0.3717772662639617,0.4795493185520172,0.3718363344669342,0.0,0.0,1.0,0.5144230769230769,0.912067352666043,941.5,982.0,578.087219238281,5.68016512259068,-250.240606110696,48.0,47.0,935.333333333333,980.166666666667,13214.6942,13514.4793,299.785099999999,0.404751643714255,,,,,,,,,,
811,13272.985,,,,,,Frage 1,,,,,,1.0,945.0,975.0,933.0,990.0,0.860169047274325,0.8606590745958453,13290.44000000006,578.4632568359375,577.1759033203125,0.631338894367218,0.3718168437480926,0.4796165227890014,0.3718769550323486,0.0,0.0,1.0,0.5906176204506874,0.912535079513564,939.0,982.5,577.819580078125,3.2732802409188,-144.525533765576,48.0,47.0,935.333333333333,980.166666666667,13214.6942,13514.4793,299.785099999999,0.404751643714255,,,,,,,,,,
812,13289.6397,,,,,,Frage 1,,,,,,1.0,948.0,970.0,942.0,992.0,0.860653323281694,0.8617598534437505,13307.094999999972,578.0567016601562,576.7713012695312,0.6314446926116943,0.3718290030956268,0.4796865880489349,0.3718867897987365,0.0,0.0,1.0,0.5164027149321266,0.9111318989710009,945.0,981.0,577.414001464844,13.0868493704417,589.237220095432,48.0,47.0,935.333333333333,980.166666666667,13214.6942,13514.4793,299.785099999999,0.404751643714255,,,,,,,,,,
813,13306.2954,,,,,,Frage 1,,,,,,1.0,944.0,975.0,963.0,991.0,0.859582424275708,0.8611304543457998,13323.75,578.1014404296875,576.81201171875,0.6313605308532714,0.3717876076698303,0.4795951843261718,0.3718536794185638,0.0,0.0,1.0,0.5212104072398189,0.9130028063610851,953.5,983.0,577.456726074219,5.42751527436532,-459.862635378629,48.0,47.0,935.333333333333,980.166666666667,13214.6942,13514.4793,299.785099999999,0.404751643714255,,,,,,,,,,
814,13322.9489,,,,,,Frage 1,,,,,,1.0,951.0,972.0,950.0,995.0,0.8572908501789825,0.8625204889493587,13340.40399999998,577.507568359375,576.2117919921875,0.6313135027885437,0.3717811405658721,0.4795121550559997,0.3718758821487426,0.0,0.0,1.0,0.5195135746606334,0.9134705332086062,950.5,983.5,576.859680175781,5.26964877052451,-9.47947901887473,48.0,47.0,935.333333333333,980.166666666667,13214.6942,13514.4793,299.785099999999,0.404751643714255,,,,,,,,,,
815,13339.6045,,,,,,Frage 1,,,,,,1.0,958.0,974.0,938.0,988.0,0.8565219996105824,0.8600028925575566,13357.059000000008,577.3408813476562,576.0344848632812,0.6311320066452026,0.3717275261878967,0.4792971312999725,0.3718620836734771,0.0,0.0,1.0,0.5180995475113122,0.9111318989710009,948.0,981.0,576.687683105469,2.78703724549394,-149.055664463037,48.0,47.0,935.333333333333,980.166666666667,13214.6942,13514.4793,299.785099999999,0.404751643714255,,,,,,,,,,
816,13356.2604,,,,,,Frage 1,,,,,,1.0,956.0,977.0,943.0,984.0,0.8442094891870542,0.8592636834042188,13373.714000000036,576.9967041015625,575.67919921875,0.6309559941291809,0.371727168560028,0.4790780842304229,0.3718844652175903,0.0,0.0,1.0,0.5189479638009049,0.9106641721234798,949.5,980.5,576.337951660156,23.7695150025919,1259.7624719828,48.0,47.0,935.333333333333,980.166666666667,13214.6942,13514.4793,299.785099999999,0.404751643714255,,,,,,,,,,
817,13372.9129,,,,,,Frage 1,,,,,,1.0,936.0,967.0,909.0,982.0,0.8552613842305753,0.859212795817576,13390.368000000017,576.593505859375,575.267333984375,0.6308453679084777,0.3717827200889587,0.4789305925369262,0.3719811737537384,0.0,0.0,1.0,0.587525197449034,0.9050514499532272,922.5,974.5,575.930419921875,29.2591180676512,329.656391836616,48.0,47.0,935.333333333333,980.166666666667,13214.6942,13514.4793,299.785099999999,0.404751643714255,,,,,,,,,,
818,13389.5752,,,,,,Frage 1,,,,,,1.0,932.0,966.0,908.0,968.0,0.8552464066221,0.8577343775109006,13407.023000000045,576.6268920898438,575.2921752929688,0.6306925415992736,0.3719740808010101,0.4787707328796386,0.372256189584732,0.0,0.0,1.0,0.5022624434389139,0.4040546134534032,920.0,967.0,575.959533691406,2.26193317935942,-1620.25560026478,48.0,47.0,935.333333333333,980.166666666667,13214.6942,13514.4793,299.785099999999,0.404751643714255,,,,,,,,,,
819,13406.2222,,,,,,Frage 1,,,,,,1.0,946.0,967.0,904.0,982.0,0.6093034441517549,0.6099443615222208,13423.678000000073,576.5115966796875,575.1715087890625,0.6306315064430236,0.3720850050449371,0.4786592125892639,0.3723956942558288,0.0,0.0,1.0,0.5050904977375564,0.9050514499532272,925.0,974.5,575.841552734375,14.2721222125561,721.462667939931,48.0,47.0,935.333333333333,980.166666666667,13214.6942,13514.4793,299.785099999999,0.404751643714255,,,,,,,,,,
820,13422.8778,,,,,,Frage 1,,,,,,1.0,948.0,973.0,901.0,992.0,0.8538584815700528,0.853323227237179,13440.332000000051,576.7334594726562,575.3883666992188,0.6305302381515502,0.3721822798252105,0.4785179197788238,0.3725057244300842,0.0,0.0,1.0,0.5048076923076922,0.912535079513564,924.5,982.5,576.060913085938,4.92899218940929,-560.96027901407,48.0,47.0,935.333333333333,980.166666666667,13214.6942,13514.4793,299.785099999999,0.404751643714255,,,,,,,,,,
821,13439.5325,,,,,,Frage 1,,,,,,1.0,951.0,966.0,901.0,994.0,0.853127075022841,0.8517617818154549,13456.986999999965,576.7077026367188,575.361572265625,0.6305445432662963,0.3722710907459259,0.4784964025020599,0.3726082146167755,0.0,0.0,1.0,0.5056561085972849,0.40515346033068245,926.0,980.0,576.034637451172,4.09294536050247,-50.1988525105144,48.0,47.0,935.333333333333,980.166666666667,13214.6942,13514.4793,299.785099999999,0.404751643714255,,,,,,,,,,
822,13456.1864,,,,,,Frage 1,,,,,,1.0,943.0,962.0,897.0,1002.0,0.8537885860638347,0.8527929250184803,13473.641999999993,576.5927734375,575.2431640625,0.6305033564567565,0.3722043633460998,0.4784225225448608,0.3725524842739105,0.0,0.0,1.0,0.5022624434389139,0.912067352666043,920.0,982.0,575.91796875,6.62084512261234,151.790257063492,48.0,47.0,935.333333333333,980.166666666667,13214.6942,13514.4793,299.785099999999,0.404751643714255,,,,,,,,,,
823,13472.8423,,,,,,Frage 1,,,,,,1.0,936.0,971.0,903.0,996.0,0.8372247104131885,0.8522974406222212,13490.29700000002,576.54541015625,575.1918334960938,0.6304426789283752,0.3720903396606445,0.4783470332622528,0.3724676370620727,0.0,0.0,1.0,0.5019796380090497,0.9134705332086062,919.5,983.5,575.868621826172,4.60148104270027,-121.240165941924,48.0,47.0,935.333333333333,980.166666666667,13214.6942,13514.4793,299.785099999999,0.404751643714255,,,,,,,,,,
824,13489.4953,,,,,,Frage 1,,,,,,1.0,943.0,966.0,907.0,996.0,0.8521809894208159,0.850802952551343,13506.951,576.3932495117188,575.0349731445312,0.630378246307373,0.3719278872013092,0.4782606661319732,0.3723363578319549,0.0,0.0,1.0,0.5050904977375564,0.9111318989710009,925.0,981.0,575.714111328125,17.2662270357711,760.508376452929,48.0,47.0,935.333333333333,980.166666666667,13214.6942,13514.4793,299.785099999999,0.404751643714255,,,,,,,,,,
825,13506.1514,,,,,,Frage 1,,,,,,1.0,949.0,964.0,921.0,980.0,0.8516442917837833,0.8495789721778817,13523.606000000029,576.0501708984375,574.6898803710938,0.6303967833518981,0.3716265857219696,0.4782695472240448,0.3720931112766265,0.0,0.0,1.0,0.5107466063348416,0.4068024911631404,935.0,972.0,575.370025634766,25.2559550228973,479.687801293589,48.0,47.0,935.333333333333,980.166666666667,13214.6942,13514.4793,299.785099999999,0.404751643714255,,,,,,,,,,
826,13522.8072,,,,,,Frage 1,,,,,,1.0,945.0,966.0,880.0,945.0,0.8498669489113776,0.8502378325102043,13540.261000000057,578.3091430664064,576.9774780273438,0.6307181715965271,0.3704650700092315,0.4786486625671386,0.3708143532276153,0.0,0.0,1.0,0.4980203619909501,0.8872778297474275,912.5,955.5,577.643310546875,178.012004097256,9171.34265987652,,,,,,,,,55.0,55.0,13514.4793,13531.13345,16.6541500000003,,178.012004097256,9171.34265987652,,
827,13539.4597,,,,,,Frage 1,,,,,,1.0,-1.0,-1.0,761.0,880.0,0.0,0.8575094008120587,13556.915000000035,-1.0,577.08203125,-1.0,-1.0,0.4793168902397155,0.3750540018081665,4.0,0.0,1.0,0.41233031674208137,0.8166510757717492,761.0,880.0,577.08203125,,,,,,,,,,,,,,,,,,,,
828,13556.1156,,,,,,Frage 1,,,,,,1.0,-1.0,-1.0,-1.0,-1.0,0.0,0.0,13573.570000000063,-1.0,-1.0,-1.0,-1.0,-1.0,-1.0,4.0,4.0,1.0,0.4759322966953752,0.3954061960765668,,,,,,,,,,,,,,,,,,,,,,,
829,13572.7697,,,,,,Frage 1,,,,,,1.0,-1.0,-1.0,-1.0,-1.0,0.0,0.0,13590.224999999977,-1.0,-1.0,-1.0,-1.0,-1.0,-1.0,4.0,4.0,1.0,0.4759322966953752,0.3954061960765668,,,,,,,,,,,,,,,,,,,,,,,
830,13589.424,,,,,,Frage 1,,,,,,1.0,-1.0,-1.0,-1.0,-1.0,0.0,0.0,13606.879000000074,-1.0,-1.0,-1.0,-1.0,-1.0,-1.0,4.0,4.0,1.0,0.4759322966953752,0.3954061960765668,,,,,,,,,,,,,,,,,,,,,,,
831,13606.08,,,,,,Frage 1,,,,,,1.0,-1.0,-1.0,-1.0,-1.0,0.0,0.0,13623.533999999983,-1.0,-1.0,-1.0,-1.0,-1.0,-1.0,4.0,4.0,1.0,0.4759322966953752,0.3954061960765668,,,,,,,,,,,,,,,,,,,,,,,
832,13622.7334,,,,,,Frage 1,,,,,,1.0,-1.0,-1.0,-1.0,-1.0,0.0,0.0,13640.189000000011,-1.0,-1.0,-1.0,-1.0,-1.0,-1.0,4.0,4.0,1.0,0.4759322966953752,0.3954061960765668,,,,,,,,,,,,,,,,,,,,,,,
833,13639.3886,,,,,,Frage 1,,,,,,1.0,-1.0,-1.0,271.0,272.0,0.0,0.8313531812776533,13656.842999999992,-1.0,576.8165893554688,-1.0,-1.0,0.4762777686119079,0.3752527832984924,4.0,0.0,1.0,0.13518099547511306,0.24789522918615522,271.0,272.0,576.816589355469,,,,,,,,,,,,,,,,,,,,
834,13656.0421,,,,,,Frage 1,,,,,,1.0,391.0,154.0,269.0,232.0,0.8418922525491492,0.8403763538776342,13673.49800000002,577.9901123046875,576.8363647460938,0.6367025971412658,0.3714127540588378,0.4802187085151672,0.3695571422576904,0.0,0.0,1.0,0.168552036199095,0.2959311365657955,330.0,193.0,577.413238525391,77.7466788871953,,,,,,,,,,56.0,56.0,13647.71535,13664.37,16.6546499999986,,77.7466788871953,,,
835,13672.6979,,,,,,Frage 1,,,,,,1.0,367.0,201.0,277.0,194.0,0.8545674217045517,0.849109711874452,13690.153000000048,577.8953857421875,576.685546875,0.6349220871925354,0.3673266470432281,0.4797272384166717,0.3662572801113128,0.0,0.0,1.0,0.1640271493212669,0.17820392890551914,322.0,197.5,577.290466308594,28.2749582891644,-2970.23983225273,49.0,48.0,323.9,218.1,13664.37,13747.64365,83.273650000001,0.349157904033579,,,,,,,,,,
836,13689.3522,,,,,,Frage 1,,,,,,1.0,362.0,237.0,277.0,211.0,0.8550345520545423,0.8509904331337111,13706.80700000003,577.8410034179688,576.6281127929688,0.6345137357711792,0.3671665787696838,0.4801360666751861,0.3665404021739959,0.0,0.0,1.0,0.16261312217194568,0.20299345182413467,319.5,224.0,577.234558105469,24.1955348453685,-244.947157418555,49.0,48.0,323.9,218.1,13664.37,13747.64365,83.273650000001,0.349157904033579,,,,,,,,,,
837,13706.0065,,,,,,Frage 1,,,,,,1.0,373.0,246.0,284.0,205.0,0.8542591060698506,0.8501708751593585,13723.462000000058,577.3196411132812,576.1104125976562,0.6344223022460938,0.3672266900539398,0.4805978834629058,0.3669188618659973,0.0,0.0,1.0,0.1677036199095022,0.2043966323666978,328.5,225.5,576.715026855469,9.10109630395116,-906.338815886419,49.0,48.0,323.9,218.1,13664.37,13747.64365,83.273650000001,0.349157904033579,,,,,,,,,,
838,13722.6617,,,,,,Frage 1,,,,,,1.0,375.0,240.0,283.0,198.0,0.8477975426737029,0.8502431890982722,13740.116999999967,577.1082763671875,575.9024658203125,0.6343603730201721,0.3674432039260864,0.4809278845787048,0.3673571050167083,0.0,0.0,1.0,0.16798642533936647,0.1983161833489242,329.0,219.0,576.50537109375,6.58249556447368,-151.220083786284,49.0,48.0,323.9,218.1,13664.37,13747.64365,83.273650000001,0.349157904033579,,,,,,,,,,
839,13739.316,,,,,,Frage 1,,,,,,1.0,370.0,239.0,271.0,210.0,0.8476203076400783,0.8434966811156409,13756.771999999995,576.8322143554688,575.6300659179688,0.6343451738357543,0.367525964975357,0.4811889231204986,0.3675682842731475,0.0,0.0,1.0,0.16317873303167418,0.20346117867165572,320.5,224.5,576.231140136719,10.2238243635246,218.641960277579,49.0,48.0,323.9,218.1,13664.37,13747.64365,83.273650000001,0.349157904033579,,,,,,,,,,
840,13755.9713,,,,,,Frage 1,,,,,,1.0,367.0,239.0,268.0,207.0,0.736891035644279,0.7387326865625963,13773.425999999978,576.8248901367188,575.6289672851562,0.6343798041343689,0.3675635755062103,0.4814283549785614,0.3676745891571044,0.0,0.0,1.0,0.1614819004524886,0.2020579981290926,317.5,223.0,576.226928710938,61.6521421270252,3087.80494878538,,,,,,,,,57.0,57.0,13747.64365,13814.26295,66.6193000000003,5.07627284089836,106.858826373137,3087.80494878538,-2368.15133877138,326.020318531947
841,13772.6278,,,,,,Frage 1,,,,,,1.0,423.0,197.0,331.0,164.0,0.8474755240914833,0.8513171850058386,13790.081000000006,578.764892578125,577.5523681640625,0.6336932182312011,0.3673892617225647,0.4809362292289733,0.3675373792648315,0.0,0.0,1.0,0.1951357466063348,0.16230121608980352,377.0,180.5,578.158630371094,106.858826373137,2714.05662931042,,,,,,,,,57.0,57.0,13747.64365,13814.26295,66.6193000000003,5.07627284089836,106.858826373137,3087.80494878538,-2368.15133877138,326.020318531947
842,13789.2808,,,,,,Frage 1,,,,,,1.0,474.0,177.0,377.0,144.0,0.8487536133480448,0.8512770105953313,13806.736000000034,579.8446044921875,578.6240844726562,0.6333029270172119,0.3670203983783721,0.4806805253028869,0.3671469986438751,0.0,0.0,1.0,0.22256787330316738,0.14359214218896163,425.5,160.5,579.234344482422,79.0171890247307,-1671.86917362672,,,,,,,,,57.0,57.0,13747.64365,13814.26295,66.6193000000003,5.07627284089836,106.858826373137,3087.80494878538,-2368.15133877138,326.020318531947
843,13805.9365,,,,,,Frage 1,,,,,,1.0,489.0,170.0,419.0,92.0,0.8485888596548161,0.8544186494970164,13823.390000000014,579.0989990234375,577.89013671875,0.6335816383361816,0.3670082688331604,0.4810549020767211,0.3671529591083526,0.0,0.0,1.0,0.23868778280542982,0.1159962581852198,454.0,131.0,578.494567871094,39.5739707715577,-2368.15133877138,,,,,,,,,57.0,57.0,13747.64365,13814.26295,66.6193000000003,5.07627284089836,106.858826373137,3087.80494878538,-2368.15133877138,326.020318531947
844,13822.5894,,,,,,Frage 1,,,,,,1.0,491.0,160.0,411.0,86.0,0.850503497271579,0.855846180217049,13840.045000000042,578.3009033203125,577.0950927734375,0.6337106227874755,0.3669027984142303,0.4812350273132324,0.3670800030231475,0.0,0.0,1.0,0.2369909502262443,0.3181070449961998,451.0,123.0,577.697998046875,27.517356708107,-723.994863564304,,,,,,,,,,,,,,,,,,
845,13839.2489,,,,,,Frage 1,,,,,,1.0,493.0,168.0,372.0,140.0,0.8503686987953011,0.8535348124658517,13856.70000000007,578.3212280273438,577.1082153320312,0.6335198879241943,0.3665840625762939,0.4810589849948883,0.3667292296886444,0.0,0.0,1.0,0.2265271493212669,0.137511693171188,432.5,154.0,577.714721679688,44.1232078308194,996.779682626288,,,,,,,,,58.0,58.0,13830.91915,13847.57405,16.6548999999977,,44.1232078308194,996.779682626288,,
846,13855.8992,,,,,,Frage 1,,,,,,1.0,492.0,165.0,357.0,167.0,0.8490182177644424,0.853133068360777,13873.35400000005,578.4689331054688,577.2542724609375,0.6334306001663208,0.3664141297340393,0.4809593856334686,0.366463154554367,0.0,0.0,1.0,0.22200226244343887,0.14873713751169312,424.5,166.0,577.861602783203,8.41296084481882,-2144.72093511841,50.0,49.0,435.392857142857,145.535714285714,13847.57405,14080.7377,233.16365,0.355915209478358,,,,,,,,,,
847,13872.5532,,,,,,Frage 1,,,,,,1.0,489.0,166.0,372.0,161.0,0.8499118817368035,0.8544373975552532,13890.008999999962,578.0319213867188,576.8235473632812,0.6335959434509277,0.3664776980876922,0.4811408519744873,0.3665064871311187,0.0,0.0,1.0,0.2253959276018099,0.3143501243582741,430.5,163.5,577.427734375,19.4163951934673,660.708199150244,50.0,49.0,435.392857142857,145.535714285714,13847.57405,14080.7377,233.16365,0.355915209478358,,,,,,,,,,
848,13889.2095,,,,,,Frage 1,,,,,,1.0,481.0,162.0,391.0,132.0,0.8524555789095304,0.8561515057369057,13906.66399999999,577.87744140625,576.671630859375,0.6336562633514404,0.3667696714401245,0.4812329709529876,0.3668135106563568,0.0,0.0,1.0,0.22850678733031668,0.13096351730589334,436.0,147.0,577.274536132813,17.4783947261589,-116.352399230818,50.0,49.0,435.392857142857,145.535714285714,13847.57405,14080.7377,233.16365,0.355915209478358,,,,,,,,,,
849,13905.8624,,,,,,Frage 1,,,,,,1.0,485.0,162.0,382.0,125.0,0.8527151907897693,0.8568398273036006,13923.31799999997,577.5536499023438,576.3530883789064,0.633801281452179,0.3669736981391906,0.4813621342182159,0.3669851720333099,0.0,0.0,1.0,0.22709276018099542,0.12768942937324604,433.5,143.5,576.953369140625,8.84493914884289,-518.435562413543,50.0,49.0,435.392857142857,145.535714285714,13847.57405,14080.7377,233.16365,0.355915209478358,,,,,,,,,,
850,13919.171,,,,,,Frage 1,1.0,1.79379034042358,29.4207651437423,1.91249239444733,211.546875,,,,,,0.6585048574425887,0.6495113533451946,,,,,,,,,,,0.37959439571535225,0.3642823432120883,,,,,,,,,,,,,,,,,,,,,,,
851,13922.5183,,,,,,Frage 1,,,,,,1.0,497.0,168.0,392.0,139.0,0.8513272657377222,0.8580905906174003,13939.972999999998,577.742431640625,576.5494384765625,0.6339278221130371,0.3671045899391174,0.481490284204483,0.3670617640018463,0.0,0.0,1.0,0.2541811488136235,0.13704396632366694,444.5,153.5,577.145935058594,14.496404009679,339.30708402645,50.0,49.0,435.392857142857,145.535714285714,13847.57405,14080.7377,233.16365,0.355915209478358,,,,,,,,,,
852,13939.1801,,,,,,Frage 1,,,,,,1.0,497.0,161.0,404.0,133.0,0.8526502878197096,0.8589315749440236,13956.628000000026,578.1346435546875,576.9454345703125,0.6339443325996398,0.3671917915344238,0.4815284311771392,0.3671236634254455,0.0,0.0,1.0,0.23670814479638005,0.13096351730589334,450.5,147.0,577.5400390625,10.2797282397065,-253.074443935981,50.0,49.0,435.392857142857,145.535714285714,13847.57405,14080.7377,233.16365,0.355915209478358,,,,,,,,,,
853,13955.8265,,,,,,Frage 1,,,,,,1.0,490.0,163.0,386.0,123.0,0.8538185412807853,0.8583423502565807,13973.282000000008,578.0653686523438,576.8790893554688,0.634009301662445,0.3671077489852905,0.4815975129604339,0.3670256435871124,0.0,0.0,1.0,0.2296380090497737,0.12722170252572498,438.0,143.0,577.472229003906,18.9834025307833,522.856250665428,50.0,49.0,435.392857142857,145.535714285714,13847.57405,14080.7377,233.16365,0.355915209478358,,,,,,,,,,
854,13972.483,,,,,,Frage 1,,,,,,1.0,487.0,170.0,369.0,124.0,0.8547696194189689,0.8594217027522149,13989.937000000034,578.3269653320312,577.1382446289064,0.6339336037635803,0.3670308589935302,0.4815122783184051,0.3669517636299133,0.0,0.0,1.0,0.22398190045248864,0.13096351730589334,428.0,147.0,577.732604980469,3.42795201524274,-933.896707924211,50.0,49.0,435.392857142857,145.535714285714,13847.57405,14080.7377,233.16365,0.355915209478358,,,,,,,,,,
855,13989.1362,,,,,,Frage 1,,,,,,1.0,494.0,164.0,374.0,120.0,0.8576303426377567,0.8441760091965789,14006.592000000062,578.4982299804688,577.3085327148438,0.6339043378829956,0.3669979870319366,0.4814757704734802,0.3669274151325225,0.0,0.0,1.0,0.22737556561085967,0.1262862488306829,434.0,142.0,577.903381347656,9.73881142146543,378.95776224524,50.0,49.0,435.392857142857,145.535714285714,13847.57405,14080.7377,233.16365,0.355915209478358,,,,,,,,,,
856,14005.801,,,,,,Frage 1,,,,,,1.0,487.0,157.0,388.0,125.0,0.8584965476612465,0.8447756963638844,14023.246999999974,578.7658081054688,577.5739135742188,0.6338250637054443,0.3669357597827911,0.4813985526561737,0.3668629825115203,0.0,0.0,1.0,0.22935520361990944,0.12535079513564074,437.5,141.0,578.169860839844,4.11486726614529,-337.474446457239,50.0,49.0,435.392857142857,145.535714285714,13847.57405,14080.7377,233.16365,0.355915209478358,,,,,,,,,,
857,14022.4471,,,,,,Frage 1,,,,,,1.0,482.0,155.0,389.0,120.0,0.8568215517800888,0.8613366829864049,14039.901000000073,579.0187377929688,577.8251342773438,0.6337676048278807,0.3669381737709045,0.4813415706157684,0.3668805658817291,0.0,0.0,1.0,0.22822398190045243,0.1220767072029934,435.5,137.5,578.421936035156,4.02397011565429,-5.46056736959384,50.0,49.0,435.392857142857,145.535714285714,13847.57405,14080.7377,233.16365,0.355915209478358,,,,,,,,,,
858,14039.0999,,,,,,Frage 1,,,,,,1.0,486.0,164.0,395.0,111.0,0.8581146186451256,0.8615455899210439,14056.555999999982,579.1344604492188,577.9409790039064,0.6337741017341613,0.3670203983783721,0.4813431203365325,0.3669883608818054,0.0,0.0,1.0,0.23105203619909495,0.1220767072029934,440.5,137.5,578.537719726563,5.9897313822784,118.04388851269,50.0,49.0,435.392857142857,145.535714285714,13847.57405,14080.7377,233.16365,0.355915209478358,,,,,,,,,,
859,14055.7557,,,,,,Frage 1,,,,,,1.0,474.0,170.0,383.0,107.0,0.8573832120979137,0.8617062875630738,14073.21100000001,579.233154296875,578.037841796875,0.6337555646896362,0.3671586215496063,0.4813053607940673,0.3671657741069793,0.0,0.0,1.0,0.2242647058823529,0.12301216089803552,428.5,138.5,578.635498046875,7.85831409218222,112.188109241451,50.0,49.0,435.392857142857,145.535714285714,13847.57405,14080.7377,233.16365,0.355915209478358,,,,,,,,,,
860,14072.4095,,,,,,Frage 1,,,,,,1.0,477.0,158.0,391.0,103.0,0.8581720328109478,0.8424494692286892,14089.864999999993,578.4688720703125,577.2852783203125,0.6341208815574646,0.3672726154327392,0.4816406667232513,0.3672878742218017,0.0,0.0,1.0,0.2470212934170419,0.11552853133769875,434.0,130.5,577.877075195313,10.5219918447805,159.944142033548,50.0,49.0,435.392857142857,145.535714285714,13847.57405,14080.7377,233.16365,0.355915209478358,,,,,,,,,,
861,14089.0659,,,,,,Frage 1,,,,,,1.0,486.0,158.0,396.0,122.0,0.8602713942655731,0.8597993422109855,14106.52000000002,577.983642578125,576.8097534179688,0.6343738436698912,0.3673523962497711,0.4818907380104064,0.3673236966133117,0.0,0.0,1.0,0.2313348416289592,0.12441534144059863,441.0,140.0,577.396697998047,105.522827379608,5703.56352722248,,,,,,,,,59.0,59.0,14080.7377,14147.3589,66.6211999999996,9.70851790993918,187.735555407945,5703.56352722248,-3642.38969473408,106.969094740204
862,14105.7196,,,,,,Frage 1,,,,,,1.0,491.0,247.0,404.0,258.0,0.8624431474944958,0.8619392991440172,14123.175000000048,577.6420288085938,576.4734497070312,0.634480595588684,0.3680192232131958,0.4820776581764221,0.3679967820644378,0.0,0.0,1.0,0.2939585476783048,0.22965388213283439,447.5,252.5,577.057739257813,173.012185278691,4052.5143300936,,,,,,,,,59.0,59.0,14080.7377,14147.3589,66.6211999999996,9.70851790993918,187.735555407945,5703.56352722248,-3642.38969473408,106.969094740204
863,14122.3744,,,,,,Frage 1,,,,,,1.0,454.0,354.0,429.0,323.0,0.8609428903788837,0.8533611691824672,14139.829000000029,578.4254150390625,577.2686767578125,0.634579062461853,0.3688413500785827,0.4823256134986877,0.3688359558582305,0.0,0.0,1.0,0.23161764705882346,0.31010289990645457,441.5,338.5,577.847045898438,187.735555407945,884.031638281707,,,,,,,,,59.0,59.0,14080.7377,14147.3589,66.6211999999996,9.70851790993918,187.735555407945,5703.56352722248,-3642.38969473408,106.969094740204
864,14139.0282,,,,,,Frage 1,,,,,,1.0,391.0,436.0,307.0,447.0,0.8588909580177635,0.8598850476200681,14156.484000000057,579.3236083984375,578.17578125,0.6346362829208374,0.3688451945781707,0.4824231564998626,0.368793249130249,0.0,0.0,1.0,0.3709750600728523,0.4064546304957904,349.0,441.5,578.749694824219,127.075925909783,-3642.38969473408,,,,,,,,,59.0,59.0,14080.7377,14147.3589,66.6211999999996,9.70851790993918,187.735555407945,5703.56352722248,-3642.38969473408,106.969094740204
865,14155.6896,,,,,,Frage 1,,,,,,1.0,390.0,445.0,298.0,448.0,0.8612649089611033,0.8640953258412521,14173.138999999966,578.5119018554688,577.3641967773438,0.6347507238388062,0.3686755001544952,0.4825056493282318,0.368635207414627,0.0,0.0,1.0,0.17647058823529407,0.4111318989710009,344.0,446.5,577.938049316406,10.617658634245,-6989.70478324417,51.0,50.0,342.071428571429,451.357142857143,14147.3589,14263.93965,116.580750000001,0.227721897831471,,,,,,,,,,
866,14172.3386,,,,,,Frage 1,,,,,,1.0,385.0,453.0,299.0,450.0,0.8612699014972617,0.862981155523178,14189.793000000063,578.1648559570312,577.0120239257812,0.634687066078186,0.3685351312160491,0.4824439287185668,0.3685348629951477,0.0,0.0,1.0,0.3478002875688053,0.35401005624126736,342.0,451.5,577.588439941406,15.5560477619023,296.617762487682,51.0,50.0,342.071428571429,451.357142857143,14147.3589,14263.93965,116.580750000001,0.227721897831471,,,,,,,,,,
867,14188.9927,,,,,,Frage 1,,,,,,1.0,385.0,450.0,293.0,477.0,0.8597222152881444,0.8733300836699056,14206.447999999977,577.7684936523438,576.6116333007812,0.634658694267273,0.3685574531555175,0.4824010133743286,0.3685813248157501,0.0,0.0,1.0,0.17364253393665152,0.42703461178671653,339.0,463.5,577.190063476563,6.62987073000046,-535.974746873201,51.0,50.0,342.071428571429,451.357142857143,14147.3589,14263.93965,116.580750000001,0.227721897831471,,,,,,,,,,
868,14205.6486,,,,,,Frage 1,,,,,,1.0,395.0,451.0,291.0,467.0,0.859684771266956,0.8728801302722218,14223.103000000005,577.412353515625,576.2515869140625,0.6346440911293029,0.3686125576496124,0.4823595285415649,0.3686755001544952,0.0,0.0,1.0,0.17590497737556557,0.4228250701590271,343.0,459.0,576.831970214844,17.6980688547112,664.521168157285,51.0,50.0,342.071428571429,451.357142857143,14147.3589,14263.93965,116.580750000001,0.227721897831471,,,,,,,,,,
869,14222.3019,,,,,,Frage 1,,,,,,1.0,396.0,454.0,292.0,434.0,0.8611850283825682,0.8637096515003803,14239.756999999983,577.1649780273438,576.0009155273438,0.6346328854560852,0.3687217831611633,0.4823193550109863,0.3688177466392517,0.0,0.0,1.0,0.17647058823529407,0.40879326473339567,344.0,444.0,576.582946777344,13.6687751976377,-241.95166465947,51.0,50.0,342.071428571429,451.357142857143,14147.3589,14263.93965,116.580750000001,0.227721897831471,,,,,,,,,,
870,14238.9576,,,,,,Frage 1,,,,,,1.0,395.0,448.0,293.0,439.0,0.8618964647851463,0.8644247560074134,14256.412000000011,576.4859619140625,575.3270263671875,0.6348430514335632,0.3689245581626892,0.4824979305267334,0.3690292835235595,0.0,0.0,1.0,0.17647058823529407,0.4083255378858746,344.0,443.5,575.906494140625,8.10014187722454,-334.337993624606,51.0,50.0,342.071428571429,451.357142857143,14147.3589,14263.93965,116.580750000001,0.227721897831471,,,,,,,,,,
871,14255.6123,,,,,,Frage 1,,,,,,1.0,395.0,449.0,282.0,454.0,0.8608305583153187,0.8643015544818572,14273.06700000004,576.0574951171875,574.89990234375,0.6349355578422546,0.3690379559993743,0.4825453162193298,0.3691112995147705,0.0,0.0,1.0,0.17335972850678733,0.4158091674462114,338.5,451.5,575.478698730469,5.90090246763168,-132.049175883849,51.0,50.0,342.071428571429,451.357142857143,14147.3589,14263.93965,116.580750000001,0.227721897831471,,,,,,,,,,
872,14272.267,,,,,,Frage 1,,,,,,1.0,385.0,442.0,289.0,443.0,0.8614970618924709,0.8652068178652925,14289.722000000069,575.485107421875,574.332763671875,0.6351263523101806,0.3691976368427276,0.4827328026294708,0.3692880570888519,0.0,0.0,1.0,0.17251131221719454,0.4073900841908325,337.0,442.5,574.908935546875,49.2603127386626,2603.43388178911,,,,,,,,,60.0,60.0,14263.93965,14347.21215,83.2724999999991,24.3391787009041,620.044207132854,32786.6819568307,-29621.0796123467,37.5180937690337
873,14288.9216,,,,,,Frage 1,,,,,,1.0,373.0,435.0,416.0,501.0,0.859392707901687,0.8693501387356309,14306.376000000047,571.39990234375,570.2288818359375,0.6351191401481628,0.3703317642211914,0.4827565848827362,0.3704040646553039,0.0,0.0,1.0,0.20503393665158368,0.30775476125830925,394.5,468.0,570.814392089844,595.309386056891,32786.6819568307,,,,,,,,,60.0,60.0,14263.93965,14347.21215,83.2724999999991,24.3391787009041,620.044207132854,32786.6819568307,-29621.0796123467,37.5180937690337
874,14305.5751,,,,,,Frage 1,,,,,,1.0,918.0,842.0,831.0,804.0,0.862490576588001,0.868841262869203,14323.031000000075,572.2359619140625,570.970703125,0.632667064666748,0.3713938295841217,0.4806012213230133,0.3713887929916381,0.0,0.0,1.0,0.4765271493212669,0.7633302151543497,874.5,823.0,571.603332519531,620.044207132854,1485.26262202919,,,,,,,,,60.0,60.0,14263.93965,14347.21215,83.2724999999991,24.3391787009041,620.044207132854,32786.6819568307,-29621.0796123467,37.5180937690337
875,14322.2317,,,,,,Frage 1,,,,,,1.0,948.0,868.0,932.0,885.0,0.8650916879265499,0.8481886544701761,14339.685999999989,578.0435791015625,576.725341796875,0.6307054758071899,0.371449202299118,0.4789291620254516,0.3714850544929504,0.0,0.0,1.0,0.5135746606334841,0.813376987839102,940.0,876.5,577.384460449219,126.657732461833,-29621.0796123467,,,,,,,,,60.0,60.0,14263.93965,14347.21215,83.2724999999991,24.3391787009041,620.044207132854,32786.6819568307,-29621.0796123467,37.5180937690337
876,14338.8851,,,,,,Frage 1,,,,,,1.0,990.0,919.0,946.0,935.0,0.8703038956759644,0.853279846480259,14356.339999999967,577.0825805664064,575.7901000976562,0.6313892602920532,0.3712742924690246,0.4795833528041839,0.3712826371192932,0.0,0.0,1.0,0.5294117647058822,0.8606173994387277,968.0,927.0,576.436340332031,54.297897133799,-4345.04877850994,,,,,,,,,60.0,60.0,14263.93965,14347.21215,83.2724999999991,24.3391787009041,620.044207132854,32786.6819568307,-29621.0796123467,37.5180937690337
877,14355.5392,,,,,,Frage 1,,,,,,1.0,994.0,924.0,944.0,935.0,0.8716568729749025,0.8699259719529049,14372.994999999995,576.913818359375,575.6199951171875,0.6313817501068115,0.3712729513645172,0.4795402586460113,0.3712402582168579,0.0,0.0,1.0,0.5299773755656108,0.862956033676333,969.0,929.5,576.266906738281,3.11720705609023,-3073.1585662215,52.0,51.0,967.0,925.833333333333,14347.21215,14447.1409,99.928750000001,0.169246002080501,,,,,,,,,,
878,14372.1959,,,,,,Frage 1,,,,,,1.0,996.0,919.0,940.0,928.0,0.8700617576722801,0.867212860096633,14389.650000000023,576.8571166992188,575.5593872070312,0.6313115954399108,0.3713189661502838,0.4794400632381439,0.3712702691555023,0.0,0.0,1.0,0.5294117647058822,0.4128523936180056,968.0,923.5,576.208251953125,11.6857451403802,514.419908162435,52.0,51.0,967.0,925.833333333333,14347.21215,14447.1409,99.928750000001,0.169246002080501,,,,,,,,,,
879,14388.8484,,,,,,Frage 1,,,,,,1.0,991.0,909.0,933.0,928.0,0.8700018472383786,0.867065553924772,14406.304000000004,577.0079345703125,575.7081298828125,0.6312615871429443,0.371444284915924,0.4793514311313629,0.3713600933551788,0.0,0.0,1.0,0.5260180995475112,0.8526660430308699,962.0,918.5,576.358032226563,3.03837237658061,-519.283757021437,52.0,51.0,967.0,925.833333333333,14347.21215,14447.1409,99.928750000001,0.169246002080501,,,,,,,,,,
880,14405.5047,,,,,,Frage 1,,,,,,1.0,987.0,914.0,943.0,930.0,0.8696673473157631,0.8662620657146224,14422.959000000032,576.7630004882812,575.465576171875,0.63136887550354,0.3715010285377502,0.4794203639030456,0.3714147806167602,0.0,0.0,1.0,0.5277149321266967,0.8559401309635173,965.0,922.0,576.114288330078,13.4387974232439,624.413888238328,52.0,51.0,967.0,925.833333333333,14347.21215,14447.1409,99.928750000001,0.169246002080501,,,,,,,,,,
881,14422.16,,,,,,Frage 1,,,,,,1.0,989.0,918.0,950.0,945.0,0.8691431310191265,0.8522476322262391,14439.61400000006,576.6724243164064,575.3765258789064,0.6314281225204467,0.3715120255947113,0.4794439077377319,0.371412843465805,0.0,0.0,1.0,0.530260180995475,0.8648269410664171,969.5,931.5,576.024475097656,7.80438773301194,-338.295298807696,52.0,51.0,967.0,925.833333333333,14347.21215,14447.1409,99.928750000001,0.169246002080501,,,,,,,,,,
882,14438.8129,,,,,,Frage 1,,,,,,1.0,985.0,915.0,952.0,945.0,0.8683917543272808,0.8648238218184545,14456.26800000004,576.77197265625,575.4741821289064,0.6313951015472412,0.3714969158172607,0.47938734292984,0.3714001774787902,0.0,0.0,1.0,0.5296945701357465,0.863423760523854,968.5,930.0,576.123077392578,7.47584466855026,-19.7288799225162,52.0,51.0,967.0,925.833333333333,14347.21215,14447.1409,99.928750000001,0.169246002080501,,,,,,,,,,
883,14455.4689,,,,,,Frage 1,,,,,,1.0,987.0,909.0,947.0,938.0,0.8672509598150766,0.8654264379760667,14472.923000000068,576.6915283203125,575.3919677734375,0.6313952803611755,0.3715045750141143,0.4793485403060913,0.371423453092575,0.0,0.0,1.0,0.5288461538461537,0.8573433115060803,967.0,923.5,576.041748046875,32.9112515539692,1527.1017582505,,,,,,,,,61.0,61.0,14447.1409,14480.4497,33.3088000000007,1.34777544710015,54.8712590894212,1527.1017582505,,91.974934010882
884,14472.1223,,,,,,Frage 1,,,,,,1.0,988.0,941.0,943.0,993.0,0.8671261464111154,0.8646283063539847,14489.57799999998,576.6385498046875,575.3372192382812,0.6313686370849609,0.3715645372867584,0.4793227016925811,0.3714966177940368,0.0,0.0,1.0,0.527997737556561,0.8980355472404116,965.5,967.0,575.987884521484,54.8712590894212,1318.65009760473,,,,,,,,,61.0,61.0,14447.1409,14480.4497,33.3088000000007,1.34777544710015,54.8712590894212,1527.1017582505,,91.974934010882
885,14488.7771,,,,,,Frage 1,,,,,,1.0,973.0,966.0,946.0,1004.0,0.8651441095562135,0.8628793803498923,14506.23199999996,576.4116821289064,575.1073608398438,0.6313296556472778,0.3716542720794677,0.4792903959751129,0.3716131150722503,0.0,0.0,1.0,0.52460407239819,0.9148737137511693,959.5,985.0,575.759521484375,22.4288169550694,-1947.93345668244,53.0,52.0,949.357142857143,978.357142857143,14480.4497,14597.0332,116.583499999999,0.257517509943006,,,,,,,,,,
886,14505.4326,,,,,,Frage 1,,,,,,1.0,961.0,964.0,934.0,1005.0,0.8639633747547417,0.8613393612804388,14522.886999999988,576.238525390625,574.9309692382812,0.6313026547431945,0.3716442883014679,0.4792212545871734,0.3715948164463043,0.0,0.0,1.0,0.5178167420814479,0.9144059869036483,947.5,984.5,575.584747314453,13.2942738085921,-548.440043617841,53.0,52.0,949.357142857143,978.357142857143,14480.4497,14597.0332,116.583499999999,0.257517509943006,,,,,,,,,,
887,14522.0859,,,,,,Frage 1,,,,,,1.0,960.0,971.0,930.0,1004.0,0.8646149007234186,0.8613473961625403,14539.542000000016,576.3716430664064,575.0619506835938,0.6312711834907531,0.3717371821403503,0.4791535139083862,0.3717029094696044,0.0,0.0,1.0,0.5164027149321266,0.9172123479887746,945.0,987.5,575.716796875,7.496273934927,-348.159216111226,53.0,52.0,949.357142857143,978.357142857143,14480.4497,14597.0332,116.583499999999,0.257517509943006,,,,,,,,,,
888,14538.7424,,,,,,Frage 1,,,,,,1.0,968.0,966.0,926.0,986.0,0.8640307739928808,0.8617170007392092,14556.197000000044,576.1524658203125,574.8458862304688,0.631408154964447,0.3719150125980377,0.4792368710041046,0.3718937635421752,0.0,0.0,1.0,0.5175339366515836,0.9064546304957906,947.0,976.0,575.499176025391,12.8419642597762,320.937191177587,53.0,52.0,949.357142857143,978.357142857143,14480.4497,14597.0332,116.583499999999,0.257517509943006,,,,,,,,,,
889,14555.3958,,,,,,Frage 1,,,,,,1.0,969.0,960.0,918.0,986.0,0.863673807657552,0.8628713454677908,14572.851000000024,576.2293090820312,574.9260864257812,0.6314992308616638,0.3720640540122985,0.4792833626270294,0.3720232844352722,0.0,0.0,1.0,0.5155542986425339,0.903648269410664,943.5,973.0,575.577697753906,4.565909187887,-496.958883584654,53.0,52.0,949.357142857143,978.357142857143,14480.4497,14597.0332,116.583499999999,0.257517509943006,,,,,,,,,,
890,14572.0518,,,,,,Frage 1,,,,,,1.0,963.0,956.0,936.0,987.0,0.8627127444470518,0.8633373686296776,14589.506000000052,575.9064331054688,574.611572265625,0.631732702255249,0.372157335281372,0.4794955849647522,0.372107446193695,0.0,0.0,1.0,0.5189479638009049,0.9022450888681011,949.5,971.5,575.259002685547,9.23149048836574,280.114151085435,53.0,52.0,949.357142857143,978.357142857143,14480.4497,14597.0332,116.583499999999,0.257517509943006,,,,,,,,,,
891,14588.7065,,,,,,Frage 1,,,,,,1.0,969.0,952.0,938.0,990.0,0.8630497406377466,0.8617330705034122,14606.160999999964,575.672119140625,574.384765625,0.6319276094436646,0.3721518814563751,0.4796753823757171,0.372087150812149,0.0,0.0,1.0,0.5212104072398189,0.9017773620205798,953.5,971.0,575.028442382813,2.30926778908252,-415.631785579015,53.0,52.0,949.357142857143,978.357142857143,14480.4497,14597.0332,116.583499999999,0.257517509943006,,,,,,,,,,
892,14605.3599,,,,,,Frage 1,,,,,,1.0,971.0,952.0,933.0,990.0,0.8627676623447945,0.8612000899906794,14622.81500000006,575.3561401367188,574.0758666992188,0.6321282982826232,0.372132658958435,0.4798533022403717,0.372054100036621,0.0,0.0,1.0,0.5858941456994438,0.9017773620205798,952.0,971.0,574.716003417969,34.1820369302979,1913.88960459827,,,,,,,,,62.0,62.0,14597.0332,14680.307,83.2738000000009,30.640281288665,591.979664542474,31810.2105114883,-14605.577251235,234.721399291907
893,14622.0151,,,,,,Frage 1,,,,,,1.0,964.0,955.0,885.0,938.0,0.8614646104074409,0.8652121744533601,14639.469999999972,579.001953125,577.750244140625,0.6323398351669312,0.37111297249794,0.4801672995090484,0.3710688948631286,0.0,0.0,1.0,0.5048076923076922,0.8788587464920485,924.5,946.5,578.376098632813,563.987455041272,31810.2105114883,,,,,,,,,62.0,62.0,14597.0332,14680.307,83.2738000000009,30.640281288665,591.979664542474,31810.2105114883,-14605.577251235,234.721399291907
894,14638.6698,,,,,,Frage 1,,,,,,1.0,506.0,444.0,577.0,563.0,0.8678400790817727,0.8740773277053447,14656.125,578.608154296875,577.42919921875,0.6339017748832702,0.3691937625408172,0.4819458723068237,0.36926931142807,0.0,0.0,1.0,0.2881787330316742,0.4644527595884003,541.5,503.5,578.018676757813,591.979664542474,1680.73934091898,,,,,,,,,62.0,62.0,14597.0332,14680.307,83.2738000000009,30.640281288665,591.979664542474,31810.2105114883,-14605.577251235,234.721399291907
895,14655.3246,,,,,,Frage 1,,,,,,1.0,506.0,444.0,503.0,448.0,0.8678400790817727,0.8713293980266329,14672.77899999998,576.6008911132812,575.4735717773438,0.6351082921028137,0.3675410151481628,0.4833847880363464,0.3676268458366394,0.0,0.0,1.0,0.2672511312217194,0.41066417212347983,504.5,446.0,576.037231445313,348.726696538601,-14605.577251235,,,,,,,,,62.0,62.0,14597.0332,14680.307,83.2738000000009,30.640281288665,591.979664542474,31810.2105114883,-14605.577251235,234.721399291907
896,14671.9802,,,,,,Frage 1,,,,,,1.0,404.0,140.0,327.0,144.0,0.8625654646303776,0.8676306739659106,14689.434000000008,578.4591674804688,577.3168334960938,0.6344119310379028,0.3674808144569397,0.4828574657440185,0.367462933063507,0.0,0.0,1.0,0.18863122171945698,0.1262862488306829,365.5,142.0,577.888000488281,290.595245081297,-3490.20458328153,,,,,,,,,62.0,62.0,14597.0332,14680.307,83.2738000000009,30.640281288665,591.979664542474,31810.2105114883,-14605.577251235,234.721399291907
897,14688.6338,,,,,,Frage 1,,,,,,1.0,411.0,147.0,319.0,129.0,0.8666942920334101,0.8725185605776544,14706.089000000036,578.218994140625,577.07568359375,0.6343984007835388,0.3680013716220855,0.4828665852546691,0.3679685592651367,0.0,0.0,1.0,0.18834841628959273,0.30234927136185813,365.0,138.0,577.647338867188,5.97670216836472,-17090.5115358204,54.0,53.0,372.083333333333,142.25,14680.307,14880.16265,199.85565,0.293531471273822,,,,,,,,,,
898,14705.2881,,,,,,Frage 1,,,,,,1.0,412.0,147.0,316.0,123.0,0.8675829634696129,0.8730220798560149,14722.743000000017,577.9409790039064,576.7982788085938,0.6344496607780457,0.3682471513748168,0.4828923046588897,0.3681917786598205,0.0,0.0,1.0,0.18778280542986422,0.11973807296538819,364.0,135.0,577.36962890625,4.82914992173539,-68.9042617599849,54.0,53.0,372.083333333333,142.25,14680.307,14880.16265,199.85565,0.293531471273822,,,,,,,,,,
899,14721.9422,,,,,,Frage 1,,,,,,1.0,415.0,145.0,320.0,121.0,0.8672709299597103,0.8707642779854943,14739.398000000045,578.15576171875,577.0164794921875,0.6345258355140686,0.3683585524559021,0.482911467552185,0.3682620823383331,0.0,0.0,1.0,0.189762443438914,0.11786716557530397,367.5,133.0,577.586120605469,4.63349542295015,-11.7481280156382,54.0,53.0,372.083333333333,142.25,14680.307,14880.16265,199.85565,0.293531471273822,,,,,,,,,,
900,14738.5981,,,,,,Frage 1,,,,,,1.0,416.0,157.0,323.0,116.0,0.8664521540297256,0.8558136872029378,14756.053000000073,578.07568359375,576.9420166015625,0.6347089409828186,0.3684013187885284,0.4830143749713897,0.3682961165904998,0.0,0.0,1.0,0.190893665158371,0.1211412535079513,369.5,136.5,577.508850097656,6.80955880534879,130.648201682207,54.0,53.0,372.083333333333,142.25,14680.307,14880.16265,199.85565,0.293531471273822,,,,,,,,,,
901,14755.2541,,,,,,Frage 1,,,,,,1.0,416.0,162.0,322.0,120.0,0.8674331873848596,0.8690314217456049,14772.707000000051,578.12646484375,576.998291015625,0.6348736882209777,0.3683615624904632,0.4830880761146545,0.3682292401790618,0.0,0.0,1.0,0.19061085972850675,0.12535079513564074,369.0,141.0,577.562377929688,3.74282972908489,-184.121582388553,54.0,53.0,372.083333333333,142.25,14680.307,14880.16265,199.85565,0.293531471273822,,,,,,,,,,
902,14771.9059,,,,,,Frage 1,,,,,,1.0,417.0,154.0,328.0,126.0,0.8671111688026402,0.8686403908166654,14789.361999999965,578.2094116210938,577.0852661132812,0.6350025534629821,0.368291825056076,0.4831300973892211,0.3681309223175048,0.0,0.0,1.0,0.19259049773755652,0.12441534144059863,372.5,140.0,577.647338867188,9.99833128062276,375.665186438583,54.0,53.0,372.083333333333,142.25,14680.307,14880.16265,199.85565,0.293531471273822,,,,,,,,,,
903,14788.5628,,,,,,Frage 1,,,,,,1.0,429.0,155.0,330.0,140.0,0.8676204074908013,0.8700732781247656,14806.016999999993,578.1321411132812,577.0121459960938,0.6351577639579772,0.3681464791297912,0.4831852316856384,0.3679670095443725,0.0,0.0,1.0,0.2502467566050207,0.1314312441534144,379.5,147.5,577.572143554688,17.2211136199829,433.621042292395,54.0,53.0,372.083333333333,142.25,14680.307,14880.16265,199.85565,0.293531471273822,,,,,,,,,,
904,14805.2162,,,,,,Frage 1,,,,,,1.0,431.0,166.0,328.0,153.0,0.8675929485419298,0.8696420727853186,14822.67200000002,578.2092895507812,577.0905151367188,0.6352386474609375,0.3680418729782104,0.4831759631633758,0.367866426706314,0.0,0.0,1.0,0.19654977375565605,0.14265668849391952,379.5,159.5,577.64990234375,4.50319277476181,-763.683142494644,54.0,53.0,372.083333333333,142.25,14680.307,14880.16265,199.85565,0.293531471273822,,,,,,,,,,
905,14821.8718,,,,,,Frage 1,,,,,,1.0,422.0,163.0,334.0,142.0,0.8644251843493976,0.8701911230622542,14839.326,578.1574096679688,577.0403442382812,0.6353446841239929,0.3680565059185028,0.4831952154636383,0.3678939342498779,0.0,0.0,1.0,0.1957013574660633,0.13610851262862483,378.0,152.5,577.598876953125,8.94840196991021,266.889766513868,54.0,53.0,372.083333333333,142.25,14680.307,14880.16265,199.85565,0.293531471273822,,,,,,,,,,
906,14838.526,,,,,,Frage 1,,,,,,1.0,419.0,160.0,337.0,138.0,0.8641905351499509,0.8686725303450713,14855.981000000029,578.0877075195312,576.9727172851562,0.6354442834854126,0.3680575788021087,0.4832221269607543,0.3678879141807556,0.0,0.0,1.0,0.1957013574660633,0.1328344246959775,378.0,149.0,577.530212402344,10.3081593832627,81.646516395421,54.0,53.0,372.083333333333,142.25,14680.307,14880.16265,199.85565,0.293531471273822,,,,,,,,,,
907,14855.1799,,,,,,Frage 1,,,,,,1.0,412.0,155.0,332.0,128.0,0.873603075355126,0.8673521313863921,14872.636000000057,578.2783203125,577.1673583984375,0.635541021823883,0.368094801902771,0.4832636415958404,0.3679000437259674,0.0,0.0,1.0,0.19230769230769226,0.1258185219831618,372.0,141.5,577.722839355469,14.1803519467363,232.509656205075,54.0,53.0,372.083333333333,142.25,14680.307,14880.16265,199.85565,0.293531471273822,,,,,,,,,,
908,14871.8351,,,,,,Frage 1,,,,,,1.0,409.0,150.0,332.0,117.0,0.8730235898211557,0.866508468765735,14889.290000000035,578.33349609375,577.227783203125,0.6356815695762634,0.3681336641311645,0.4833506345748901,0.3679270446300506,0.0,0.0,1.0,0.1914592760180995,0.11833489242282502,370.5,133.5,577.780639648438,5.89261479227965,-497.606582596193,54.0,53.0,372.083333333333,142.25,14680.307,14880.16265,199.85565,0.293531471273822,,,,,,,,,,
909,14888.4902,,,,,,Frage 1,,,,,,1.0,409.0,160.0,329.0,110.0,0.8641580836649209,0.8642319188369776,14905.945000000063,578.390625,577.2896728515625,0.6358110308647155,0.3681100308895111,0.4834357500076293,0.367905706167221,0.0,0.0,1.0,0.19061085972850675,0.11973807296538819,369.0,135.0,577.840148925781,69.3309329351803,3808.94249466535,,,,,,,,,63.0,63.0,14880.16265,14946.7837,66.6210499999998,6.31161178137506,124.278873584251,3808.94249466535,-2693.34904814973,3.07146211707039
910,14905.1451,,,,,,Frage 1,,,,,,1.0,480.0,168.0,427.0,116.0,0.8657257400186721,0.8640712211949476,14922.599999999977,581.1040649414064,579.9777221679688,0.6349373459815979,0.3680766522884368,0.4825933873653411,0.3678657114505767,0.0,0.0,1.0,0.23840497737556557,0.1262862488306829,453.5,142.0,580.540893554688,124.278873584251,3299.20567815311,,,,,,,,,63.0,63.0,14880.16265,14946.7837,66.6210499999998,6.31161178137506,124.278873584251,3808.94249466535,-2693.34904814973,3.07146211707039
911,14921.7994,,,,,,Frage 1,,,,,,1.0,552.0,156.0,482.0,144.0,0.866175068272932,0.8638890972006471,14939.254000000074,581.637939453125,580.485107421875,0.6343038082122802,0.3678966164588928,0.4818850457668304,0.3676147758960723,0.0,0.0,1.0,0.2520913149024512,0.13376987839101961,517.0,150.0,581.0615234375,102.869391956374,-1285.52275555726,,,,,,,,,63.0,63.0,14880.16265,14946.7837,66.6210499999998,6.31161178137506,124.278873584251,3808.94249466535,-2693.34904814973,3.07146211707039
912,14928.3031,,,,,,Frage 1,1.0,2.84004497528076,29.4207893537808,1.35348320007324,211.546875,,,,,,0.6585048574425887,0.6495113533451946,,,,,,,,,,,0.37959439571535225,0.3642823432120883,,,,,,,,,,,,,,,,,,,,,,,
913,14938.453,,,,,,Frage 1,,,,,,1.0,617.0,151.0,531.0,141.0,0.8664172062766164,0.8628633105856893,14955.908999999983,579.4915161132812,578.3588256835938,0.6350436806678772,0.3678931295871734,0.4825179874897003,0.3675954937934875,0.0,0.0,1.0,0.30656108597285064,0.13002806361085123,574.0,146.0,578.925170898438,58.0154342481082,-2693.34904814973,,,,,,,,,63.0,63.0,14880.16265,14946.7837,66.6210499999998,6.31161178137506,124.278873584251,3808.94249466535,-2693.34904814973,3.07146211707039
914,14955.1144,,,,,,Frage 1,,,,,,1.0,634.0,146.0,534.0,151.0,0.8700676018686524,0.8624722796567498,14972.564000000011,578.498779296875,577.3748779296875,0.6353834867477417,0.3679763078689575,0.482777714729309,0.3676488697528839,0.0,0.0,1.0,0.3122171945701357,0.13236669784845645,584.0,148.5,577.936828613281,4.90792112085289,-3187.45802437086,55.0,54.0,584.5,148.416666666667,14946.7837,15046.70935,99.9256499999992,0.211373652057294,,,,,,,,,,
915,14971.7626,,,,,,Frage 1,,,,,,1.0,628.0,151.0,523.0,152.0,0.8657617192893438,0.8581468347921107,14989.217999999992,578.2686767578125,577.1419677734375,0.6353518366813659,0.3679783642292022,0.4827156960964202,0.3676249384880065,0.0,0.0,1.0,0.3074095022624434,0.13517305893358275,575.5,151.5,577.705322265625,1.25835109458214,-219.217094116531,55.0,54.0,584.5,148.416666666667,14946.7837,15046.70935,99.9256499999992,0.211373652057294,,,,,,,,,,
916,14988.4185,,,,,,Frage 1,,,,,,1.0,628.0,162.0,538.0,137.0,0.8619089461255424,0.856322916555071,15005.87300000002,578.0382080078125,576.9136962890625,0.635433554649353,0.3680508732795715,0.4827868640422821,0.3676961362361908,0.0,0.0,1.0,0.3116515837104072,0.13330215154349856,583.0,149.5,577.475952148438,5.26917263481428,240.804852348549,55.0,54.0,584.5,148.416666666667,14946.7837,15046.70935,99.9256499999992,0.211373652057294,,,,,,,,,,
917,15005.074,,,,,,Frage 1,,,,,,1.0,630.0,158.0,533.0,144.0,0.8612773903014994,0.8551980330608616,15022.528000000048,578.1531982421875,577.0263671875,0.6353691220283508,0.3680815398693084,0.4826945066452026,0.3676865696907043,0.0,0.0,1.0,0.31080316742081443,0.13470533208606172,581.5,151.0,577.589782714844,4.19123759920606,-64.7194641774891,55.0,54.0,584.5,148.416666666667,14946.7837,15046.70935,99.9256499999992,0.211373652057294,,,,,,,,,,
918,15021.726,,,,,,Frage 1,,,,,,1.0,632.0,154.0,543.0,142.0,0.8611101403401915,0.8394279884196107,15039.18200000003,578.189697265625,577.0621337890625,0.6353481411933898,0.3681316077709198,0.4826561212539672,0.3677082061767578,0.0,0.0,1.0,0.31419683257918546,0.13189897100093542,587.5,148.0,577.625915527344,14.7931885657871,636.677334048823,55.0,54.0,584.5,148.416666666667,14946.7837,15046.70935,99.9256499999992,0.211373652057294,,,,,,,,,,
919,15038.3818,,,,,,Frage 1,,,,,,1.0,634.0,150.0,557.0,134.0,0.8607706478814173,0.8562264979698532,15055.837000000058,578.5016479492188,577.3692016601562,0.6352040767669677,0.3681771755218505,0.4825091063976287,0.36774742603302,0.0,0.0,1.0,0.3187217194570135,0.1262862488306829,595.5,142.0,577.935424804688,18.6139572862219,229.395689215478,55.0,54.0,584.5,148.416666666667,14946.7837,15046.70935,99.9256499999992,0.211373652057294,,,,,,,,,,
920,15055.0369,,,,,,Frage 1,,,,,,1.0,644.0,154.0,566.0,119.0,0.8604311554226431,0.8531143203025403,15072.491999999967,577.6785278320312,576.5348510742188,0.6350613832473754,0.368239402770996,0.4823546111583709,0.367832213640213,0.0,0.0,1.0,0.32409502262443435,0.1211412535079513,605.0,136.5,577.106689453125,61.2751078145178,2561.44667569069,,,,,,,,,64.0,64.0,15046.70935,15080.0194,33.3100500000019,1.85675418137347,71.2852387452796,2561.44667569069,,3.33847054376435
921,15071.6928,,,,,,Frage 1,,,,,,1.0,701.0,166.0,629.0,114.0,0.860226461440147,0.8519626538679924,15089.146999999995,578.128662109375,576.9581298828125,0.6344197392463684,0.3681724667549133,0.4817122519016265,0.3677816689014434,0.0,0.0,1.0,0.35803167420814475,0.12441534144059863,665.0,140.0,577.543395996094,71.2852387452796,600.996099325816,,,,,,,,,64.0,64.0,15046.70935,15080.0194,33.3100500000019,1.85675418137347,71.2852387452796,2561.44667569069,,3.33847054376435
922,15088.346,,,,,,Frage 1,,,,,,1.0,728.0,167.0,643.0,127.0,0.8601540696658496,0.8531759210653183,15105.800999999978,579.1061401367188,577.9171752929688,0.633918285369873,0.3680454492568969,0.481204479932785,0.3676728904247283,0.0,0.0,1.0,0.3696266968325791,0.13096351730589334,685.5,147.0,578.511657714844,24.8294492535161,-2789.60136741087,56.0,55.0,700.875,139.375,15080.0194,15279.8748,199.8554,0.310913743976189,,,,,,,,,,
923,15105.0016,,,,,,Frage 1,,,,,,1.0,734.0,164.0,650.0,133.0,0.8600417376022848,0.8537008666959495,15122.456000000006,579.1190795898438,577.9263305664064,0.6338461637496948,0.3679104447364807,0.4811270833015441,0.3675630390644073,0.0,0.0,1.0,0.37330316742081443,0.13236669784845645,692.0,148.5,578.522705078125,8.9316479505884,-954.501867415623,56.0,55.0,700.875,139.375,15080.0194,15279.8748,199.8554,0.310913743976189,,,,,,,,,,
924,15121.6562,,,,,,Frage 1,,,,,,1.0,736.0,163.0,647.0,115.0,0.8610427411020525,0.8515475182927483,15139.111000000034,578.720947265625,577.513916015625,0.6335967779159545,0.3677839934825897,0.4808675944805145,0.3674816191196441,0.0,0.0,1.0,0.3730203619909502,0.12347988774555657,691.5,139.0,578.117431640625,11.4161821813416,149.180060208788,56.0,55.0,700.875,139.375,15080.0194,15279.8748,199.8554,0.310913743976189,,,,,,,,,,
925,15138.3097,,,,,,Frage 1,,,,,,1.0,738.0,171.0,663.0,107.0,0.8606329175867903,0.8515823361151882,15155.765000000014,578.3785400390625,577.158203125,0.6333636045455932,0.3676132261753082,0.4806331694126129,0.3673760592937469,0.0,0.0,1.0,0.3781108597285067,0.12347988774555657,700.5,139.0,577.768371582031,5.58024647953831,-350.432984165684,56.0,55.0,700.875,139.375,15080.0194,15279.8748,199.8554,0.310913743976189,,,,,,,,,,
926,15154.9657,,,,,,Frage 1,,,,,,1.0,725.0,171.0,668.0,115.0,0.857792600062906,0.8302699003798847,15172.420000000042,577.8255004882812,576.5885620117188,0.633068561553955,0.3673718869686126,0.480337768793106,0.3671855330467224,0.0,0.0,1.0,0.3758484162895927,0.12722170252572498,696.5,143.0,577.20703125,5.09603192609692,-29.071478953012,56.0,55.0,700.875,139.375,15080.0194,15279.8748,199.8554,0.310913743976189,,,,,,,,,,
927,15171.62,,,,,,Frage 1,,,,,,1.0,730.0,159.0,667.0,108.0,0.8568315368524058,0.8542525952669189,15189.07500000007,577.3375244140625,576.08544921875,0.6328094601631165,0.3672899603843689,0.4800719618797302,0.3671579957008361,0.0,0.0,1.0,0.3769796380090497,0.11833489242282502,698.5,133.5,576.711486816406,13.7475846490278,519.478616509298,56.0,55.0,700.875,139.375,15080.0194,15279.8748,199.8554,0.310913743976189,,,,,,,,,,
928,15188.2749,,,,,,Frage 1,,,,,,1.0,735.0,158.0,671.0,100.0,0.8554810558215469,0.8539258433947913,15205.72900000005,577.1033325195312,575.8333129882812,0.6324726343154907,0.3671725988388061,0.4797408580780029,0.3671404421329498,0.0,0.0,1.0,0.379524886877828,0.11412535079513558,703.0,129.0,576.468322753906,6.1911751491995,-453.704885638971,56.0,55.0,700.875,139.375,15080.0194,15279.8748,199.8554,0.310913743976189,,,,,,,,,,
929,15204.9285,,,,,,Frage 1,,,,,,1.0,729.0,163.0,670.0,118.0,0.8548145522443947,0.8355846542581424,15222.383999999962,576.9280395507812,575.6423950195312,0.6321724653244019,0.3669860363006591,0.4794402420520782,0.367018848657608,0.0,0.0,1.0,0.3775452488687782,0.3636442782240061,699.5,140.5,576.285217285156,8.37536501012056,131.15421656105,56.0,55.0,700.875,139.375,15080.0194,15279.8748,199.8554,0.310913743976189,,,,,,,,,,
930,15221.585,,,,,,Frage 1,,,,,,1.0,734.0,156.0,681.0,119.0,0.8552289327455457,0.8528277428409201,15239.03899999999,577.1228637695312,575.8226928710938,0.6318306326866149,0.3669042587280273,0.4791193306446075,0.3669737875461578,0.0,0.0,1.0,0.38207013574660625,0.1220767072029934,707.5,137.5,576.472778320313,8.98584826676708,36.6513527239546,56.0,55.0,700.875,139.375,15080.0194,15279.8748,199.8554,0.310913743976189,,,,,,,,,,
931,15238.2388,,,,,,Frage 1,,,,,,1.0,732.0,161.0,687.0,118.0,0.85566328339133,0.8526000878480446,15255.69299999997,577.1163330078125,575.806396484375,0.6316294074058532,0.3667847216129303,0.4789288938045501,0.3669171035289764,0.0,0.0,1.0,0.38320135746606326,0.12394761459307763,709.5,139.5,576.461364746094,6.79729806912774,-131.414463824432,56.0,55.0,700.875,139.375,15080.0194,15279.8748,199.8554,0.310913743976189,,,,,,,,,,
932,15254.8922,,,,,,Frage 1,,,,,,1.0,740.0,162.0,686.0,124.0,0.8557781117229742,0.853738362812423,15272.347999999998,577.3524169921875,576.0302734375,0.6313579082489013,0.3665994703769683,0.478666752576828,0.3667986690998077,0.0,0.0,1.0,0.38518099547511303,0.3661201572282953,713.0,143.0,576.691345214844,6.82263984523526,1.5217178538626,56.0,55.0,700.875,139.375,15080.0194,15279.8748,199.8554,0.310913743976189,,,,,,,,,,
933,15271.5485,,,,,,Frage 1,,,,,,1.0,741.0,151.0,686.0,115.0,0.8563822085981458,0.8531759210653183,15289.003000000026,577.64306640625,576.309814453125,0.631096601486206,0.3665012419223785,0.4784247279167175,0.3667632043361663,0.0,0.0,1.0,0.2465638113697338,0.11786716557530397,713.5,133.0,576.976440429688,1.39723195421843,-325.727075702086,56.0,55.0,700.875,139.375,15080.0194,15279.8748,199.8554,0.310913743976189,,,,,,,,,,
934,15288.2011,,,,,,Frage 1,,,,,,1.0,736.0,151.0,687.0,134.0,0.8569912980094759,0.8548364633662942,15305.657000000008,577.8001098632812,576.4542846679688,0.6308197379112243,0.3662595450878143,0.4781514406204223,0.3665751516819,0.0,0.0,1.0,0.3843325791855203,0.12675397567820393,711.5,142.5,577.127197265625,47.4213845881914,2763.78178986912,,,,,,,,,65.0,65.0,15279.8748,15329.84625,49.9714499999991,2.70014043162818,78.037320519894,2763.78178986912,-1703.21582319665,9.19358224861307
935,15304.8571,,,,,,Frage 1,,,,,,1.0,778.0,160.0,745.0,154.0,0.8579873089730853,0.856419335140289,15322.312000000034,579.7354125976562,578.3561401367188,0.6298651695251464,0.3659843802452087,0.4772516787052154,0.3663365840911865,0.0,0.0,1.0,0.4126131221719456,0.14031805425631425,761.5,157.0,579.045776367188,78.037320519894,1838.13256074114,,,,,,,,,65.0,65.0,15279.8748,15329.84625,49.9714499999991,2.70014043162818,78.037320519894,2763.78178986912,-1703.21582319665,9.19358224861307
936,15321.5262,,,,,,Frage 1,,,,,,1.0,827.0,171.0,769.0,142.0,0.8612299612079941,0.8285195636039896,15338.967000000062,580.7708740234375,579.361572265625,0.6291083693504333,0.3657879829406738,0.4765039086341857,0.3661805093288421,0.0,0.0,1.0,0.4332579185520361,0.13985032740879325,798.0,156.5,580.066223144531,49.646245641445,-1703.21582319665,,,,,,,,,65.0,65.0,15279.8748,15329.84625,49.9714499999991,2.70014043162818,78.037320519894,2763.78178986912,-1703.21582319665,9.19358224861307
937,15338.1663,,,,,,Frage 1,,,,,,1.0,840.0,164.0,787.0,113.0,0.6362035656758926,0.6139656826868463,15355.621999999974,579.9988403320312,578.5873413085938,0.6291890144348145,0.3657109141349792,0.476557046175003,0.3661830127239227,0.0,0.0,1.0,0.4420248868778279,0.12301216089803552,813.5,138.5,579.293090820313,22.8257043325218,-1611.80169042989,57.0,56.0,807.269230769231,143.884615384615,15329.84625,15546.3496,216.503350000001,0.228395451151829,,,,,,,,,,
938,15354.8208,,,,,,Frage 1,,,,,,1.0,830.0,146.0,792.0,123.0,0.8601191219127405,0.8558943895096579,15372.276000000073,579.5602416992188,578.1355590820312,0.62896728515625,0.3655986785888671,0.4763225615024566,0.3661141097545623,0.0,0.0,1.0,0.44061085972850667,0.11927034611786713,811.0,134.5,578.847900390625,5.13874282367433,-1061.99294538105,57.0,56.0,807.269230769231,143.884615384615,15329.84625,15546.3496,216.503350000001,0.228395451151829,,,,,,,,,,
939,15371.4752,,,,,,Frage 1,,,,,,1.0,827.0,148.0,789.0,132.0,0.859020763957883,0.8551953547668276,15388.930999999982,578.9368286132812,577.5051879882812,0.6289025545120239,0.3655158877372741,0.4762407541275024,0.3660767674446106,0.0,0.0,1.0,0.43891402714932115,0.12441534144059863,808.0,140.0,578.221008300781,13.6995494758764,514.026722800068,57.0,56.0,807.269230769231,143.884615384615,15329.84625,15546.3496,216.503350000001,0.228395451151829,,,,,,,,,,
940,15388.1311,,,,,,Frage 1,,,,,,1.0,841.0,170.0,780.0,130.0,0.8605484800223666,0.8542258123265805,15405.58600000001,578.731689453125,577.290283203125,0.6287378072738647,0.3653946816921234,0.476071298122406,0.3660226464271545,0.0,0.0,1.0,0.4403280542986424,0.13376987839101961,810.5,150.0,578.010986328125,14.0737610499294,22.4672082597156,57.0,56.0,807.269230769231,143.884615384615,15329.84625,15546.3496,216.503350000001,0.228395451151829,,,,,,,,,,
941,15404.7861,,,,,,Frage 1,,,,,,1.0,845.0,166.0,788.0,141.0,0.8601515733977704,0.8526349056704842,15422.239999999993,578.2962646484375,576.8521728515625,0.6287392973899841,0.3652367293834686,0.4760615527629852,0.3658976852893829,0.0,0.0,1.0,0.4437217194570135,0.13704396632366694,816.5,153.5,577.57421875,8.56307082753222,-330.873024460977,57.0,56.0,807.269230769231,143.884615384615,15329.84625,15546.3496,216.503350000001,0.228395451151829,,,,,,,,,,
942,15421.4389,,,,,,Frage 1,,,,,,1.0,830.0,148.0,787.0,133.0,0.8563797123300666,0.8509957897217789,15438.89500000002,577.9136352539064,576.4640502929688,0.6286739110946655,0.3650265336036682,0.4759978353977203,0.3657339513301849,0.0,0.0,1.0,0.43919683257918546,0.12488306828811968,808.5,140.5,577.188842773438,14.4163868702458,351.491403410454,57.0,56.0,807.269230769231,143.884615384615,15329.84625,15546.3496,216.503350000001,0.228395451151829,,,,,,,,,,
943,15438.096,,,,,,Frage 1,,,,,,1.0,835.0,150.0,776.0,133.0,0.8553038207879221,0.8490486699591829,15455.550000000048,577.6162109375,576.161865234375,0.6286229491233825,0.3648125529289245,0.4759264886379241,0.3655547499656677,0.0,0.0,1.0,0.43749999999999994,0.1258185219831618,805.5,141.5,576.889038085938,3.72787183158502,-641.679226195468,57.0,56.0,807.269230769231,143.884615384615,15329.84625,15546.3496,216.503350000001,0.228395451151829,,,,,,,,,,
944,15454.7487,,,,,,Frage 1,,,,,,1.0,829.0,155.0,780.0,128.0,0.8560626862840055,0.8499941077531257,15472.204000000029,577.2210693359375,575.7598876953125,0.6285358667373657,0.3646229803562164,0.4758298993110656,0.36541149020195,0.0,0.0,1.0,0.43693438914027144,0.1258185219831618,804.5,141.5,576.490478515625,3.03527272179379,-41.5907996776024,57.0,56.0,807.269230769231,143.884615384615,15329.84625,15546.3496,216.503350000001,0.228395451151829,,,,,,,,,,
945,15471.4046,,,,,,Frage 1,,,,,,1.0,824.0,160.0,781.0,126.0,0.854804567172078,0.8217490910298435,15488.859000000057,577.0077514648438,575.53857421875,0.6283994317054749,0.3644688129425048,0.4756922423839569,0.3653029203414917,0.0,0.0,1.0,0.4358031674208144,0.12722170252572498,802.5,143.0,576.273162841797,7.77497124842247,284.565741066454,57.0,56.0,807.269230769231,143.884615384615,15329.84625,15546.3496,216.503350000001,0.228395451151829,,,,,,,,,,
946,15488.0599,,,,,,Frage 1,,,,,,1.0,828.0,166.0,777.0,134.0,0.8536063584940515,0.8479291430530412,15505.513999999966,576.961669921875,575.4854125976562,0.6282707452774047,0.3643083274364471,0.4755496680736541,0.3651791512966156,0.0,0.0,1.0,0.4358031674208144,0.13376987839101961,802.5,150.0,576.223541259766,3.15903143519166,-277.145401957978,57.0,56.0,807.269230769231,143.884615384615,15329.84625,15546.3496,216.503350000001,0.228395451151829,,,,,,,,,,
947,15504.7128,,,,,,Frage 1,,,,,,1.0,831.0,158.0,781.0,128.0,0.8532443996225644,0.8481755461041536,15522.168000000063,576.7691650390625,575.289306640625,0.6282278895378112,0.3643218576908111,0.4755072891712188,0.3652392029762268,0.0,0.0,1.0,0.4377828054298642,0.38316233292081353,806.0,143.0,576.029235839844,8.61701494419148,327.749731818488,57.0,56.0,807.269230769231,143.884615384615,15329.84625,15546.3496,216.503350000001,0.228395451151829,,,,,,,,,,
948,15521.3685,,,,,,Frage 1,,,,,,1.0,830.0,149.0,788.0,137.0,0.8550516977119207,0.8503610340357607,15538.822999999977,576.5943603515625,575.109619140625,0.6281387209892272,0.3643997907638549,0.4754335284233093,0.3653429150581359,0.0,0.0,1.0,0.4394796380090497,0.12722170252572498,809.0,143.0,575.851989746094,11.5219670730663,174.411890756598,57.0,56.0,807.269230769231,143.884615384615,15329.84625,15546.3496,216.503350000001,0.228395451151829,,,,,,,,,,
949,15538.022,,,,,,Frage 1,,,,,,1.0,823.0,156.0,770.0,147.0,0.6396041375094578,0.6185258973648943,15555.478000000005,576.27099609375,574.78466796875,0.628145694732666,0.3644043505191803,0.4754196405410766,0.3653466403484344,0.0,0.0,1.0,0.43240950226244335,0.13517305893358275,796.5,151.5,575.52783203125,14.0609348032471,152.458506030605,57.0,56.0,807.269230769231,143.884615384615,15329.84625,15546.3496,216.503350000001,0.228395451151829,,,,,,,,,,
950,15554.6772,,,,,,Frage 1,,,,,,1.0,827.0,150.0,770.0,159.0,0.6391814721080114,0.618116681845208,15572.131999999983,576.3585815429688,574.8715209960938,0.6281323432922363,0.3644883930683136,0.4753897488117218,0.3654293417930603,0.0,0.0,1.0,0.43354072398190036,0.13797942001870905,798.5,154.5,575.615051269531,46.0454253818254,1920.39066349127,,,,,,,,,66.0,66.0,15546.3496,15612.9689,66.6192999999985,7.23297254676971,170.460960668122,4174.74418269858,-4398.99874535441,355.460288089206
951,15571.3321,,,,,,Frage 1,,,,,,1.0,864.0,160.0,828.0,168.0,0.851956325293686,0.8546838006063658,15588.787000000011,577.7960205078125,576.2913818359375,0.6275759935379028,0.364538699388504,0.4748724997043609,0.3654711544513702,0.0,0.0,1.0,0.46040723981900444,0.14686623012160893,846.0,164.0,577.043701171875,115.57537227025,4174.74418269858,,,,,,,,,66.0,66.0,15546.3496,15612.9689,66.6192999999985,7.23297254676971,170.460960668122,4174.74418269858,-4398.99874535441,355.460288089206
952,15587.9863,,,,,,Frage 1,,,,,,1.0,945.0,161.0,907.0,139.0,0.8547945820997609,0.8513252198879403,15605.44200000004,576.80419921875,575.27490234375,0.627115786075592,0.3647028803825378,0.474384069442749,0.3655900657176971,0.0,0.0,1.0,0.5056561085972849,0.13376987839101961,926.0,150.0,576.03955078125,170.460960668122,3295.60041298103,,,,,,,,,66.0,66.0,15546.3496,15612.9689,66.6192999999985,7.23297254676971,170.460960668122,4174.74418269858,-4398.99874535441,355.460288089206
953,15604.6423,,,,,,Frage 1,,,,,,1.0,1041.0,152.0,1022.0,120.0,0.8505830170127097,0.8490165304307769,15622.097000000069,574.6226196289064,573.0945434570312,0.6273450255393981,0.3648394048213958,0.4745790958404541,0.3656878769397735,0.0,0.0,1.0,0.5653280542986424,0.4244866325250688,1031.5,136.0,573.858581542969,97.1912375655028,-4398.99874535441,,,,,,,,,66.0,66.0,15546.3496,15612.9689,66.6192999999985,7.23297254676971,170.460960668122,4174.74418269858,-4398.99874535441,355.460288089206
954,15621.2955,,,,,,Frage 1,,,,,,1.0,1044.0,159.0,1021.0,138.0,0.8525629184369369,0.8493914915955134,15638.751000000047,574.5061645507812,572.9790649414064,0.6273629665374755,0.364846259355545,0.4746025502681732,0.3656719624996185,0.0,0.0,1.0,0.5658936651583709,0.13236669784845645,1032.5,148.5,573.742614746094,17.9177713121698,-4760.25426064239,58.0,57.0,1022.08333333333,156.916666666667,15612.9689,15712.8968,99.9279000000006,0.326984701107293,,,,,,,,,,
955,15637.9508,,,,,,Frage 1,,,,,,1.0,1045.0,164.0,1014.0,148.0,0.8493851691720877,0.8455615311271334,15655.406000000075,574.983154296875,573.4482421875,0.6271411776542662,0.3647574186325073,0.4743734300136566,0.3655613660812377,0.0,0.0,1.0,0.25688436811723836,0.1393826005612722,1029.5,156.0,574.215698242188,2.88154298087009,-902.789402250295,58.0,57.0,1022.08333333333,156.916666666667,15612.9689,15712.8968,99.9279000000006,0.326984701107293,,,,,,,,,,
956,15654.6077,,,,,,Frage 1,,,,,,1.0,1044.0,163.0,1016.0,138.0,0.8501315533277752,0.8446053801570552,15672.060999999989,574.9297485351562,573.3869018554688,0.6269910335540771,0.3646584749221801,0.4741954207420349,0.3654733598232269,0.0,0.0,1.0,0.5644796380090497,0.4242112746168343,1030.0,150.5,574.158325195313,13.9260930715151,663.06155951258,58.0,57.0,1022.08333333333,156.916666666667,15612.9689,15712.8968,99.9279000000006,0.326984701107293,,,,,,,,,,
957,15671.2595,,,,,,Frage 1,,,,,,1.0,1040.0,171.0,989.0,147.0,0.8567814934196903,0.8460971899338998,15688.714999999967,575.2976684570312,573.7416381835938,0.6266896724700927,0.3645311594009399,0.4738667905330658,0.3653661608695983,0.0,0.0,1.0,0.5557126696832578,0.1421889616463985,1014.5,159.0,574.519653320313,20.4213308765949,390.062203790576,58.0,57.0,1022.08333333333,156.916666666667,15612.9689,15712.8968,99.9279000000006,0.326984701107293,,,,,,,,,,
958,15687.9155,,,,,,Frage 1,,,,,,1.0,1045.0,177.0,981.0,154.0,0.8514620642140002,0.8458025775901782,15705.369999999995,575.7072143554688,574.1397094726562,0.6264101266860961,0.3644281327724456,0.4735669195652008,0.3652646541595459,0.0,0.0,1.0,0.5548642533936651,0.14826941066417207,1013.0,165.5,574.923461914063,3.00153220229042,-1045.85726911056,58.0,57.0,1022.08333333333,156.916666666667,15612.9689,15712.8968,99.9279000000006,0.326984701107293,,,,,,,,,,
959,15704.5694,,,,,,Frage 1,,,,,,1.0,1046.0,160.0,980.0,164.0,0.8520187319956666,0.846539108449482,15722.025000000023,576.0418090820312,574.4653930664064,0.6261878013610839,0.3644031882286071,0.4733186364173889,0.3652154803276062,0.0,0.0,1.0,0.5548642533936651,0.1449953227315247,1013.0,162.0,575.253601074219,11.16477824977,490.170233247411,58.0,57.0,1022.08333333333,156.916666666667,15612.9689,15712.8968,99.9279000000006,0.326984701107293,,,,,,,,,,
960,15721.2242,,,,,,Frage 1,,,,,,1.0,1042.0,154.0,985.0,152.0,0.8475928486912068,0.8461587906966779,15738.679000000004,576.7485961914064,575.1631469726562,0.6259329319000244,0.3642668426036834,0.4730435013771057,0.3650718629360199,0.0,0.0,1.0,0.5551470588235293,0.1365762394761459,1013.5,153.0,575.955871582031,32.9437624083759,1307.6701106351,,,,,,,,,67.0,67.0,15712.8968,15729.5522,16.6553999999996,,32.9437624083759,1307.6701106351,,
961,15737.8802,,,,,,Frage 1,,,,,,1.0,1048.0,151.0,1005.0,104.0,0.84835171418729,0.8528705955454614,15755.334000000032,576.7496337890625,575.1146240234375,0.6251475811004638,0.3642020523548126,0.4718196392059326,0.3650077879428863,0.0,0.0,1.0,0.5624999999999999,0.11272217025257247,1026.5,127.5,575.93212890625,21.0656529278803,-713.142980337192,,,,,,,,,,,,,,,,,,
962,15754.5332,,,,,,Frage 1,,,,,,1.0,1048.0,157.0,973.0,102.0,0.8516542768561003,0.8071554589114498,15771.98900000006,576.8135986328125,575.2127685546875,0.6260043382644653,0.3646304607391357,0.4727597534656524,0.3657699227333068,0.0,0.0,1.0,0.5534502262443438,0.11459307764265664,1010.5,129.5,576.01318359375,16.0058823521435,-303.835379555436,,,,,,,,,,,,,,,,,,
963,15771.1888,,,,,,Frage 1,,,,,,1.0,1045.0,158.0,973.0,102.0,0.8515644112052482,0.8450124808501978,15788.64300000004,576.6544799804688,575.0455932617188,0.6258582472801208,0.3640607297420501,0.4725620150566101,0.3651686906814575,0.0,0.0,1.0,0.552601809954751,0.11506080449017769,1009.0,130.0,575.850036621094,38.4562860358675,1347.91923939839,,,,,,,,,68.0,68.0,15762.861,15779.5155,16.6544999999987,,38.4562860358675,1347.91923939839,,
964,15787.8422,,,,,,Frage 1,,,,,,1.0,1043.0,157.0,-1.0,-1.0,0.8520087469233498,0.0,15805.298000000068,576.97119140625,-1.0,0.6255526542663574,0.3645434081554412,-1.0,-1.0,0.0,4.0,1.0,0.5718325791855203,0.14031805425631425,1043.0,157.0,576.97119140625,25.0006341231384,-807.982268649629,,,,,,,,,,,,,,,,,,
965,15804.4976,,,,,,Frage 1,,,,,,1.0,1025.0,157.0,953.0,142.0,0.8515119895755846,0.8423502565805685,15821.95299999998,577.3119506835938,575.6813354492188,0.6258138418197631,0.3642547130584716,0.4721033573150634,0.3657743334770202,0.0,0.0,1.0,0.5412895927601808,0.13330215154349856,989.0,149.5,576.496643066406,47.7958549439443,1368.63844883965,,,,,,,,,69.0,69.0,15796.1699,15812.825,16.6551,,47.7958549439443,1368.63844883965,,
966,15821.1524,,,,,,Frage 1,,,,,,1.0,1019.0,157.0,968.0,121.0,0.8517666089196652,0.8448169653857279,15838.60699999996,577.5946655273438,575.9956665039064,0.6262810230255127,0.3639639616012573,0.4727549254894256,0.3653242290019989,0.0,0.0,1.0,0.5438348416289591,0.12347988774555657,993.5,139.0,576.795166015625,23.2898872401509,-1471.40570308818,59.0,58.0,994.916666666667,135.166666666667,15812.825,16012.68195,199.856949999999,0.206870307217142,,,,,,,,,,
967,15837.8064,,,,,,Frage 1,,,,,,1.0,1017.0,153.0,977.0,96.0,0.8525204818795901,0.8432662331401392,15855.261999999988,577.8762817382812,576.2807006835938,0.626177966594696,0.3641208410263061,0.4727925062179565,0.3653671145439147,0.0,0.0,1.0,0.545814479638009,0.1099158091674462,997.0,124.5,577.078491210938,11.8498533732302,-686.924094326984,59.0,58.0,994.916666666667,135.166666666667,15812.825,16012.68195,199.856949999999,0.206870307217142,,,,,,,,,,
968,15854.4621,,,,,,Frage 1,,,,,,1.0,1024.0,150.0,978.0,106.0,0.8522334110504797,0.8466382053287339,15871.917000000016,578.2867431640625,576.6939697265625,0.6260830163955688,0.3643009662628173,0.4727972447872161,0.3654445111751556,0.0,0.0,1.0,0.548076923076923,0.11318989710009353,1001.0,128.0,577.490356445313,16.4167273423126,274.192857044859,59.0,58.0,994.916666666667,135.166666666667,15812.825,16012.68195,199.856949999999,0.206870307217142,,,,,,,,,,
969,15871.1169,,,,,,Frage 1,,,,,,1.0,1021.0,161.0,970.0,125.0,0.852879944482998,0.8501119526906142,15888.572000000044,578.891845703125,577.2989501953125,0.6259379982948303,0.3643947839736938,0.4727360308170318,0.3654766082763671,0.0,0.0,1.0,0.5449660633484162,0.12722170252572498,995.5,143.0,578.095397949219,11.9059716797136,-270.838176537627,59.0,58.0,994.916666666667,135.166666666667,15812.825,16012.68195,199.856949999999,0.206870307217142,,,,,,,,,,
970,15887.7716,,,,,,Frage 1,,,,,,1.0,1027.0,163.0,968.0,119.0,0.5986828940813311,0.5686322721469992,15905.226000000024,579.3379516601562,577.7448120117188,0.6258216500282286,0.3645056784152984,0.4726763665676116,0.3655208647251129,0.0,0.0,1.0,0.5460972850678733,0.12535079513564074,997.5,141.0,578.541381835938,3.63488435081713,-496.621814196409,59.0,58.0,994.916666666667,135.166666666667,15812.825,16012.68195,199.856949999999,0.206870307217142,,,,,,,,,,
971,15904.4267,,,,,,Frage 1,,,,,,1.0,1038.0,162.0,960.0,128.0,0.8557731191868159,0.8509395455470685,15921.881000000052,579.8873901367188,578.2916870117188,0.6256622076034545,0.3645707964897155,0.4725541472434997,0.3655284643173217,0.0,0.0,1.0,0.546945701357466,0.12909260991580912,999.0,145.0,579.089538574219,11.4966281764288,472.032219897309,59.0,58.0,994.916666666667,135.166666666667,15812.825,16012.68195,199.856949999999,0.206870307217142,,,,,,,,,,
972,15921.0804,,,,,,Frage 1,,,,,,1.0,1013.0,141.0,960.0,128.0,0.8517291648984769,0.8491049141338933,15938.535999999964,580.05859375,578.4583740234375,0.6255177855491638,0.3646346032619476,0.4724279940128326,0.3655634820461273,0.0,0.0,1.0,0.5398755656108596,0.11927034611786713,986.5,134.5,579.258483886719,12.3192698855128,49.3969333591941,59.0,58.0,994.916666666667,135.166666666667,15812.825,16012.68195,199.856949999999,0.206870307217142,,,,,,,,,,
973,15937.7348,,,,,,Frage 1,,,,,,1.0,1002.0,138.0,984.0,127.0,0.8522908252163017,0.80879634414074,15955.19000000006,580.2845458984375,578.67919921875,0.6253528594970703,0.3646368682384491,0.472304344177246,0.3655559420585632,0.0,0.0,1.0,0.5435520361990949,0.11739943872778297,993.0,132.5,579.481872558594,7.23689142427374,-305.167310815116,59.0,58.0,994.916666666667,135.166666666667,15812.825,16012.68195,199.856949999999,0.206870307217142,,,,,,,,,,
974,15953.466,,,,,,Frage 1,1.0,1.60023105144501,29.4208135638194,1.52557897567749,211.546875,,,,,,0.6585048574425887,0.6495113533451946,,,,,,,,,,,0.37959439571535225,0.3642823432120883,,,,,,,,,,,,,,,,,,,,,,,
975,15954.3889,,,,,,Frage 1,,,,,,1.0,1009.0,141.0,980.0,129.0,0.8537810972595969,0.8499860728710243,15971.844999999972,580.2471923828125,578.635009765625,0.6251899600028991,0.3646157085895538,0.4721631109714508,0.3655414283275604,0.0,0.0,1.0,0.5444004524886876,0.11973807296538819,994.5,135.0,579.441101074219,0.90234146663891,-380.359788738804,59.0,58.0,994.916666666667,135.166666666667,15812.825,16012.68195,199.856949999999,0.206870307217142,,,,,,,,,,
976,15971.0449,,,,,,Frage 1,,,,,,1.0,1010.0,141.0,978.0,124.0,0.8545998731895816,0.8502297976281029,15988.5,580.4713745117188,578.8491821289064,0.6249403953552246,0.3646450340747833,0.4719396531581878,0.3655985891819,0.0,0.0,1.0,0.5441176470588234,0.11739943872778297,994.0,132.5,579.660278320313,0.441213927798387,-27.6853709678494,59.0,58.0,994.916666666667,135.166666666667,15812.825,16012.68195,199.856949999999,0.206870307217142,,,,,,,,,,
977,15987.6998,,,,,,Frage 1,,,,,,1.0,1016.0,142.0,973.0,127.0,0.8565943913848797,0.8489549296679987,16005.15399999998,580.6375732421875,579.00537109375,0.6247025728225708,0.3646100759506225,0.4717126488685607,0.3655742704868316,0.0,0.0,1.0,0.5444004524886876,0.11927034611786713,994.5,134.5,579.821472167969,0.902046017973614,27.6694600493092,59.0,58.0,994.916666666667,135.166666666667,15812.825,16012.68195,199.856949999999,0.206870307217142,,,,,,,,,,
978,16004.3538,,,,,,Frage 1,,,,,,1.0,1016.0,142.0,970.0,123.0,0.8559703243650743,0.849110270721961,16021.809000000008,580.6660766601562,579.0267944335938,0.624548852443695,0.3645786941051483,0.4715745747089386,0.3655777871608734,0.0,0.0,1.0,0.5435520361990949,0.11739943872778297,993.0,132.5,579.846435546875,13.7180237559166,769.543517349744,59.0,58.0,994.916666666667,135.166666666667,15812.825,16012.68195,199.856949999999,0.206870307217142,,,,,,,,,,
979,16021.0101,,,,,,Frage 1,,,,,,1.0,1029.0,160.0,988.0,121.0,0.8559054213950146,0.8492200807773481,16038.464000000036,580.0609741210938,578.4087524414064,0.62432861328125,0.3645332753658294,0.4713608920574188,0.3655805587768554,0.0,0.0,1.0,0.2501440765040146,0.12488306828811968,1008.5,140.5,579.23486328125,47.2503632428531,2013.19257499799,,,,,,,,,70.0,70.0,16012.68195,16045.99005,33.3081000000002,1.08387616712188,47.2503632428531,2013.19257499799,-1023.59429993621,14.8264799703557
980,16037.6621,,,,,,Frage 1,,,,,,1.0,1062.0,157.0,1023.0,142.0,0.8567666338823461,0.8476050694749473,16055.118000000017,579.1609497070312,577.5033569335938,0.6242970824241638,0.3644784688949585,0.4713145494461059,0.3655266463756561,0.0,0.0,1.0,0.5715497737556561,0.13330215154349856,1042.5,149.5,578.332153320313,30.2054709603153,-1023.59429993621,,,,,,,,,70.0,70.0,16012.68195,16045.99005,33.3081000000002,1.08387616712188,47.2503632428531,2013.19257499799,-1023.59429993621,14.8264799703557
981,16054.318,,,,,,Frage 1,,,,,,1.0,1060.0,147.0,1021.0,153.0,0.8527925751002253,0.8499753596948888,16071.773000000045,579.6018676757812,577.9411010742188,0.6241893172264099,0.36441570520401,0.4712107181549072,0.3654743134975433,0.0,0.0,1.0,0.570418552036199,0.13376987839101961,1040.5,150.0,578.771484375,8.59135297227901,-1297.68538404029,60.0,59.0,1040.125,138.375,16045.99005,16112.60995,66.6198999999997,0.256089608741994,,,,,,,,,,
982,16070.9738,,,,,,Frage 1,,,,,,1.0,1059.0,136.0,1019.0,145.0,0.8517116910219223,0.848759414203529,16088.428000000073,579.7635498046875,578.103759765625,0.624198317527771,0.3643917143344879,0.4712268710136413,0.36546191573143,0.0,0.0,1.0,0.5695701357466062,0.12488306828811968,1039.0,140.5,578.933654785156,16.8771493803707,497.472136318368,60.0,59.0,1040.125,138.375,16045.99005,16112.60995,66.6198999999997,0.256089608741994,,,,,,,,,,
983,16087.6267,,,,,,Frage 1,,,,,,1.0,1055.0,133.0,1017.0,130.0,0.8533991682434761,0.8469837052590982,16105.082000000051,579.8698120117188,578.2086791992188,0.6241621971130371,0.3642815351486206,0.4711991846561431,0.3653683066368103,0.0,0.0,1.0,0.5678733031674207,0.11646398503274086,1036.0,131.5,579.039245605469,9.56835746352252,-438.890038182405,60.0,59.0,1040.125,138.375,16045.99005,16112.60995,66.6198999999997,0.256089608741994,,,,,,,,,,
984,16104.283,,,,,,Frage 1,,,,,,1.0,1062.0,136.0,1028.0,127.0,0.85293735864882,0.8465471433315837,16121.736999999965,579.9373779296875,578.2758178710938,0.6241551041603088,0.3642280101776123,0.4711957871913909,0.3653414249420166,0.0,0.0,1.0,0.5729638009049773,0.11646398503274086,1045.0,131.5,579.106597900391,15.6435702080369,364.739632722447,60.0,59.0,1040.125,138.375,16045.99005,16112.60995,66.6198999999997,0.256089608741994,,,,,,,,,,
985,16120.9369,,,,,,Frage 1,,,,,,1.0,1078.0,153.0,1021.0,132.0,0.8561974847602835,0.8463355581029108,16138.391999999993,579.7593383789064,578.0947875976562,0.6241315603256224,0.3641755580902099,0.4711546599864959,0.3653159737586975,0.0,0.0,1.0,0.5755090497737556,0.12675397567820393,1049.5,142.5,578.927062988281,121.798098190559,6374.1542811302,,,,,,,,,71.0,71.0,16112.60995,16179.2286,66.6186500000003,9.89330498833993,231.72840825094,6600.32002187837,-6351.46333897806,181.161845612777
986,16137.5922,,,,,,Frage 1,,,,,,1.0,946.0,154.0,876.0,139.0,0.8582743798021958,0.8499003674619418,16155.04700000002,576.86279296875,575.2396240234375,0.6253746151924133,0.3642052114009857,0.4723489582538604,0.3654207587242126,0.0,0.0,1.0,0.49717194570135737,0.4024045928648834,911.0,146.5,576.051208496094,231.72840825094,6600.32002187837,,,,,,,,,71.0,71.0,16112.60995,16179.2286,66.6186500000003,9.89330498833993,231.72840825094,6600.32002187837,-6351.46333897806,181.161845612777
987,16154.2473,,,,,,Frage 1,,,,,,1.0,813.0,136.0,775.0,135.0,0.8526103475304421,0.8504145999164375,16171.701,574.8589477539064,573.2683715820312,0.6263065338134765,0.3641071915626525,0.4732839465141296,0.3653826117515564,0.0,0.0,1.0,0.4309954751131221,0.12020579981290924,794.0,135.5,574.063659667969,165.026388387167,-4004.90059283739,,,,,,,,,71.0,71.0,16112.60995,16179.2286,66.6186500000003,9.89330498833993,231.72840825094,6600.32002187837,-6351.46333897806,181.161845612777
988,16170.9002,,,,,,Frage 1,,,,,,1.0,769.0,144.0,689.0,128.0,0.8461974348349218,0.8414771327255393,16188.356000000029,577.879638671875,576.2447509765625,0.6249889135360717,0.3640759587287902,0.4720751345157623,0.3653939962387085,0.0,0.0,1.0,0.39423076923076916,0.1206735266604303,729.0,136.0,577.062194824219,59.2561045495042,-6351.46333897806,,,,,,,,,71.0,71.0,16112.60995,16179.2286,66.6186500000003,9.89330498833993,231.72840825094,6600.32002187837,-6351.46333897806,181.161845612777
989,16187.557,,,,,,Frage 1,,,,,,1.0,768.0,155.0,690.0,137.0,0.8454235917303633,0.8409361173307051,16205.011000000057,577.5834350585938,575.9265747070312,0.6245737671852111,0.3640036880970001,0.47163787484169,0.3653904497623443,0.0,0.0,1.0,0.39423076923076916,0.3690505842436722,729.0,146.0,576.755004882813,2.7068105083703,-3394.96746320612,61.0,60.0,769.344827586207,140.655172413793,16179.2286,17145.20025,965.971650000001,0.825631385857581,,,,,,,,,,
990,16204.2089,,,,,,Frage 1,,,,,,1.0,769.0,147.0,695.0,126.0,0.8464196026939725,0.8173788819880307,16221.665000000035,577.4231567382812,575.7424926757812,0.6241078972816467,0.3639098107814788,0.4711647033691406,0.3653957545757293,0.0,0.0,1.0,0.3959276018099547,0.1211412535079513,732.0,136.5,576.582824707031,14.5370371970233,710.443053864948,61.0,60.0,769.344827586207,140.655172413793,16179.2286,17145.20025,965.971650000001,0.825631385857581,,,,,,,,,,
991,16220.866,,,,,,Frage 1,,,,,,1.0,784.0,148.0,692.0,117.0,0.846424595230131,0.8169301884670881,16238.320000000063,576.92236328125,575.21240234375,0.6235711574554443,0.3637198805809021,0.4706118106842041,0.3653449714183807,0.0,0.0,1.0,0.3993212669683257,0.11739943872778297,738.0,132.5,576.0673828125,8.2680691055649,-376.354112748211,61.0,60.0,769.344827586207,140.655172413793,16179.2286,17145.20025,965.971650000001,0.825631385857581,,,,,,,,,,
992,16237.521,,,,,,Frage 1,,,,,,1.0,780.0,144.0,697.0,116.0,0.8457081662913944,0.8372748893864564,16254.974999999977,577.16943359375,575.4229736328125,0.6227970123291015,0.3635316789150238,0.4698635041713714,0.3653286695480346,0.0,0.0,1.0,0.39960407239818996,0.11506080449017769,738.5,130.0,576.296203613281,5.2037590256054,-183.987395974745,61.0,60.0,769.344827586207,140.655172413793,16179.2286,17145.20025,965.971650000001,0.825631385857581,,,,,,,,,,
993,16254.1737,,,,,,Frage 1,,,,,,1.0,779.0,139.0,701.0,115.0,0.8488571449182855,0.8386970635184213,16271.629000000074,577.162109375,575.3768310546875,0.6220098137855529,0.3633368909358978,0.4691013395786285,0.3653405308723449,0.0,0.0,1.0,0.4004524886877827,0.11225444340505142,740.0,127.0,576.269470214844,7.11371504753485,114.693474447363,61.0,60.0,769.344827586207,140.655172413793,16179.2286,17145.20025,965.971650000001,0.825631385857581,,,,,,,,,,
994,16270.8293,,,,,,Frage 1,,,,,,1.0,784.0,144.0,707.0,124.0,0.8454760133600269,0.8371570444489679,16288.283999999983,576.7686157226562,574.9563598632812,0.6215319037437439,0.3631352484226226,0.4686254262924194,0.3653444647789001,0.0,0.0,1.0,0.24905973059476777,0.11880261927034608,745.5,134.0,575.862487792969,9.27446660626312,129.731235063779,61.0,60.0,769.344827586207,140.655172413793,16179.2286,17145.20025,965.971650000001,0.825631385857581,,,,,,,,,,
995,16287.4829,,,,,,Frage 1,,,,,,1.0,776.0,140.0,703.0,135.0,0.8429398049915378,0.835445614561349,16304.939000000011,576.654052734375,574.807861328125,0.6208664774894714,0.3629121482372283,0.4679662585258483,0.3653099834918975,0.0,0.0,1.0,0.40016968325791846,0.1220767072029934,739.5,137.5,575.73095703125,9.13292300172012,-8.4992797078705,61.0,60.0,769.344827586207,140.655172413793,16179.2286,17145.20025,965.971650000001,0.825631385857581,,,,,,,,,,
996,16304.1386,,,,,,Frage 1,,,,,,1.0,775.0,144.0,697.0,131.0,0.8419687567087206,0.8355072153241272,16321.592999999992,576.246337890625,574.3755493164064,0.6204258203506469,0.3627032935619354,0.4675337374210357,0.3652853667736053,0.0,0.0,1.0,0.3981900452488687,0.1220767072029934,736.0,137.5,575.310943603516,3.02904479253636,-366.473832332715,61.0,60.0,769.344827586207,140.655172413793,16179.2286,17145.20025,965.971650000001,0.825631385857581,,,,,,,,,,
997,16320.7999,,,,,,Frage 1,,,,,,1.0,770.0,150.0,703.0,128.0,0.8405009510781383,0.8332494134536066,16338.24800000002,576.2257690429688,574.3259887695312,0.6198351979255676,0.3623843491077423,0.4669723510742187,0.3651245534420013,0.0,0.0,1.0,0.39847285067873295,0.12347988774555657,736.5,139.0,575.27587890625,7.05878261209814,241.862148785619,61.0,60.0,769.344827586207,140.655172413793,16179.2286,17145.20025,965.971650000001,0.825631385857581,,,,,,,,,,
998,16337.4476,,,,,,Frage 1,,,,,,1.0,766.0,146.0,705.0,113.0,0.8395024438464497,0.8319290144949274,16354.903000000048,575.8966674804688,573.977294921875,0.6194782257080078,0.3622245490550994,0.4666350483894348,0.3651236593723297,0.0,0.0,1.0,0.39790723981900444,0.11459307764265664,735.5,129.5,574.936981201172,12.6118941594131,333.566291278379,61.0,60.0,769.344827586207,140.655172413793,16179.2286,17145.20025,965.971650000001,0.825631385857581,,,,,,,,,,
999,16354.1032,,,,,,Frage 1,,,,,,1.0,779.0,149.0,707.0,104.0,0.8403087384360381,0.832941409639716,16371.55700000003,575.9552001953125,574.0120239257812,0.61899334192276,0.3620592951774597,0.4661735296249389,0.3651057183742523,0.0,0.0,1.0,0.2465448265429206,0.11178671655753036,743.0,126.5,574.983612060547,10.9530490759532,-99.5968373075624,61.0,60.0,769.344827586207,140.655172413793,16179.2286,17145.20025,965.971650000001,0.825631385857581,,,,,,,,,,
1000,16370.756,,,,,,Frage 1,,,,,,1.0,782.0,148.0,713.0,107.0,0.8393426826893795,0.809548495615689,16388.212000000058,575.90966796875,573.9476928710938,0.6186214685440063,0.3619129061698913,0.4658242762088775,0.3650932013988494,0.0,0.0,1.0,0.4046945701357465,0.11272217025257247,747.5,127.5,574.928680419922,3.62721957321253,-439.915780093483,61.0,60.0,769.344827586207,140.655172413793,16179.2286,17145.20025,965.971650000001,0.825631385857581,,,,,,,,,,
1001,16387.4123,,,,,,Frage 1,,,,,,1.0,781.0,140.0,713.0,112.0,0.8393177200085873,0.8337341846737304,16404.86699999997,576.0463256835938,574.0632934570312,0.6181662082672119,0.3618069887161254,0.4653975963592529,0.3650830090045929,0.0,0.0,1.0,0.40441176470588225,0.3723482469245866,747.0,126.0,575.054809570313,1.24197818056288,-143.203556170913,61.0,60.0,769.344827586207,140.655172413793,16179.2286,17145.20025,965.971650000001,0.825631385857581,,,,,,,,,,
1002,16404.0675,,,,,,Frage 1,,,,,,1.0,783.0,147.0,710.0,106.0,0.8385738321209794,0.833359223508994,16421.521999999997,575.9498291015625,573.9519653320312,0.6178804039955139,0.361680656671524,0.4651215970516204,0.3650627434253692,0.0,0.0,1.0,0.404128959276018,0.11178671655753036,746.5,126.5,574.950897216797,2.81751129702075,94.5970697714688,61.0,60.0,769.344827586207,140.655172413793,16179.2286,17145.20025,965.971650000001,0.825631385857581,,,,,,,,,,
1003,16420.7205,,,,,,Frage 1,,,,,,1.0,786.0,154.0,703.0,94.0,0.8376976420251724,0.8324619950076599,16438.175999999978,576.0567016601562,574.0401000976562,0.6175039410591125,0.3616003990173339,0.4647531509399414,0.3651014268398284,0.0,0.0,1.0,0.402997737556561,0.10944808231992514,744.5,124.0,575.048400878906,7.20642899137015,263.55117362336,61.0,60.0,769.344827586207,140.655172413793,16179.2286,17145.20025,965.971650000001,0.825631385857581,,,,,,,,,,
1004,16437.3759,,,,,,Frage 1,,,,,,1.0,776.0,148.0,701.0,103.0,0.8383391829215323,0.8090155664143663,16454.831000000006,576.2868041992188,574.2528686523438,0.6171270608901978,0.3615281283855438,0.4644027054309845,0.3651283681392669,0.0,0.0,1.0,0.39960407239818996,0.11085126286248825,738.5,125.5,575.269836425781,10.9119496907774,222.48163955278,61.0,60.0,769.344827586207,140.655172413793,16179.2286,17145.20025,965.971650000001,0.825631385857581,,,,,,,,,,
1005,16454.0301,,,,,,Frage 1,,,,,,1.0,761.0,144.0,707.0,116.0,0.8420208431520966,0.8334958165047192,16471.486000000034,576.4863891601562,574.434326171875,0.6167165040969848,0.361430674791336,0.4640237689018249,0.3651096820831298,0.0,0.0,1.0,0.24790489302624943,0.11506080449017769,734.0,130.0,575.460357666016,5.5038778360618,-324.727207233933,61.0,60.0,769.344827586207,140.655172413793,16179.2286,17145.20025,965.971650000001,0.825631385857581,,,,,,,,,,
1006,16470.6849,,,,,,Frage 1,,,,,,1.0,775.0,141.0,714.0,113.0,0.8385488694401871,0.8333297622746216,16488.140000000014,576.18896484375,574.1288452148438,0.6165904402732849,0.3614331781864166,0.4638809263706207,0.3651576936244964,0.0,0.0,1.0,0.402997737556561,0.11225444340505142,744.5,127.0,575.158905029297,19.267380454401,826.398552869984,61.0,60.0,769.344827586207,140.655172413793,16179.2286,17145.20025,965.971650000001,0.825631385857581,,,,,,,,,,
1007,16487.3483,,,,,,Frage 1,,,,,,1.0,795.0,153.0,713.0,92.0,0.8430521370551027,0.8326066228854869,16504.795000000042,575.95654296875,573.8837890625,0.6163575053215026,0.3615521788597106,0.463630586862564,0.3653162121772766,0.0,0.0,1.0,0.40837104072398184,0.10804490177736198,754.0,122.5,574.920166015625,21.2586516146231,119.49969155286,61.0,60.0,769.344827586207,140.655172413793,16179.2286,17145.20025,965.971650000001,0.825631385857581,,,,,,,,,,
1008,16503.9942,,,,,,Frage 1,,,,,,1.0,809.0,169.0,721.0,110.0,0.8429323161873001,0.8340609365458578,16521.45000000007,576.5316772460938,574.4365234375,0.6158239245414733,0.3616050481796264,0.4631093740463256,0.3654078543186187,0.0,0.0,1.0,0.2516940383563596,0.12394761459307763,765.0,139.5,575.484100341797,23.6508286603063,143.709685008515,61.0,60.0,769.344827586207,140.655172413793,16179.2286,17145.20025,965.971650000001,0.825631385857581,,,,,,,,,,
1009,16520.6493,,,,,,Frage 1,,,,,,1.0,798.0,161.0,730.0,134.0,0.839709634097025,0.8373659513836068,16538.10400000005,577.1104125976562,574.9946899414064,0.6153249144554138,0.3616649508476257,0.4626171588897705,0.3654883503913879,0.0,0.0,1.0,0.4140271493212669,0.1314312441534144,764.0,147.5,576.052551269531,9.34874428040421,-858.72101517866,61.0,60.0,769.344827586207,140.655172413793,16179.2286,17145.20025,965.971650000001,0.825631385857581,,,,,,,,,,
1010,16537.3039,,,,,,Frage 1,,,,,,1.0,796.0,151.0,722.0,145.0,0.8408029995157241,0.8389943541561767,16554.75899999996,577.04443359375,574.9218139648438,0.6152077913284301,0.3617293834686279,0.4624650180339813,0.3655629158020019,0.0,0.0,1.0,0.41119909502262436,0.13189897100093542,759.0,148.0,575.983123779297,3.28965293682931,-363.808878242385,61.0,60.0,769.344827586207,140.655172413793,16179.2286,17145.20025,965.971650000001,0.825631385857581,,,,,,,,,,
1011,16553.959,,,,,,Frage 1,,,,,,1.0,804.0,155.0,717.0,142.0,0.840835451000754,0.8379766024233205,16571.41399999999,577.1311645507812,574.9953002929688,0.6149413585662841,0.3617115318775177,0.4621663391590118,0.3655646443367004,0.0,0.0,1.0,0.4120475113122171,0.13236669784845645,760.5,148.5,576.063232421875,4.36845392451673,64.7730117313869,61.0,60.0,769.344827586207,140.655172413793,16179.2286,17145.20025,965.971650000001,0.825631385857581,,,,,,,,,,
1012,16570.6134,,,,,,Frage 1,,,,,,1.0,795.0,161.0,730.0,142.0,0.8413097419358062,0.8113941096413799,16588.06799999997,577.029296875,574.8845825195312,0.6147813200950621,0.3616364896297454,0.461993783712387,0.3655392229557037,0.0,0.0,1.0,0.41317873303167413,0.13517305893358275,762.5,151.5,575.956939697266,0.449881585728093,-235.287511936111,61.0,60.0,769.344827586207,140.655172413793,16179.2286,17145.20025,965.971650000001,0.825631385857581,,,,,,,,,,
1013,16587.2673,,,,,,Frage 1,,,,,,1.0,797.0,154.0,725.0,143.0,0.84209856264884,0.838576540286899,16604.722999999998,577.0537109375,574.8974609375,0.614556312561035,0.3615272045135498,0.461756944656372,0.3654775619506835,0.0,0.0,1.0,0.2547288492851489,0.13236669784845645,761.0,148.5,575.9755859375,4.59920668701964,249.150355249597,61.0,60.0,769.344827586207,140.655172413793,16179.2286,17145.20025,965.971650000001,0.825631385857581,,,,,,,,,,
1014,16603.9234,,,,,,Frage 1,,,,,,1.0,798.0,147.0,724.0,146.0,0.8467510047277157,0.8388604394544851,16621.378000000026,577.0452270507812,574.880126953125,0.6143831610679626,0.3614312410354614,0.461572378873825,0.3654174506664276,0.0,0.0,1.0,0.25391555929040294,0.13049579045837228,761.0,146.5,575.962677001953,7.00815390306176,144.628527448929,61.0,60.0,769.344827586207,140.655172413793,16179.2286,17145.20025,965.971650000001,0.825631385857581,,,,,,,,,,
1015,16620.5768,,,,,,Frage 1,,,,,,1.0,799.0,158.0,736.0,148.0,0.8429972191573598,0.8406415049869835,16638.032000000007,577.0906372070312,574.9144287109375,0.61417156457901,0.3612494170665741,0.4613509476184845,0.3652977347373962,0.0,0.0,1.0,0.2562831193821337,0.1365762394761459,767.5,153.0,576.002532958984,8.91472511690273,114.485403211419,61.0,60.0,769.344827586207,140.655172413793,16179.2286,17145.20025,965.971650000001,0.825631385857581,,,,,,,,,,
1016,16637.2396,,,,,,Frage 1,,,,,,1.0,803.0,158.0,736.0,125.0,0.8439932301209692,0.8404700941688182,16654.687000000034,577.1389770507812,574.953125,0.6139968037605285,0.3611195385456085,0.4611616730690002,0.3652416467666626,0.0,0.0,1.0,0.41713800904977366,0.1258185219831618,769.5,141.5,576.046051025391,13.6009156523704,281.236679037568,61.0,60.0,769.344827586207,140.655172413793,16179.2286,17145.20025,965.971650000001,0.825631385857581,,,,,,,,,,
1017,16653.8882,,,,,,Frage 1,,,,,,1.0,808.0,152.0,733.0,124.0,0.8445399128303189,0.8385336875823577,16671.342000000062,577.3377075195312,575.1416625976562,0.6137948036193847,0.3608851134777069,0.4609457552433013,0.3650510907173156,0.0,0.0,1.0,0.41770361990950217,0.12254443405051446,770.5,138.0,576.239685058594,3.35051882008763,-615.691219218585,61.0,60.0,769.344827586207,140.655172413793,16179.2286,17145.20025,965.971650000001,0.825631385857581,,,,,,,,,,
1018,16670.5414,,,,,,Frage 1,,,,,,1.0,813.0,151.0,729.0,139.0,0.8444625285198629,0.8393184277342703,16687.996999999974,577.2244873046875,575.0243530273438,0.6137471795082092,0.3607349097728729,0.4608669579029083,0.3649282455444335,0.0,0.0,1.0,0.4179864253393664,0.12909260991580912,771.0,145.0,576.124420166016,7.0467199492585,221.951404485116,61.0,60.0,769.344827586207,140.655172413793,16179.2286,17145.20025,965.971650000001,0.825631385857581,,,,,,,,,,
1019,16687.1979,,,,,,Frage 1,,,,,,1.0,803.0,141.0,723.0,130.0,0.8515517205988017,0.8416110474272308,16704.65100000007,577.28759765625,575.081787109375,0.6136343479156494,0.3606657981872558,0.4607400894165039,0.3648714423179626,0.0,0.0,1.0,0.4134615384615384,0.12020579981290924,763.0,135.5,576.184692382813,11.3485894445401,258.269714242567,61.0,60.0,769.344827586207,140.655172413793,16179.2286,17145.20025,965.971650000001,0.825631385857581,,,,,,,,,,
1020,16703.8505,,,,,,Frage 1,,,,,,1.0,799.0,144.0,728.0,125.0,0.8455409163300867,0.841592299368994,16721.305999999982,576.9742431640625,574.768798828125,0.6136913299560546,0.3605484068393707,0.4607770144939422,0.3647755980491638,0.0,0.0,1.0,0.41374434389140263,0.11927034611786713,763.5,134.5,575.871520996094,5.03989557137156,-378.841374510169,61.0,60.0,769.344827586207,140.655172413793,16179.2286,17145.20025,965.971650000001,0.825631385857581,,,,,,,,,,
1021,16720.5061,,,,,,Frage 1,,,,,,1.0,789.0,146.0,726.0,127.0,0.8494277046339747,0.839471090494199,16737.96100000001,576.7678833007812,574.560546875,0.613676607608795,0.3604368865489959,0.4607478380203247,0.3646697402000427,0.0,0.0,1.0,0.4103506787330316,0.1211412535079513,757.5,136.5,575.664215087891,9.49981119357497,267.772738430551,61.0,60.0,769.344827586207,140.655172413793,16179.2286,17145.20025,965.971650000001,0.825631385857581,,,,,,,,,,
1022,16737.1612,,,,,,Frage 1,,,,,,1.0,786.0,150.0,722.0,128.0,0.8450441589823217,0.8389381099814662,16754.61499999999,576.4417724609375,574.2352905273438,0.6137385964393615,0.3603994846343994,0.4607841968536377,0.3646376729011535,0.0,0.0,1.0,0.40837104072398184,0.12347988774555657,754.0,139.0,575.338531494141,10.6393034396521,68.4170161738554,61.0,60.0,769.344827586207,140.655172413793,16179.2286,17145.20025,965.971650000001,0.825631385857581,,,,,,,,,,
1023,16753.8141,,,,,,Frage 1,,,,,,1.0,797.0,157.0,730.0,137.0,0.8445648755111111,0.8395434044331123,16771.27000000002,576.0984497070312,573.8914184570312,0.6137635111808776,0.3603313565254211,0.4607841074466705,0.3645540177822113,0.0,0.0,1.0,0.25400809397364843,0.13096351730589334,763.5,147.0,574.994934082031,27.591653620879,1017.98186389313,61.0,60.0,769.344827586207,140.655172413793,16179.2286,17145.20025,965.971650000001,0.825631385857581,,,,,,,,,,
1024,16770.47,,,,,,Frage 1,,,,,,1.0,819.0,152.0,746.0,150.0,0.8443651740647734,0.839596970313789,16787.925000000047,576.1919555664064,573.9785766601562,0.613617718219757,0.3603162169456481,0.4606198072433471,0.3645128309726715,0.0,0.0,1.0,0.4244909502262443,0.13470533208606172,782.5,151.0,575.085266113281,26.3555966464395,-74.2113590042821,61.0,60.0,769.344827586207,140.655172413793,16179.2286,17145.20025,965.971650000001,0.825631385857581,,,,,,,,,,
1025,16787.1236,,,,,,Frage 1,,,,,,1.0,828.0,152.0,755.0,160.0,0.8451689723862826,0.8385872534630345,16804.579000000027,576.7135620117188,574.4972534179688,0.6135230660438536,0.3602699041366577,0.4605152904987335,0.3644530773162841,0.0,0.0,1.0,0.4295814479638008,0.3805038517799505,791.5,156.0,575.605407714844,8.12906772214826,-1094.44978408834,61.0,60.0,769.344827586207,140.655172413793,16179.2286,17145.20025,965.971650000001,0.825631385857581,,,,,,,,,,
1026,16803.7799,,,,,,Frage 1,,,,,,1.0,822.0,147.0,761.0,156.0,0.8461949385668427,0.8386113581093387,16821.234000000055,576.785400390625,574.5723266601562,0.6136004924774169,0.3602764308452606,0.4605742692947387,0.3644587695598602,0.0,0.0,1.0,0.4295814479638008,0.13517305893358275,791.5,151.5,575.678863525391,9.77896206552436,99.0552729823466,61.0,60.0,769.344827586207,140.655172413793,16179.2286,17145.20025,965.971650000001,0.825631385857581,,,,,,,,,,
1027,16820.4347,,,,,,Frage 1,,,,,,1.0,824.0,141.0,760.0,149.0,0.8455933379597502,0.8399451485381871,16837.888999999966,576.9374389648438,574.7254638671875,0.6136296987533569,0.3602866232395172,0.4605897963047027,0.3644733428955078,0.0,0.0,1.0,0.4298642533936651,0.38059563514718375,792.0,145.0,575.831451416016,9.95978717444328,10.8572368877994,61.0,60.0,769.344827586207,140.655172413793,16179.2286,17145.20025,965.971650000001,0.825631385857581,,,,,,,,,,
1028,16837.0873,,,,,,Frage 1,,,,,,1.0,834.0,144.0,766.0,145.0,0.8461050729159907,0.8411798420877838,16854.543000000063,576.65087890625,574.4464721679688,0.6138441562652587,0.3603261709213256,0.4607689082622528,0.3645113110542297,0.0,0.0,1.0,0.4343891402714931,0.1286248830682881,800.0,144.5,575.548675537109,8.13255195114978,-109.726722751629,61.0,60.0,769.344827586207,140.655172413793,16179.2286,17145.20025,965.971650000001,0.825631385857581,,,,,,,,,,
1029,16853.7427,,,,,,Frage 1,,,,,,1.0,839.0,152.0,763.0,139.0,0.8472283935516404,0.814736010089199,16871.197999999975,576.4686889648438,574.2702026367188,0.6140238642692565,0.3604251444339752,0.4609076082706451,0.3646076619625091,0.0,0.0,1.0,0.4349547511312216,0.12956033676333018,801.0,145.5,575.369445800781,5.79457766271932,-140.373349690221,61.0,60.0,769.344827586207,140.655172413793,16179.2286,17145.20025,965.971650000001,0.825631385857581,,,,,,,,,,
1030,16870.3977,,,,,,Frage 1,,,,,,1.0,840.0,158.0,759.0,144.0,0.8473282442748092,0.8387104549885904,16887.853000000003,576.0498046875,573.8602905273438,0.6142691373825073,0.3604721128940582,0.4611274302005767,0.3646546006202697,0.0,0.0,1.0,0.43410633484162886,0.13470533208606172,799.5,151.0,574.955047607422,3.30262886264344,-149.621663168749,61.0,60.0,769.344827586207,140.655172413793,16179.2286,17145.20025,965.971650000001,0.825631385857581,,,,,,,,,,
1031,16887.0528,,,,,,Frage 1,,,,,,1.0,837.0,145.0,758.0,148.0,0.8500254734929857,0.8401379857086231,16904.506999999983,575.8471069335938,573.668212890625,0.6145114302635192,0.3605786561965942,0.4613623023033142,0.3647302985191345,0.0,0.0,1.0,0.43297511312217185,0.13049579045837228,797.5,146.5,574.757659912109,5.35806385314056,123.411747182372,61.0,60.0,769.344827586207,140.655172413793,16179.2286,17145.20025,965.971650000001,0.825631385857581,,,,,,,,,,
1032,16903.7065,,,,,,Frage 1,,,,,,1.0,838.0,142.0,762.0,148.0,0.8457281364360283,0.8398487299529692,16921.16200000001,575.4879150390625,573.3209838867188,0.614791750907898,0.3606161177158355,0.4616289138793945,0.3647167086601257,0.0,0.0,1.0,0.4343891402714931,0.12909260991580912,800.0,145.0,574.404449462891,3.37199694819805,-119.256796083912,61.0,60.0,769.344827586207,140.655172413793,16179.2286,17145.20025,965.971650000001,0.825631385857581,,,,,,,,,,
1033,16920.3625,,,,,,Frage 1,,,,,,1.0,841.0,150.0,757.0,150.0,0.8463322333111999,0.8387774123394363,16937.81700000004,575.2273559570312,573.0730590820312,0.6150810122489929,0.3605477213859558,0.4619035124778747,0.3646009862422943,0.0,0.0,1.0,0.4338235294117646,0.13376987839101961,799.0,150.0,574.150207519531,5.79035567311493,145.194447941704,61.0,60.0,769.344827586207,140.655172413793,16179.2286,17145.20025,965.971650000001,0.825631385857581,,,,,,,,,,
1034,16937.0168,,,,,,Frage 1,,,,,,1.0,840.0,156.0,761.0,147.0,0.8454835021642646,0.8396344664302626,16954.472000000067,574.91943359375,572.7766723632812,0.6153499484062194,0.3604757189750671,0.4621637463569641,0.3644927144050598,0.0,0.0,1.0,0.43467194570135737,0.13517305893358275,800.5,151.5,573.848052978516,2.80552174388572,-179.223019234003,61.0,60.0,769.344827586207,140.655172413793,16179.2286,17145.20025,965.971650000001,0.825631385857581,,,,,,,,,,
1035,16953.6706,,,,,,Frage 1,,,,,,1.0,835.0,162.0,765.0,144.0,0.8450666253950345,0.8380703427145046,16971.126000000047,574.455810546875,572.32568359375,0.6156500577926635,0.3603860437870025,0.462457925081253,0.3643592894077301,0.0,0.0,1.0,0.4343891402714931,0.1365762394761459,800.0,153.0,573.390747070313,5.42117731584453,157.060585089217,61.0,60.0,769.344827586207,140.655172413793,16179.2286,17145.20025,965.971650000001,0.825631385857581,,,,,,,,,,
1036,16964.3476,,,,,,Frage 1,1.0,2.71386194229126,29.4207893537808,1.73896491527557,211.546875,,,,,,0.6585048574425887,0.6495113533451946,,,,,,,,,,,0.37959439571535225,0.3642823432120883,,,,,,,,,,,,,,,,,,,,,,,
1037,16970.3264,,,,,,Frage 1,,,,,,1.0,833.0,160.0,761.0,133.0,0.8450741141992721,0.8381024822429106,16987.781000000075,574.4396362304688,572.3133544921875,0.6157165169715881,0.3603444695472717,0.462527722120285,0.3642823994159698,0.0,0.0,1.0,0.4326923076923076,0.13049579045837228,797.0,146.5,573.376495361328,8.34941034584177,175.808609012906,61.0,60.0,769.344827586207,140.655172413793,16179.2286,17145.20025,965.971650000001,0.825631385857581,,,,,,,,,,
1038,16986.9805,,,,,,Frage 1,,,,,,1.0,842.0,150.0,770.0,142.0,0.845061632858876,0.8397469547796835,17004.435999999987,574.2274169921875,572.1082153320312,0.6158913373947144,0.3602760136127471,0.4626829326152801,0.3641748130321502,0.0,0.0,1.0,0.4377828054298642,0.3831611854070143,806.0,146.0,573.167816162109,9.37922282278627,61.8353724875262,61.0,60.0,769.344827586207,140.655172413793,16179.2286,17145.20025,965.971650000001,0.825631385857581,,,,,,,,,,
1039,17003.6348,,,,,,Frage 1,,,,,,1.0,841.0,147.0,773.0,141.0,0.8449468045272319,0.8383006760014142,17021.089999999967,574.5346069335938,572.4139404296875,0.6158005595207214,0.3602893948554992,0.4626185894012451,0.3641581833362579,0.0,0.0,1.0,0.252961644915312,0.12815715622076704,807.0,144.0,573.474273681641,4.73172379823355,-279.057001768503,61.0,60.0,769.344827586207,140.655172413793,16179.2286,17145.20025,965.971650000001,0.825631385857581,,,,,,,,,,
1040,17020.2889,,,,,,Frage 1,,,,,,1.0,847.0,165.0,772.0,135.0,0.8464645355193986,0.8370981219802236,17037.744999999995,574.734619140625,572.6155395507812,0.6157957315444946,0.360320508480072,0.4626334309577941,0.3641701340675354,0.0,0.0,1.0,0.4397624434389139,0.13376987839101961,809.5,150.0,573.675079345703,8.66907573006093,236.419376119241,61.0,60.0,769.344827586207,140.655172413793,16179.2286,17145.20025,965.971650000001,0.825631385857581,,,,,,,,,,
1041,17036.9458,,,,,,Frage 1,,,,,,1.0,845.0,169.0,762.0,137.0,0.846501979540587,0.8389702495098722,17054.400000000023,575.040283203125,572.9207763671875,0.6157445907592773,0.36036017537117,0.462601214647293,0.3641934692859649,0.0,0.0,1.0,0.4363687782805429,0.1365762394761459,803.5,153.0,573.980529785156,15.1117010026188,386.784171878153,61.0,60.0,769.344827586207,140.655172413793,16179.2286,17145.20025,965.971650000001,0.825631385857581,,,,,,,,,,
1042,17053.6003,,,,,,Frage 1,,,,,,1.0,834.0,155.0,757.0,126.0,0.8434190884627483,0.8383622767641924,17071.054000000004,575.2692260742188,573.1499633789064,0.6157058477401733,0.3604781329631805,0.4625841677188873,0.3642949759960174,0.0,0.0,1.0,0.43184389140271484,0.12488306828811968,795.5,140.5,574.209594726563,19.4174913911228,258.536154703222,61.0,60.0,769.344827586207,140.655172413793,16179.2286,17145.20025,965.971650000001,0.825631385857581,,,,,,,,,,
1043,17070.2532,,,,,,Frage 1,,,,,,1.0,832.0,152.0,750.0,118.0,0.8437485958492055,0.8380087419517265,17087.70900000003,575.4277954101562,573.3093872070312,0.6157020926475524,0.3605633676052093,0.4625874757766723,0.3643608391284942,0.0,0.0,1.0,0.42929864253393657,0.11973807296538819,791.0,135.0,574.368591308594,7.56245652074338,-711.890113456442,61.0,60.0,769.344827586207,140.655172413793,16179.2286,17145.20025,965.971650000001,0.825631385857581,,,,,,,,,,
1044,17086.9092,,,,,,Frage 1,,,,,,1.0,833.0,152.0,745.0,118.0,0.6412153260483445,0.6199129260963474,17104.36400000006,575.647216796875,573.5299072265625,0.6156978011131286,0.3606166839599609,0.4625850617885589,0.3643914461135864,0.0,0.0,1.0,0.42816742081447956,0.11973807296538819,789.0,135.0,574.588562011719,2.50591057010771,-303.587052751919,61.0,60.0,769.344827586207,140.655172413793,16179.2286,17145.20025,965.971650000001,0.825631385857581,,,,,,,,,,
1045,17103.5629,,,,,,Frage 1,,,,,,1.0,836.0,155.0,750.0,119.0,0.8465494086340921,0.8400469237114728,17121.01800000004,575.4268188476562,573.3172607421875,0.6158816814422607,0.3605430424213409,0.4627649188041687,0.3643036484718322,0.0,0.0,1.0,0.4304298642533936,0.1216089803554724,793.0,137.0,574.372039794922,7.28715860844919,287.098244734849,61.0,60.0,769.344827586207,140.655172413793,16179.2286,17145.20025,965.971650000001,0.825631385857581,,,,,,,,,,
1046,17120.2185,,,,,,Frage 1,,,,,,1.0,836.0,158.0,746.0,128.0,0.845982755780109,0.840395101935871,17137.673000000068,575.41455078125,573.3121948242188,0.6160398721694946,0.3607449531555175,0.4629178941249847,0.3644912838935852,0.0,0.0,1.0,0.42929864253393657,0.12722170252572498,791.0,143.0,574.363372802734,15.6462855038213,501.880862615156,61.0,60.0,769.344827586207,140.655172413793,16179.2286,17145.20025,965.971650000001,0.825631385857581,,,,,,,,,,
1047,17136.8736,,,,,,Frage 1,,,,,,1.0,845.0,155.0,758.0,150.0,0.8458005282103256,0.8393746719089809,17154.32799999998,575.9375610351562,573.834228515625,0.6159406304359436,0.3609646260738372,0.4628465771675109,0.3646767735481262,0.0,0.0,1.0,0.43523755656108587,0.13610851262862483,801.5,152.5,574.885894775391,29.6140191094097,838.646036684767,61.0,60.0,769.344827586207,140.655172413793,16179.2286,17145.20025,965.971650000001,0.825631385857581,,,,,,,,,,
1048,17153.5269,,,,,,Frage 1,,,,,,1.0,861.0,155.0,786.0,140.0,0.8476627441974249,0.838879187512722,17170.98199999996,575.9813842773438,573.878662109375,0.6159238815307617,0.3609235286712646,0.4628559052944183,0.364617496728897,0.0,0.0,1.0,0.44768099547511303,0.1314312441534144,823.5,147.5,574.930023193359,32.9334782221653,199.327407346007,,,,,,,,,72.0,72.0,17145.20025,17161.85475,16.6544999999969,,32.9334782221653,199.327407346007,,
1049,17170.1826,,,,,,Frage 1,,,,,,1.0,872.0,157.0,803.0,139.0,0.8487086805226187,0.8391282688578684,17187.636999999988,575.9235229492188,573.822509765625,0.615948736667633,0.3608563840389251,0.4628860652446746,0.3645249009132385,0.0,0.0,1.0,0.45559954751131215,0.13189897100093542,837.5,148.0,574.873016357422,18.7284566948087,-852.862475150079,62.0,61.0,842.291666666667,146.958333333333,17161.85475,17361.7117,199.856950000001,0.192525202103251,,,,,,,,,,
1050,17186.8362,,,,,,Frage 1,,,,,,1.0,881.0,167.0,806.0,139.0,0.8501764861532012,0.8415521249584865,17204.292000000016,576.0916137695312,573.9926147460938,0.6159645318984985,0.3608192503452301,0.4629147052764892,0.3644702732563018,0.0,0.0,1.0,0.2562174030005676,0.1365762394761459,843.5,153.0,575.042114257813,11.357734847346,-442.590301644216,62.0,61.0,842.291666666667,146.958333333333,17161.85475,17361.7117,199.856950000001,0.192525202103251,,,,,,,,,,
1051,17203.4927,,,,,,Frage 1,,,,,,1.0,885.0,162.0,815.0,133.0,0.8495424340610788,0.8430466130293648,17220.947000000044,576.7197875976562,574.6151733398438,0.6157640814781189,0.3608094155788421,0.4627485275268554,0.3644503355026245,0.0,0.0,1.0,0.46266968325791846,0.1314312441534144,850.0,147.5,575.66748046875,4.96132942594089,-384.018576616101,62.0,61.0,842.291666666667,146.958333333333,17161.85475,17361.7117,199.856950000001,0.192525202103251,,,,,,,,,,
1052,17220.1459,,,,,,Frage 1,,,,,,1.0,870.0,146.0,815.0,149.0,0.8465444160979336,0.8444527173971268,17237.601000000024,576.6680297851562,574.5584716796875,0.6156324744224548,0.3607395589351654,0.4626287221908569,0.3643474876880645,0.0,0.0,1.0,0.4584276018099547,0.1314312441534144,842.5,147.5,575.613250732422,10.041977435818,305.0853895874,62.0,61.0,842.291666666667,146.958333333333,17161.85475,17361.7117,199.856950000001,0.192525202103251,,,,,,,,,,
1053,17236.8012,,,,,,Frage 1,,,,,,1.0,864.0,146.0,816.0,139.0,0.8473606957598393,0.8439197368843941,17254.256000000052,576.5380859375,574.4251708984375,0.6155503988265991,0.36068856716156,0.4625619351863861,0.3642891645431518,0.0,0.0,1.0,0.25160792987487723,0.12675397567820393,840.0,142.5,575.481628417969,9.60250534126907,-26.3863211439518,62.0,61.0,842.291666666667,146.958333333333,17161.85475,17361.7117,199.856950000001,0.192525202103251,,,,,,,,,,
1054,17253.4555,,,,,,Frage 1,,,,,,1.0,863.0,147.0,810.0,130.0,0.8475229531849886,0.841241442850562,17270.910999999964,576.6038818359375,574.4869384765625,0.615446925163269,0.3606007397174835,0.4624688029289245,0.3641981482505798,0.0,0.0,1.0,0.45503393665158365,0.12301216089803552,836.5,138.5,575.54541015625,5.65229107604821,-237.188850040005,62.0,61.0,842.291666666667,146.958333333333,17161.85475,17361.7117,199.856950000001,0.192525202103251,,,,,,,,,,
1055,17270.1093,,,,,,Frage 1,,,,,,1.0,871.0,152.0,805.0,145.0,0.8480421769454666,0.8419645822396966,17287.56500000006,576.577392578125,574.45849609375,0.6154018640518188,0.360461950302124,0.4624263048171997,0.3640524744987487,0.0,0.0,1.0,0.4558823529411764,0.13236669784845645,838.0,148.5,575.517944335938,17.1333215300907,689.394039440994,62.0,61.0,842.291666666667,146.958333333333,17161.85475,17361.7117,199.856950000001,0.192525202103251,,,,,,,,,,
1056,17286.7659,,,,,,Frage 1,,,,,,1.0,879.0,170.0,814.0,140.0,0.8519688066340823,0.8439250934724618,17304.219999999972,576.5991821289064,574.4779052734375,0.6153329610824585,0.3602977991104126,0.4623732268810272,0.3638870418071746,0.0,0.0,1.0,0.4606900452488687,0.13844714686623008,846.5,155.0,575.538543701172,10.5992595695601,-392.280655147581,62.0,61.0,842.291666666667,146.958333333333,17161.85475,17361.7117,199.856950000001,0.192525202103251,,,,,,,,,,
1057,17303.4195,,,,,,Frage 1,,,,,,1.0,871.0,157.0,823.0,125.0,0.8522833364120641,0.8431216052623122,17320.875,576.59033203125,574.4676513671875,0.6152861714363098,0.3602565824985504,0.4623469710350036,0.3638424575328826,0.0,0.0,1.0,0.46097285067873295,0.12535079513564074,847.0,141.0,575.528991699219,10.444833255756,-9.27284874166067,62.0,61.0,842.291666666667,146.958333333333,17161.85475,17361.7117,199.856950000001,0.192525202103251,,,,,,,,,,
1058,17320.0742,,,,,,Frage 1,,,,,,1.0,875.0,157.0,813.0,130.0,0.8522883289482226,0.8396478579004318,17337.52899999998,576.5468139648438,574.4214477539064,0.6152243018150328,0.3601292073726654,0.4622927010059356,0.3637205064296722,0.0,0.0,1.0,0.45927601809954743,0.12768942937324604,844.0,143.5,575.484130859375,11.8161352390617,82.3372371346131,62.0,61.0,842.291666666667,146.958333333333,17161.85475,17361.7117,199.856950000001,0.192525202103251,,,,,,,,,,
1059,17336.7286,,,,,,Frage 1,,,,,,1.0,877.0,163.0,799.0,138.0,0.8527825900279083,0.840984326623314,17354.18400000001,576.6604614257812,574.5299682617188,0.6151092648506165,0.3600426912307739,0.4621823728084564,0.363649845123291,0.0,0.0,1.0,0.4558823529411764,0.13423760523854067,838.0,150.5,575.59521484375,3.99716168585232,-469.48395338227,62.0,61.0,842.291666666667,146.958333333333,17161.85475,17361.7117,199.856950000001,0.192525202103251,,,,,,,,,,
1060,17353.3843,,,,,,Frage 1,,,,,,1.0,883.0,161.0,805.0,135.0,0.8540931307694997,0.8190114193160477,17370.839000000036,576.7173461914064,574.5824584960938,0.6150129437446594,0.3600035011768341,0.4620826244354248,0.3636188805103302,0.0,0.0,1.0,0.45927601809954743,0.13189897100093542,844.0,148.0,575.64990234375,5.48543005624348,89.3548977461705,62.0,61.0,842.291666666667,146.958333333333,17161.85475,17361.7117,199.856950000001,0.192525202103251,,,,,,,,,,
1061,17370.0391,,,,,,Frage 1,,,,,,1.0,878.0,161.0,809.0,135.0,0.8562748690707392,0.8441125740548301,17387.493000000017,577.14013671875,574.99560546875,0.6147674322128295,0.3599829673767089,0.4618496894836425,0.3636200726032257,0.0,0.0,1.0,0.4589932126696832,0.3900341232874746,843.5,148.0,576.06787109375,63.9896952182701,3512.75699270035,,,,,,,,,73.0,73.0,17361.7117,17428.3295,66.6178,10.967340760579,274.840191456536,12661.1080162775,-11852.4522104328,2.58787850740531
1062,17386.6925,,,,,,Frage 1,,,,,,1.0,950.0,150.0,879.0,147.0,0.8584391334954246,0.8471176199607898,17404.148000000045,574.245849609375,572.0751342773438,0.6144165992736816,0.3599879741668701,0.4614405333995819,0.3636164963245391,0.0,0.0,1.0,0.49915158371040713,0.4030457062510624,914.5,148.5,573.160491943359,274.840191456536,12661.1080162775,,,,,,,,,73.0,73.0,17361.7117,17428.3295,66.6178,10.967340760579,274.840191456536,12661.1080162775,-11852.4522104328,2.58787850740531
1063,17403.3482,,,,,,Frage 1,,,,,,1.0,1165.0,151.0,1124.0,170.0,0.8602838756059692,0.8494048830656825,17420.803000000073,573.4760131835938,571.2479248046875,0.6131337285041809,0.3599569797515869,0.4601904451847076,0.3635535240173339,0.0,0.0,1.0,0.6292420814479637,0.14359214218896163,1144.5,160.5,572.361968994141,258.54792591419,-978.179574700935,,,,,,,,,73.0,73.0,17361.7117,17428.3295,66.6178,10.967340760579,274.840191456536,12661.1080162775,-11852.4522104328,2.58787850740531
1064,17420.0016,,,,,,Frage 1,,,,,,1.0,1223.0,162.0,1172.0,166.0,0.8588535139965752,0.8485344375046872,17437.457000000053,577.8088989257812,575.5402221679688,0.611814260482788,0.3599196970462799,0.4590453207492828,0.3635340631008148,0.0,0.0,1.0,0.6592194570135745,0.14686623012160893,1197.5,164.0,576.674560546875,61.1642982729772,-11852.4522104328,,,,,,,,,73.0,73.0,17361.7117,17428.3295,66.6178,10.967340760579,274.840191456536,12661.1080162775,-11852.4522104328,2.58787850740531
1065,17436.6574,,,,,,Frage 1,,,,,,1.0,1240.0,145.0,1184.0,153.0,0.862535509413427,0.853706223284017,17454.111999999965,577.4564208984375,575.2189331054688,0.6125591397285461,0.3600609898567199,0.4597495198249816,0.3636616170406341,0.0,0.0,1.0,0.6674208144796379,0.1328344246959775,1212.0,149.0,576.337677001953,27.9202774964416,-1995.94260116804,63.0,62.0,1215.7619047619,151.619047619048,17428.3295,17778.07905,349.749550000001,0.448444848811876,,,,,,,,,,
1066,17453.3131,,,,,,Frage 1,,,,,,1.0,1247.0,130.0,1185.0,146.0,0.8682696587246562,0.8560283042113498,17470.766999999993,577.20263671875,574.9691772460938,0.6126900911331176,0.360122799873352,0.4598316550254821,0.3636920154094696,0.0,0.0,1.0,0.6696832579185519,0.12254443405051446,1216.0,138.0,576.085906982422,13.7576750535128,-850.315654276276,63.0,62.0,1215.7619047619,151.619047619048,17428.3295,17778.07905,349.749550000001,0.448444848811876,,,,,,,,,,
1067,17469.9666,,,,,,Frage 1,,,,,,1.0,1236.0,126.0,1185.0,141.0,0.866175068272932,0.8572442497027093,17487.42200000002,576.9928588867188,574.76220703125,0.6127853393554688,0.3601974546909332,0.4599035382270813,0.3637665510177612,0.0,0.0,1.0,0.6665723981900451,0.45729088660312484,1210.5,133.5,575.877532958984,11.7996441307332,-117.574739410909,63.0,62.0,1215.7619047619,151.619047619048,17428.3295,17778.07905,349.749550000001,0.448444848811876,,,,,,,,,,
1068,17486.6215,,,,,,Frage 1,,,,,,1.0,1223.0,125.0,1184.0,143.0,0.866005322043545,0.8571424745294239,17504.076,576.7632446289064,574.5354614257812,0.6128783822059631,0.3602553606033325,0.4599761962890625,0.363816499710083,0.0,0.0,1.0,0.6626131221719456,0.11880261927034608,1203.5,134.0,575.649353027344,2.37651897157713,-565.786955139645,63.0,62.0,1215.7619047619,151.619047619048,17428.3295,17778.07905,349.749550000001,0.448444848811876,,,,,,,,,,
1069,17503.2756,,,,,,Frage 1,,,,,,1.0,1225.0,127.0,1191.0,142.0,0.8700599734525444,0.8578334743901525,17520.73100000003,576.5891723632812,574.3631591796875,0.6129442453384399,0.3602317571640014,0.4600271582603454,0.3638035655021667,0.0,0.0,1.0,0.6651583710407238,0.11927034611786713,1208.0,134.5,575.476165771484,7.0362571447261,279.795256011976,63.0,62.0,1215.7619047619,151.619047619048,17428.3295,17778.07905,349.749550000001,0.448444848811876,,,,,,,,,,
1070,17519.9314,,,,,,Frage 1,,,,,,1.0,1232.0,128.0,1187.0,150.0,0.8674556537975726,0.8600350320859625,17537.386000000057,576.0894775390625,573.8638305664064,0.6130142211914062,0.3601435422897338,0.4600749909877777,0.3637385070323944,0.0,0.0,1.0,0.6660067873303166,0.12347988774555657,1209.5,139.0,574.976654052734,10.6027918206207,214.131694418433,63.0,62.0,1215.7619047619,151.619047619048,17428.3295,17778.07905,349.749550000001,0.448444848811876,,,,,,,,,,
1071,17536.5854,,,,,,Frage 1,,,,,,1.0,1231.0,138.0,1183.0,155.0,0.8679374335368624,0.8125865605883481,17554.040000000037,575.8938598632812,573.6646118164064,0.6129688620567321,0.360050082206726,0.4600172638893127,0.3636666238307952,0.0,0.0,1.0,0.6645927601809953,0.13049579045837228,1207.0,146.5,574.779235839844,12.2764151870143,100.493777254335,63.0,62.0,1215.7619047619,151.619047619048,17428.3295,17778.07905,349.749550000001,0.448444848811876,,,,,,,,,,
1072,17553.2397,,,,,,Frage 1,,,,,,1.0,1248.0,133.0,1193.0,161.0,0.8722734511904703,0.8656835542033146,17570.695000000065,575.8145751953125,573.5836791992188,0.6129499077796936,0.3599206209182739,0.4599834084510803,0.3635424673557281,0.0,0.0,1.0,0.6722285067873301,0.13096351730589334,1220.5,147.0,574.699127197266,14.3759488741898,126.065561877458,63.0,62.0,1215.7619047619,151.619047619048,17428.3295,17778.07905,349.749550000001,0.448444848811876,,,,,,,,,,
1073,17569.8959,,,,,,Frage 1,,,,,,1.0,1257.0,128.0,1189.0,161.0,0.8736638725105966,0.8662459959504193,17587.349999999977,575.8465576171875,573.6124267578125,0.6128912568092346,0.3597660064697265,0.459903210401535,0.3633736073970794,0.0,0.0,1.0,0.6736425339366514,0.1286248830682881,1223.0,144.5,574.7294921875,7.24332164562175,-428.226559993729,63.0,62.0,1215.7619047619,151.619047619048,17428.3295,17778.07905,349.749550000001,0.448444848811876,,,,,,,,,,
1074,17586.5487,,,,,,Frage 1,,,,,,1.0,1243.0,139.0,1182.0,158.0,0.8730522868311874,0.8660772634262879,17604.004000000074,576.0048828125,573.768798828125,0.6128320097923278,0.3596105277538299,0.4598256945610046,0.3631832599639892,0.0,0.0,1.0,0.6677036199095021,0.13236669784845645,1212.5,148.5,574.886840820313,17.8735742016216,638.346257446194,63.0,62.0,1215.7619047619,151.619047619048,17428.3295,17778.07905,349.749550000001,0.448444848811876,,,,,,,,,,
1075,17603.2044,,,,,,Frage 1,,,,,,1.0,1235.0,150.0,1187.0,172.0,0.8735490441789525,0.8681502630084741,17620.658999999985,575.6638793945312,573.4338989257812,0.6129871606826782,0.3595000207424163,0.4599766731262207,0.3630532920360565,0.0,0.0,1.0,0.6668552036199094,0.14405986903648263,1211.0,161.0,574.548889160156,8.05241060935086,-589.657810375496,63.0,62.0,1215.7619047619,151.619047619048,17428.3295,17778.07905,349.749550000001,0.448444848811876,,,,,,,,,,
1076,17619.8597,,,,,,Frage 1,,,,,,1.0,1227.0,150.0,1189.0,163.0,0.8728825406018004,0.8674164104432041,17637.314000000013,575.6091918945312,573.3831787109375,0.613074779510498,0.3594203889369964,0.4600676894187927,0.3629709780216217,0.0,0.0,1.0,0.6651583710407238,0.13985032740879325,1208.0,156.5,574.496185302734,5.14352394920399,-174.652312485905,63.0,62.0,1215.7619047619,151.619047619048,17428.3295,17778.07905,349.749550000001,0.448444848811876,,,,,,,,,,
1077,17636.5129,,,,,,Frage 1,,,,,,1.0,1227.0,155.0,1188.0,158.0,0.8739459508035488,0.857419629342036,17653.967999999993,575.2830810546875,573.064453125,0.6132689118385314,0.359381228685379,0.4602570235729217,0.3629336357116699,0.0,0.0,1.0,0.2556739178356542,0.13985032740879325,1207.5,156.5,574.173767089844,6.60075309540778,87.5044523697389,63.0,62.0,1215.7619047619,151.619047619048,17428.3295,17778.07905,349.749550000001,0.448444848811876,,,,,,,,,,
1078,17653.1679,,,,,,Frage 1,,,,,,1.0,1236.0,148.0,1194.0,160.0,0.8735740068597447,0.8675985344375049,17670.62300000002,575.186279296875,572.9755859375,0.6134390830993652,0.359427809715271,0.4604298770427703,0.3629550635814666,0.0,0.0,1.0,0.6691176470588234,0.4581168616873307,1215.0,154.0,574.080932617188,3.12276320348241,-208.825571415528,63.0,62.0,1215.7619047619,151.619047619048,17428.3295,17778.07905,349.749550000001,0.448444848811876,,,,,,,,,,
1079,17669.8231,,,,,,Frage 1,,,,,,1.0,1230.0,148.0,1186.0,158.0,0.8733892830218822,0.8677592320795346,17687.27800000005,575.509521484375,573.299072265625,0.613402783870697,0.3594308197498321,0.4604051411151886,0.3629374504089355,0.0,0.0,1.0,0.6651583710407238,0.1365762394761459,1208.0,153.0,574.404296875,9.741512589016,397.39837321276,63.0,62.0,1215.7619047619,151.619047619048,17428.3295,17778.07905,349.749550000001,0.448444848811876,,,,,,,,,,
1080,17686.4777,,,,,,Frage 1,,,,,,1.0,1243.0,154.0,1180.0,175.0,0.8760602898666493,0.8715061654328659,17703.93200000003,575.560302734375,573.3516235351562,0.6134358048439025,0.359412670135498,0.4604332149028778,0.3629069328308105,0.0,0.0,1.0,0.6671380090497736,0.14733395696913,1211.5,164.5,574.455963134766,25.7161011156683,959.169750498614,63.0,62.0,1215.7619047619,151.619047619048,17428.3295,17778.07905,349.749550000001,0.448444848811876,,,,,,,,,,
1081,17703.1323,,,,,,Frage 1,,,,,,1.0,1271.0,148.0,1192.0,190.0,0.8779274983899071,0.8729604790932368,17720.587000000058,576.3507080078125,574.1328735351562,0.6131472587585449,0.3595282137393951,0.4601542055606842,0.3629713058471679,0.0,0.0,1.0,0.6784502262443438,0.46114129272193377,1231.5,169.0,575.241790771484,23.1911047150061,-151.609549353452,63.0,62.0,1215.7619047619,151.619047619048,17428.3295,17778.07905,349.749550000001,0.448444848811876,,,,,,,,,,
1082,17719.7862,,,,,,Frage 1,,,,,,1.0,1266.0,157.0,1208.0,180.0,0.8801017478869091,0.8708767663349152,17737.24199999997,576.728271484375,574.5035400390625,0.612951636314392,0.3596106767654418,0.459955096244812,0.3630139529705047,0.0,0.0,1.0,0.25876806190179735,0.15107577174929834,1237.0,168.5,575.615905761719,4.86754959168992,-1100.25610357447,63.0,62.0,1215.7619047619,151.619047619048,17428.3295,17778.07905,349.749550000001,0.448444848811876,,,,,,,,,,
1083,17736.4427,,,,,,Frage 1,,,,,,1.0,1259.0,154.0,1204.0,173.0,0.8816968631895317,0.8724274985805042,17753.896999999997,576.6768188476562,574.4523315429688,0.6129681468009948,0.3596577048301696,0.4599484205245971,0.3630322813987731,0.0,0.0,1.0,0.6784502262443438,0.14639850327408788,1231.5,163.5,575.564575195313,12.5487814567089,461.155216583226,63.0,62.0,1215.7619047619,151.619047619048,17428.3295,17778.07905,349.749550000001,0.448444848811876,,,,,,,,,,
1084,17753.0951,,,,,,Frage 1,,,,,,1.0,1252.0,138.0,1196.0,189.0,0.8786688900094359,0.8748754593274267,17770.550999999978,576.7178955078125,574.4911499023438,0.6129024624824523,0.359734684228897,0.4598730206489563,0.3630756139755249,0.0,0.0,1.0,0.6742081447963799,0.14639850327408788,1224.0,163.5,575.604522705078,8.06598813603899,-269.198032756246,63.0,62.0,1215.7619047619,151.619047619048,17428.3295,17778.07905,349.749550000001,0.448444848811876,,,,,,,,,,
1085,17769.7516,,,,,,Frage 1,,,,,,1.0,1245.0,138.0,1202.0,181.0,0.8795575614456388,0.8765922458031132,17787.206000000006,576.6641235351562,574.4365234375,0.6128793358802795,0.3598112761974334,0.4598541855812072,0.36314457654953,0.0,0.0,1.0,0.6739253393665157,0.14265668849391952,1223.5,159.5,575.550323486328,7.41400608269117,-39.1428003090557,63.0,62.0,1215.7619047619,151.619047619048,17428.3295,17778.07905,349.749550000001,0.448444848811876,,,,,,,,,,
1086,17786.4065,,,,,,Frage 1,,,,,,1.0,1240.0,146.0,1201.0,166.0,0.8825855346257345,0.8763378078698992,17803.861000000034,577.2595825195312,575.0328979492188,0.6128467321395874,0.3597623705863952,0.4598432481288909,0.3630968928337097,0.0,0.0,1.0,0.25296853795910956,0.1393826005612722,1220.5,156.0,576.146240234375,135.637097405425,7698.82084688132,,,,,,,,,74.0,74.0,17778.07905,17811.38705,33.3079999999973,4.53593523410046,246.708346269242,7698.82084688132,,212.005383208084
1087,17803.0599,,,,,,Frage 1,,,,,,1.0,1114.0,67.0,1079.0,90.0,0.8871362313341554,0.8841450349785202,17820.515000000014,574.37890625,572.2115478515625,0.6143918633460999,0.3593000471591949,0.4613744914531707,0.3626615107059478,0.0,0.0,1.0,0.6020927601809953,0.06688493919550981,1096.5,78.5,573.295227050781,246.708346269242,6669.58392063011,,,,,,,,,74.0,74.0,17778.07905,17811.38705,33.3079999999973,4.53593523410046,246.708346269242,7698.82084688132,,212.005383208084
1088,17819.7142,,,,,,Frage 1,,,,,,1.0,997.0,-1.0,984.0,7.0,0.8845675714806364,0.8856984455181427,17837.170000000042,572.3084106445312,570.1829223632812,0.6154276132583618,0.3587062358856201,0.4624806642532348,0.3620746135711669,0.0,0.0,1.0,0.5421380090497736,0.0,990.5,7.0,571.245666503906,,,,,,,,,,,,,,,,,,,,
1089,17836.3702,,,,,,Frage 1,,,,,,1.0,942.0,-1.0,892.0,-1.0,0.8791931063060725,0.8483965424775229,17853.82500000007,574.7147216796875,572.5626220703125,0.6145100593566895,0.3586061894893646,0.4617140591144561,0.3619100451469421,0.0,0.0,1.0,0.5005656108597284,0.4035046686870888,917.0,,573.638671875,,,,,,,,,,,,,,,,,,,,
1090,17853.0241,,,,,,Frage 1,,,,,,1.0,950.0,-1.0,885.0,-1.0,0.878389307984563,0.8774198386595674,17870.47900000005,574.9406127929688,572.7811889648438,0.6143062114715576,0.3587125837802887,0.461554080247879,0.3620424270629882,0.0,0.0,1.0,0.5008484162895926,0.4035992865210089,917.5,,573.860900878906,,,,,,,,,,,,,,,,,,,,
1091,17869.6787,,,,,,Frage 1,,,,,,1.0,953.0,-1.0,883.0,-1.0,0.8814297625050551,0.8802936481578694,17887.13399999996,574.8934936523438,572.7313842773438,0.6142598390579223,0.3585012853145599,0.4615191221237182,0.3618679344654083,0.0,0.0,1.0,0.5011312217194569,0.4036913142491994,918.0,,573.812438964844,,,,,,,,,,,,,,,,,,,,
1092,17886.3341,,,,,,Frage 1,,,,,,1.0,962.0,-1.0,887.0,-1.0,0.8843204409407937,0.8810328573112071,17903.78899999999,575.0731201171875,572.9069213867188,0.6141659021377563,0.3583131730556488,0.4614198803901672,0.3616929054260253,0.0,0.0,1.0,0.5048076923076922,0.4048826530909052,924.5,,573.990020751953,,,,,,,,,,,,,,,,,,,,
1093,17902.987,,,,,,Frage 1,,,,,,1.0,971.0,-1.0,890.0,-1.0,0.8867443172457177,0.8549106615889145,17920.44299999997,575.2345581054688,573.0652465820312,0.6141027808189392,0.3582997322082519,0.4613453447818756,0.3616952896118164,0.0,0.0,1.0,0.5082013574660633,0.4059795566161934,930.5,,574.14990234375,,,,,,,,,,,,,,,,,,,,
1094,17919.6433,,,,,,Frage 1,,,,,,1.0,969.0,-1.0,884.0,-1.0,0.6585048574425887,0.6495113533451946,17937.097999999998,575.42333984375,573.2503662109375,0.6140292882919312,0.3581701815128326,0.4612526595592498,0.3615744709968566,0.0,0.0,1.0,0.37959439571535225,0.3642823432120883,926.5,,574.336853027344,,,,,,,,,,,,,,,,,,,,
1095,17936.2982,,,,,,Frage 1,,,,,,1.0,968.0,-1.0,875.0,-1.0,0.8874482648440581,0.8876053908702313,17953.753000000026,575.4379272460938,573.2643432617188,0.6140357851982116,0.3581206500530242,0.4612244069576263,0.3615133762359619,0.0,0.0,1.0,0.5031108597285067,0.404333670995609,921.5,,574.351135253906,,,,,,,,,,,,,,,,,,,,
1096,17952.9517,,,,,,Frage 1,,,,,,1.0,973.0,-1.0,876.0,-1.0,0.8908456856998787,0.8887249177763733,17970.407000000007,575.6342163085938,573.4588012695312,0.6140112876892089,0.3580616116523742,0.4611650109291076,0.3614528179168701,0.0,0.0,1.0,0.5048076923076922,0.4048836690537067,924.5,,574.546508789063,,,,,,,,,,,,,,,,,,,,
1097,17969.6078,,,,,,Frage 1,,,,,,1.0,955.0,-1.0,893.0,-1.0,0.892223625679609,0.891057711879841,17987.062000000034,575.285400390625,573.116455078125,0.6141984462738037,0.3578813970088958,0.4613572657108306,0.3613175153732299,0.0,0.0,1.0,0.5045248868778279,0.4047923290632539,924.0,,574.200927734375,,,,,,,,,,,,,,,,,,,,
1098,17975.3104,,,,,,Frage 1,1.0,4.17515420913696,29.4208135638194,2.31834125518799,211.546875,,,,,,0.6585048574425887,0.6495113533451946,,,,,,,,,,,0.37959439571535225,0.3642823432120883,,,,,,,,,,,,,,,,,,,,,,,
1099,17986.2617,,,,,,Frage 1,,,,,,1.0,930.0,-1.0,890.0,-1.0,0.8939735096031434,0.8902676151398606,18003.717000000062,575.0610961914064,572.8966674804688,0.6142967939376831,0.3577117919921875,0.4614750444889068,0.3611423969268798,0.0,0.0,1.0,0.49660633484162886,0.40222671651686653,910.0,,573.978881835938,,,,,,,,,,,,,,,,,,,,
1100,18002.9169,,,,,,Frage 1,,,,,,1.0,923.0,-1.0,872.0,-1.0,0.8934418045022691,0.8902140492591838,18020.37199999997,575.0547485351562,572.8904418945312,0.6143084168434143,0.357694000005722,0.4614723920822143,0.3611160218715667,0.0,0.0,1.0,0.48953619909502255,0.39993598928541996,897.5,,573.972595214844,,,,,,,,,,,,,,,,,,,,
1101,18019.5714,,,,,,Frage 1,,,,,,1.0,921.0,-1.0,867.0,-1.0,0.8909318885437671,0.891044320409672,18037.02600000007,575.0255126953125,572.8629150390625,0.6143633723258972,0.357606291770935,0.4615059494972229,0.3610234558582305,0.0,0.0,1.0,0.4875565610859728,0.3992945951577039,894.0,,573.944213867188,,,,,,,,,,,,,,,,,,,,
1102,18036.2255,,,,,,Frage 1,,,,,,1.0,930.0,-1.0,860.0,-1.0,0.8915022042047139,0.8898739059168871,18053.680999999982,574.811767578125,572.6534423828125,0.6145049333572387,0.3574692606925964,0.4616024792194366,0.3608728051185607,0.0,0.0,1.0,0.4881221719457013,0.39947774876568903,895.0,,573.732604980469,,,,,,,,,,,,,,,,,,,,
1103,18052.8814,,,,,,Frage 1,,,,,,1.0,933.0,-1.0,857.0,-1.0,0.8913025027583763,0.8877928714525996,18070.33600000001,574.7808227539064,572.6267700195312,0.6146281957626342,0.3573959469795227,0.4616809487342834,0.3607774972915649,0.0,0.0,1.0,0.4881221719457013,0.3994775258599018,895.0,,573.703796386719,,,,,,,,,,,,,,,,,,,,
1104,18069.5348,,,,,,Frage 1,,,,,,1.0,920.0,-1.0,865.0,-1.0,0.8900843239357161,0.8844691085566138,18086.98999999999,574.7249145507812,572.5747680664064,0.6147390007972717,0.3573580682277679,0.4617691934108734,0.3607383966445922,0.0,0.0,1.0,0.48670814479638,0.3990189991973313,892.5,,573.649841308594,,,,,,,,,,,,,,,,,,,,
1105,18086.1904,,,,,,Frage 1,,,,,,1.0,922.0,-1.0,889.0,-1.0,0.889103290580582,0.8843914380296326,18103.64500000001,574.2012329101562,572.0527954101562,0.6148476600646972,0.357180118560791,0.4618352353572845,0.3605600893497467,0.0,0.0,1.0,0.3446834437277829,0.3530033564192915,905.5,,573.127014160156,,,,,,,,,,,,,,,,,,,,
1106,18102.8451,,,,,,Frage 1,,,,,,1.0,939.0,-1.0,918.0,-1.0,0.893868666343816,0.8911782351113634,18120.300000000047,577.3853149414064,575.1859130859375,0.6133648157119751,0.3562656641006469,0.4604948163032531,0.3596139252185821,0.0,0.0,1.0,0.5070701357466063,0.4056170496264983,928.5,,576.285614013672,,,,,,,,,,,,,,,,,,,,
1107,18119.4982,,,,,,Frage 1,,,,,,1.0,-1.0,-1.0,-1.0,-1.0,0.0,0.0,18136.954000000027,-1.0,-1.0,-1.0,-1.0,-1.0,-1.0,4.0,4.0,1.0,0.4759322966953752,0.3954061960765668,,,,,,,,,,,,,,,,,,,,,,,
1108,18136.1548,,,,,,Frage 1,,,,,,1.0,-1.0,-1.0,-1.0,-1.0,0.0,0.0,18153.60900000005,-1.0,-1.0,-1.0,-1.0,-1.0,-1.0,4.0,4.0,1.0,0.4759322966953752,0.3954061960765668,,,,,,,,,,,,,,,,,,,,,,,
1109,18152.8086,,,,,,Frage 1,,,,,,1.0,-1.0,-1.0,-1.0,-1.0,0.0,0.0,18170.263999999966,-1.0,-1.0,-1.0,-1.0,-1.0,-1.0,4.0,4.0,1.0,0.4759322966953752,0.3954061960765668,,,,,,,,,,,,,,,,,,,,,,,
1110,18169.4629,,,,,,Frage 1,,,,,,1.0,-1.0,-1.0,-1.0,-1.0,0.0,0.0,18186.918000000063,-1.0,-1.0,-1.0,-1.0,-1.0,-1.0,4.0,4.0,1.0,0.4759322966953752,0.3954061960765668,,,,,,,,,,,,,,,,,,,,,,,
1111,18186.1181,,,,,,Frage 1,,,,,,1.0,-1.0,-1.0,-1.0,-1.0,0.0,0.0,18203.57299999997,-1.0,-1.0,-1.0,-1.0,-1.0,-1.0,4.0,4.0,1.0,0.4759322966953752,0.3954061960765668,,,,,,,,,,,,,,,,,,,,,,,
1112,18202.7724,,,,,,Frage 1,,,,,,1.0,-1.0,-1.0,-1.0,-1.0,0.0,0.0,18220.228000000003,-1.0,-1.0,-1.0,-1.0,-1.0,-1.0,4.0,4.0,1.0,0.4759322966953752,0.3954061960765668,,,,,,,,,,,,,,,,,,,,,,,
1113,18219.4277,,,,,,Frage 1,,,,,,1.0,-1.0,-1.0,-1.0,-1.0,0.0,0.0,18236.881999999983,-1.0,-1.0,-1.0,-1.0,-1.0,-1.0,4.0,4.0,1.0,0.4759322966953752,0.3954061960765668,,,,,,,,,,,,,,,,,,,,,,,
1114,18236.0812,,,,,,Frage 1,,,,,,1.0,-1.0,-1.0,-1.0,-1.0,0.03388974098219233,0.0,18253.537000000008,-1.0,-1.0,-1.0,-1.0,-1.0,-1.0,4.0,4.0,1.0,0.4762576401214801,0.3955127310509079,,,,,,,,,,,,,,,,,,,,,,,
1115,18252.7371,,,,,,Frage 1,,,,,,1.0,-1.0,-1.0,-1.0,-1.0,0.0,0.0,18270.19200000004,-1.0,-1.0,-1.0,-1.0,-1.0,-1.0,4.0,4.0,1.0,0.4759322966953752,0.3954061960765668,,,,,,,,,,,,,,,,,,,,,,,
1116,18269.3926,,,,,,Frage 1,,,,,,1.0,-1.0,-1.0,-1.0,-1.0,0.0,0.0,18286.847000000067,-1.0,-1.0,-1.0,-1.0,-1.0,-1.0,4.0,4.0,1.0,0.4759322966953752,0.3954061960765668,,,,,,,,,,,,,,,,,,,,,,,
1117,18286.0451,,,,,,Frage 1,,,,,,1.0,-1.0,-1.0,-1.0,-1.0,0.0,0.0,18303.501000000047,-1.0,-1.0,-1.0,-1.0,-1.0,-1.0,4.0,4.0,1.0,0.4759322966953752,0.3954061960765668,,,,,,,,,,,,,,,,,,,,,,,
1118,18302.7019,,,,,,Frage 1,,,,,,1.0,-1.0,-1.0,-1.0,-1.0,0.0,0.0,18320.156000000075,-1.0,-1.0,-1.0,-1.0,-1.0,-1.0,4.0,4.0,1.0,0.4759322966953752,0.3954061960765668,,,,,,,,,,,,,,,,,,,,,,,
1119,18319.3549,,,,,,Frage 1,,,,,,1.0,-1.0,-1.0,-1.0,-1.0,0.0,0.0,18336.810999999987,-1.0,-1.0,-1.0,-1.0,-1.0,-1.0,4.0,4.0,1.0,0.4759322966953752,0.3954061960765668,,,,,,,,,,,,,,,,,,,,,,,
1120,18336.0093,,,,,,Frage 1,,,,,,1.0,-1.0,-1.0,-1.0,-1.0,0.0,0.0,18353.464999999967,-1.0,-1.0,-1.0,-1.0,-1.0,-1.0,4.0,4.0,1.0,0.4759322966953752,0.3954061960765668,,,,,,,,,,,,,,,,,,,,,,,
1121,18352.6655,,,,,,Frage 1,,,,,,1.0,-1.0,-1.0,-1.0,-1.0,0.0,0.0,18370.119999999995,-1.0,-1.0,-1.0,-1.0,-1.0,-1.0,4.0,4.0,1.0,0.4759322966953752,0.3954061960765668,,,,,,,,,,,,,,,,,,,,,,,
1122,18369.3195,,,,,,Frage 1,,,,,,1.0,-1.0,-1.0,-1.0,-1.0,0.0,0.0,18386.775000000023,-1.0,-1.0,-1.0,-1.0,-1.0,-1.0,4.0,4.0,1.0,0.4759322966953752,0.3954061960765668,,,,,,,,,,,,,,,,,,,,,,,
1123,18385.9744,,,,,,Frage 1,,,,,,1.0,-1.0,-1.0,-1.0,-1.0,0.0,0.0,18403.429000000004,-1.0,-1.0,-1.0,-1.0,-1.0,-1.0,4.0,4.0,1.0,0.4759322966953752,0.3954061960765668,,,,,,,,,,,,,,,,,,,,,,,
1124,18402.628,,,,,,Frage 1,,,,,,1.0,-1.0,-1.0,-1.0,-1.0,0.0,0.0,18420.08400000003,-1.0,-1.0,-1.0,-1.0,-1.0,-1.0,4.0,4.0,1.0,0.4759322966953752,0.3954061960765668,,,,,,,,,,,,,,,,,,,,,,,
1125,18419.2843,,,,,,Frage 1,,,,,,1.0,-1.0,-1.0,-1.0,-1.0,0.0,0.0,18436.73900000006,-1.0,-1.0,-1.0,-1.0,-1.0,-1.0,4.0,4.0,1.0,0.4759322966953752,0.3954061960765668,,,,,,,,,,,,,,,,,,,,,,,
1126,18435.9382,,,,,,Frage 1,,,,,,1.0,-1.0,-1.0,-1.0,-1.0,0.0,0.0,18453.39300000004,-1.0,-1.0,-1.0,-1.0,-1.0,-1.0,4.0,4.0,1.0,0.4759322966953752,0.3954061960765668,,,,,,,,,,,,,,,,,,,,,,,
1127,18452.5923,,,,,,Frage 1,,,,,,1.0,-1.0,-1.0,-1.0,-1.0,0.0,0.0,18470.048000000068,-1.0,-1.0,-1.0,-1.0,-1.0,-1.0,4.0,4.0,1.0,0.4759322966953752,0.3954061960765668,,,,,,,,,,,,,,,,,,,,,,,
1128,18469.2483,,,,,,Frage 1,,,,,,1.0,-1.0,-1.0,-1.0,-1.0,0.0,0.0,18486.70299999998,-1.0,-1.0,-1.0,-1.0,-1.0,-1.0,4.0,4.0,1.0,0.4759322966953752,0.3954061960765668,,,,,,,,,,,,,,,,,,,,,,,
1129,18485.9011,,,,,,Frage 1,,,,,,1.0,-1.0,-1.0,-1.0,-1.0,0.0,0.018097082863962055,18503.35699999996,-1.0,-1.0,-1.0,-1.0,-1.0,-1.0,4.0,4.0,1.0,0.47307184518740275,0.394481298666511,,,,,,,,,,,,,,,,,,,,,,,
1130,18502.5575,,,,,,Frage 1,,,,,,1.0,-1.0,-1.0,-1.0,-1.0,0.0,0.0,18520.011999999988,-1.0,-1.0,-1.0,-1.0,-1.0,-1.0,4.0,4.0,1.0,0.4759322966953752,0.3954061960765668,,,,,,,,,,,,,,,,,,,,,,,
1131,18519.2121,,,,,,Frage 1,,,,,,1.0,-1.0,-1.0,-1.0,-1.0,0.0,0.0,18536.667000000016,-1.0,-1.0,-1.0,-1.0,-1.0,-1.0,4.0,4.0,1.0,0.4759322966953752,0.3954061960765668,,,,,,,,,,,,,,,,,,,,,,,
1132,18535.8667,,,,,,Frage 1,,,,,,1.0,-1.0,-1.0,-1.0,-1.0,0.0,0.0,18553.322000000044,-1.0,-1.0,-1.0,-1.0,-1.0,-1.0,4.0,4.0,1.0,0.4759322966953752,0.3954061960765668,,,,,,,,,,,,,,,,,,,,,,,
1133,18552.5216,,,,,,Frage 1,,,,,,1.0,-1.0,-1.0,-1.0,-1.0,0.0,0.0,18569.976000000024,-1.0,-1.0,-1.0,-1.0,-1.0,-1.0,4.0,4.0,1.0,0.4759322966953752,0.3954061960765668,,,,,,,,,,,,,,,,,,,,,,,
1134,18569.1755,,,,,,Frage 1,,,,,,1.0,-1.0,-1.0,-1.0,-1.0,0.0,0.0,18586.63100000005,-1.0,-1.0,-1.0,-1.0,-1.0,-1.0,4.0,4.0,1.0,0.4759322966953752,0.3954061960765668,,,,,,,,,,,,,,,,,,,,,,,
1135,18585.8315,,,,,,Frage 1,,,,,,1.0,-1.0,-1.0,-1.0,-1.0,0.0,0.0,18603.285999999964,-1.0,-1.0,-1.0,-1.0,-1.0,-1.0,4.0,4.0,1.0,0.4759322966953752,0.3954061960765668,,,,,,,,,,,,,,,,,,,,,,,
1136,18602.4856,,,,,,Frage 1,,,,,,1.0,-1.0,-1.0,-1.0,-1.0,0.0,0.0,18619.94000000006,-1.0,-1.0,-1.0,-1.0,-1.0,-1.0,4.0,4.0,1.0,0.4759322966953752,0.3954061960765668,,,,,,,,,,,,,,,,,,,,,,,
1137,18619.1392,,,,,,Frage 1,,,,,,1.0,-1.0,-1.0,-1.0,-1.0,0.0,0.0,18636.59499999997,-1.0,-1.0,-1.0,-1.0,-1.0,-1.0,4.0,4.0,1.0,0.4759322966953752,0.3954061960765668,,,,,,,,,,,,,,,,,,,,,,,
1138,18635.7958,,,,,,Frage 1,,,,,,1.0,-1.0,-1.0,-1.0,-1.0,0.0,0.0,18653.25,-1.0,-1.0,-1.0,-1.0,-1.0,-1.0,4.0,4.0,1.0,0.4759322966953752,0.3954061960765668,,,,,,,,,,,,,,,,,,,,,,,
1139,18652.448,,,,,,Frage 1,,,,,,1.0,-1.0,-1.0,-1.0,-1.0,0.0,0.0,18669.90399999998,-1.0,-1.0,-1.0,-1.0,-1.0,-1.0,4.0,4.0,1.0,0.4759322966953752,0.3954061960765668,,,,,,,,,,,,,,,,,,,,,,,
1140,18669.1049,,,,,,Frage 1,,,,,,1.0,-1.0,-1.0,-1.0,-1.0,0.0,0.0,18686.55900000001,-1.0,-1.0,-1.0,-1.0,-1.0,-1.0,4.0,4.0,1.0,0.4759322966953752,0.3954061960765668,,,,,,,,,,,,,,,,,,,,,,,
1141,18685.76,,,,,,Frage 1,,,,,,1.0,-1.0,-1.0,-1.0,-1.0,0.0,0.018097082863962055,18703.21400000004,-1.0,-1.0,-1.0,-1.0,-1.0,-1.0,4.0,4.0,1.0,0.47307184518740275,0.394481298666511,,,,,,,,,,,,,,,,,,,,,,,
1142,18702.4127,,,,,,Frage 1,,,,,,1.0,-1.0,-1.0,-1.0,-1.0,0.0,0.0,18719.868000000017,-1.0,-1.0,-1.0,-1.0,-1.0,-1.0,4.0,4.0,1.0,0.4759322966953752,0.3954061960765668,,,,,,,,,,,,,,,,,,,,,,,
1143,18719.068,,,,,,Frage 1,,,,,,1.0,-1.0,-1.0,991.0,-1.0,0.0,0.012179083338259677,18736.523000000045,-1.0,573.0374755859375,-1.0,-1.0,0.4679542779922485,0.3469261527061462,4.0,0.0,1.0,0.5424208144796379,0.41694955386708404,991.0,,573.037475585938,,,,,,,,,,,,,,,,,,,,
1144,18735.7227,,,,,,Frage 1,,,,,,1.0,662.0,650.0,898.0,152.0,0.771636403576653,0.9004879851729642,18753.17800000008,577.8157958984375,575.8873901367188,0.6186521649360656,0.3445070087909698,0.4664698541164398,0.3473427891731262,0.0,0.0,1.0,0.42307692307692296,0.36856875584658555,780.0,401.0,576.851593017578,,,,,,,,,,,,,,,,,,,,
1145,18752.3777,,,,,,Frage 1,,,,,,1.0,662.0,650.0,845.0,271.0,0.771636403576653,0.880810558906399,18769.832000000053,577.1068115234375,575.1768798828125,0.6183322668075562,0.3440950810909271,0.4664860069751739,0.3467872440814971,0.0,0.0,1.0,0.4080882352941176,0.4242282507015902,753.5,460.5,576.141845703125,108.606754335352,,,,,,,,,,75.0,75.0,18744.0502,18777.35955,33.3093500000032,5.64991615738493,186.507513634164,4677.37584953353,,286.053135111118
1146,18769.0325,,,,,,Frage 1,,,,,,1.0,-1.0,-1.0,804.0,285.0,0.0,0.8903318941966725,18786.486999999965,-1.0,576.0133056640625,-1.0,-1.0,0.4660202264785766,0.3461059927940368,4.0,0.0,1.0,0.4366515837104072,0.26005612722170246,804.0,285.0,576.013305664063,186.507513634164,4677.37584953353,,,,,,,,,75.0,75.0,18744.0502,18777.35955,33.3093500000032,5.64991615738493,186.507513634164,4677.37584953353,,286.053135111118
1147,18785.6866,,,,,,Frage 1,,,,,,1.0,761.0,213.0,803.0,305.0,0.8769389762305354,0.890803273946627,18803.142,578.2769165039064,576.2953491210938,0.6168094277381897,0.3440007865428924,0.4651109278202056,0.3464013934135437,0.0,0.0,1.0,0.42420814479638,0.23573433115060802,782.0,259.0,577.2861328125,24.7066994094126,-9715.37424566645,,,,,,,,,,,,,,,,,,
1148,18802.3422,,,,,,Frage 1,,,,,,1.0,747.0,261.0,813.0,283.0,0.8692479742784538,0.8942716647204396,18819.79700000002,579.331298828125,577.317626953125,0.6158981919288635,0.3445658385753631,0.4642955660820007,0.3468945026397705,0.0,0.0,1.0,0.42307692307692296,0.24789522918615522,780.0,272.0,578.324462890625,10.0045122302891,-882.717355071274,,,,,,,,,,,,,,,,,,
1149,18818.9958,,,,,,Frage 1,,,,,,1.0,734.0,253.0,811.0,276.0,0.8735190889620018,0.845073291588801,18836.451,579.4894409179688,577.4401245117188,0.6150875091552734,0.3455170392990112,0.4634904265403747,0.3478621244430542,0.0,0.0,1.0,0.4188348416289592,0.24087932647333948,772.5,264.5,578.464782714844,28.309061019963,1099.13464894511,,,,,,,,,,,,,,,,,,
1150,18835.6516,,,,,,Frage 1,,,,,,1.0,740.0,207.0,795.0,279.0,0.8818516318104433,0.8525280181699173,18853.10600000003,580.5234375,578.428466796875,0.6140437126159668,0.3460833132266998,0.4624320566654205,0.3485009968280792,0.0,0.0,1.0,0.41600678733031665,0.22076707202993448,767.5,243.0,579.475952148438,35.6972498638568,443.580545149056,,,,,,,,,76.0,76.0,18827.3237,18843.9787,16.6549999999988,,35.6972498638568,443.580545149056,,
1151,18852.3058,,,,,,Frage 1,,,,,,1.0,751.0,192.0,783.0,258.0,0.8923459428154908,0.9025342018148119,18869.761000000057,580.8526611328125,578.705078125,0.6129950284957885,0.3461345434188842,0.4613088071346283,0.3487290143966674,0.0,0.0,1.0,0.4157239819004524,0.20392890551917675,767.0,225.0,579.778869628906,29.9927446677567,-342.526521604225,,,,,,,,,,,,,,,,,,
1152,18868.9589,,,,,,Frage 1,,,,,,1.0,760.0,166.0,786.0,254.0,0.9007483811701507,0.9074702977191648,18886.41500000004,581.006103515625,578.8134765625,0.6121445894241333,0.3458078503608703,0.4604033529758453,0.3486305177211761,0.0,0.0,1.0,0.2708157178056557,0.18989710009354535,773.0,210.0,579.909790039063,34.6137665538899,277.487187738761,,,,,,,,,77.0,77.0,18860.63235,18893.94255,33.3101999999999,0.699947633712817,34.6137665538899,277.487187738761,-223.17457844839,278.841814560192
1153,18885.6157,,,,,,Frage 1,,,,,,1.0,762.0,130.0,791.0,245.0,0.898339482473702,0.9092460066635956,18903.070000000065,581.7449951171875,579.5006103515625,0.6111063361167907,0.3450350761413574,0.4593365490436554,0.3481158018112182,0.0,0.0,1.0,0.42109728506787325,0.16884939195509818,776.5,187.5,580.622802734375,30.8963922355915,-223.17457844839,,,,,,,,,77.0,77.0,18860.63235,18893.94255,33.3101999999999,0.699947633712817,34.6137665538899,277.487187738761,-223.17457844839,278.841814560192
1154,18902.2694,,,,,,Frage 1,,,,,,1.0,771.0,111.0,812.0,251.0,0.8995901127813919,0.8660050949397621,18919.724999999977,581.6798095703125,579.4003295898438,0.6104723811149597,0.3439089655876159,0.4586639404296875,0.3471903800964355,0.0,0.0,1.0,0.4295814479638008,0.16276894293732458,791.5,181.0,580.540069580078,13.1662761407991,-1064.63525191337,,,,,,,,,,,,,,,,,,
1155,18918.924,,,,,,Frage 1,,,,,,1.0,772.0,123.0,808.0,264.0,0.9049620816878766,0.9150498698349099,18936.37900000008,581.7022705078125,579.37841796875,0.6095840334892272,0.3421851992607116,0.4577354490756988,0.3455770313739776,0.0,0.0,1.0,0.42873303167420806,0.17446211412535076,790.0,193.5,580.540344238281,15.0959367456765,115.863521482212,,,,,,,,,,,,,,,,,,
1156,18935.5801,,,,,,Frage 1,,,,,,1.0,770.0,127.0,793.0,262.0,0.9062975851102602,0.9172246445903817,18953.033999999985,581.9152221679688,579.5527954101562,0.6087763309478759,0.3406898379325866,0.4568933546543121,0.3441338241100311,0.0,0.0,1.0,0.4239253393665157,0.3786814897665684,781.5,194.5,580.734008789063,16.0005539062657,54.3114631029585,,,,,,,,,,,,,,,,,,
1157,18952.2333,,,,,,Frage 1,,,,,,1.0,764.0,136.0,789.0,274.0,0.9188157773151265,0.9201011323827174,18969.689000000013,581.701904296875,579.2955932617188,0.6078556776046752,0.3391880095005035,0.4559249877929687,0.3426287472248077,0.0,0.0,1.0,0.42109728506787325,0.37776592252077934,776.5,205.0,580.498748779297,63.2244188860561,2835.7231631031,,,,,,,,,78.0,78.0,18943.9067,19043.8344,99.9277000000002,4.69614865391383,102.09709573229,2835.7231631031,-1672.79021893751,190.942185409009
1158,18968.8885,,,,,,Frage 1,,,,,,1.0,650.0,43.0,791.0,271.0,0.8707382463217489,0.9234998875116505,18986.343,582.0861206054688,579.63623046875,0.6068736314773558,0.3382522463798522,0.4549258053302764,0.341677188873291,0.0,0.0,1.0,0.38942307692307687,0.14031805425631425,720.5,157.0,580.861175537109,102.09709573229,2333.96637964311,,,,,,,,,78.0,78.0,18943.9067,19043.8344,99.9277000000002,4.69614865391383,102.09709573229,2835.7231631031,-1672.79021893751,190.942185409009
1159,18985.5427,,,,,,Frage 1,,,,,,1.0,578.0,-1.0,790.0,270.0,0.8332542848441581,0.922725860535873,19002.99800000002,581.392822265625,578.8933715820312,0.6058370471000671,0.3377948105335235,0.4538318514823913,0.3411839604377746,0.0,0.0,1.0,0.36877828054298634,0.24602432179607106,684.0,270.0,580.143096923828,74.23811286806,-1672.79021893751,,,,,,,,,78.0,78.0,18943.9067,19043.8344,99.9277000000002,4.69614865391383,102.09709573229,2835.7231631031,-1672.79021893751,190.942185409009
1160,18998.5276,,,,,,Frage 1,1.0,0.168977454304695,29.4205230433568,0.572087407112122,211.5625,,,,,,0.6585048574425887,0.6495113533451946,,,,,,,,,,,0.37959439571535225,0.3642823432120883,,,,,,,,,,,,,,,,,,,,,,,
1161,19002.197,,,,,,Frage 1,,,,,,1.0,537.0,175.0,788.0,257.0,0.8328174379302943,0.9255434258594645,19019.65300000005,581.259521484375,578.7088012695312,0.6047368049621582,0.3378561735153198,0.4526935219764709,0.3412580490112304,0.0,0.0,1.0,0.3566176470588235,0.19550982226379796,662.5,216.0,579.984161376953,55.7994531808692,-1107.14107991285,,,,,,,,,78.0,78.0,18943.9067,19043.8344,99.9277000000002,4.69614865391383,102.09709573229,2835.7231631031,-1672.79021893751,190.942185409009
1162,19018.8525,,,,,,Frage 1,,,,,,1.0,537.0,175.0,783.0,248.0,0.929123451719789,0.9253398755128932,19036.30700000003,580.612548828125,578.0033569335938,0.6035397052764891,0.3382642269134521,0.4514276087284088,0.3417048752307891,0.0,0.0,1.0,0.3552036199095022,0.1913002806361085,660.0,211.5,579.307952880859,46.7982292570629,-540.4355272316,,,,,,,,,78.0,78.0,18943.9067,19043.8344,99.9277000000002,4.69614865391383,102.09709573229,2835.7231631031,-1672.79021893751,190.942185409009
1163,19035.5061,,,,,,Frage 1,,,,,,1.0,467.0,108.0,786.0,244.0,0.8108802340500952,0.9278976463152032,19052.962000000058,580.300537109375,577.6378784179688,0.6024489998817443,0.3386856019496917,0.450282335281372,0.3422092795372009,0.0,0.0,1.0,0.3362556561085972,0.15809167446211408,626.5,176.0,578.969207763672,34.4024058610178,-744.332960804074,,,,,,,,,78.0,78.0,18943.9067,19043.8344,99.9277000000002,4.69614865391383,102.09709573229,2835.7231631031,-1672.79021893751,190.942185409009
1164,19052.1627,,,,,,Frage 1,,,,,,1.0,480.0,112.0,791.0,249.0,0.8210001048432596,0.9270700534587488,19069.61699999997,580.257080078125,577.5308227539064,0.6011669039726257,0.3391978442668914,0.4489329755306243,0.3428699374198913,0.0,0.0,1.0,0.3413461538461538,0.16230121608980352,635.5,180.5,578.893951416016,20.908864889426,-810.101759758297,,,,,,,,,,,,,,,,,,
1165,19068.8162,,,,,,Frage 1,,,,,,1.0,500.0,118.0,799.0,247.0,0.8362672804157785,0.9297162079641751,19086.272,579.8789672851562,577.103271484375,0.6001090407371521,0.3399616777896881,0.4478451311588287,0.3436554372310638,0.0,0.0,1.0,0.34926470588235287,0.3544906296066247,649.5,182.5,578.491119384766,153.805355000455,7980.09368066932,,,,,,,,,79.0,79.0,19060.48945,19093.79905,33.3096000000005,4.92426169516501,153.805355000455,7980.09368066932,-732.803572525145,24.2359315987262
1166,19085.4712,,,,,,Frage 1,,,,,,1.0,-1.0,-1.0,795.0,248.0,0.0,0.9304661302936481,19102.925999999978,-1.0,576.7664184570312,-1.0,-1.0,0.4466426372528076,0.3437886834144592,4.0,0.0,1.0,0.4315610859728506,0.22544434050514495,795.0,248.0,576.766418457031,141.60051150005,-732.803572525145,,,,,,,,,79.0,79.0,19060.48945,19093.79905,33.3096000000005,4.92426169516501,153.805355000455,7980.09368066932,-732.803572525145,24.2359315987262
1167,19102.1269,,,,,,Frage 1,,,,,,1.0,-1.0,-1.0,792.0,253.0,0.0,0.9329435522749429,19119.58100000001,-1.0,576.1957397460938,-1.0,-1.0,0.4458000659942627,0.3432783186435699,4.0,0.0,1.0,0.4298642533936651,0.23012160898035544,792.0,253.0,576.195739746094,11.2613699861817,-7825.49766829814,,,,,,,,,,,,,,,,,,
1168,19118.7801,,,,,,Frage 1,,,,,,1.0,-1.0,-1.0,789.0,237.0,0.0,0.9332756607351382,19136.23600000004,-1.0,575.7725219726562,-1.0,-1.0,0.4447609186172485,0.342555820941925,4.0,0.0,1.0,0.42816742081447956,0.2151543498596819,789.0,237.0,575.772521972656,189.342582089007,10693.5130847416,,,,,,,,,80.0,80.0,19110.4535,19277.00015,166.54665,11.9579840660683,189.342582089007,10693.5130847416,-4254.23109087974,169.46251533369
1169,19135.4354,,,,,,Frage 1,,,,,,1.0,428.0,68.0,789.0,218.0,0.8164568969390762,0.9356325594849106,19152.89000000001,577.9856567382812,575.0335693359375,0.5968740582466125,0.3376074731349945,0.4442793428897857,0.3418744802474975,0.0,0.0,1.0,0.3260746606334841,0.12722170252572498,608.5,143.0,576.509613037109,178.668307049471,-640.893591801809,,,,,,,,,80.0,80.0,19110.4535,19277.00015,166.54665,11.9579840660683,189.342582089007,10693.5130847416,-4254.23109087974,169.46251533369
1170,19152.0892,,,,,,Frage 1,,,,,,1.0,428.0,68.0,786.0,231.0,0.8164568969390762,0.9386188573326333,19169.54500000004,577.8011474609375,574.8033447265625,0.5958683490753173,0.3383154869079589,0.4432587921619415,0.3425998389720916,0.0,0.0,1.0,0.32522624434389136,0.13330215154349856,607.0,149.5,576.30224609375,131.039760362781,-2859.92065995091,,,,,,,,,80.0,80.0,19110.4535,19277.00015,166.54665,11.9579840660683,189.342582089007,10693.5130847416,-4254.23109087974,169.46251533369
1171,19168.7454,,,,,,Frage 1,,,,,,1.0,-1.0,-1.0,596.0,290.0,0.0,0.9461154023333297,19186.20000000007,-1.0,572.52197265625,-1.0,-1.0,0.4441370069980621,0.344157338142395,4.0,0.0,1.0,0.31900452488687775,0.26473339569691295,596.0,290.0,572.52197265625,144.037452169387,780.351569181782,,,,,,,,,80.0,80.0,19110.4535,19277.00015,166.54665,11.9579840660683,189.342582089007,10693.5130847416,-4254.23109087974,169.46251533369
1172,19185.3997,,,,,,Frage 1,,,,,,1.0,395.0,146.0,526.0,292.0,0.899288064343806,0.9504301340218334,19202.85400000005,573.0516967773438,570.0955200195312,0.597699224948883,0.3410215675830841,0.4446840286254882,0.346002846956253,0.0,0.0,1.0,0.2423642533936651,0.1983161833489242,460.5,219.0,571.573608398438,180.084159185378,2164.40841200087,,,,,,,,,80.0,80.0,19110.4535,19277.00015,166.54665,11.9579840660683,189.342582089007,10693.5130847416,-4254.23109087974,169.46251533369
1173,19202.0545,,,,,,Frage 1,,,,,,1.0,395.0,146.0,386.0,375.0,0.899288064343806,0.9402177988708313,19219.50899999996,574.0473022460938,571.0377807617188,0.5963609218597412,0.3427601754665374,0.4433936178684234,0.3476826250553131,0.0,0.0,1.0,0.20277149321266966,0.23713751169317115,390.5,260.5,572.542541503906,180.663881665883,34.8081322204658,,,,,,,,,80.0,80.0,19110.4535,19277.00015,166.54665,11.9579840660683,189.342582089007,10693.5130847416,-4254.23109087974,169.46251533369
1174,19218.7091,,,,,,Frage 1,,,,,,1.0,-1.0,-1.0,377.0,404.0,0.0,0.04354300332749628,19236.16399999999,-1.0,571.2947387695312,-1.0,-1.0,0.4426921308040618,0.3487959504127502,4.0,0.0,1.0,0.1951357466063348,0.3713751169317118,377.0,404.0,571.294738769531,109.81136453971,-4254.23109087974,,,,,,,,,80.0,80.0,19110.4535,19277.00015,166.54665,11.9579840660683,189.342582089007,10693.5130847416,-4254.23109087974,169.46251533369
1175,19235.3618,,,,,,Frage 1,,,,,,1.0,-1.0,-1.0,379.0,384.0,0.0,0.9497873434537136,19252.81799999997,-1.0,570.3584594726562,-1.0,-1.0,0.4428496062755584,0.3492518365383148,4.0,0.0,1.0,0.1962669683257918,0.3526660430308699,379.0,384.0,570.358459472656,143.659688629371,2032.60276649814,,,,,,,,,80.0,80.0,19110.4535,19277.00015,166.54665,11.9579840660683,189.342582089007,10693.5130847416,-4254.23109087974,169.46251533369
1176,19252.0183,,,,,,Frage 1,,,,,,1.0,393.0,104.0,389.0,381.0,0.9058282867113665,0.9505158394309161,19269.473,573.4578857421875,570.4151611328125,0.596291184425354,0.3425930440425872,0.4430152475833892,0.3482041358947753,0.0,0.0,1.0,0.2030542986425339,0.22029934518241343,391.0,242.5,571.9365234375,73.4623500272982,-4214.41110689936,,,,,,,,,80.0,80.0,19110.4535,19277.00015,166.54665,11.9579840660683,189.342582089007,10693.5130847416,-4254.23109087974,169.46251533369
1177,19268.6736,,,,,,Frage 1,,,,,,1.0,435.0,227.0,385.0,388.0,0.9167519558260402,0.9505881533698297,19286.128000000022,572.1337890625,569.099853515625,0.5969104766845703,0.3411883413791656,0.4434075057506561,0.3470599651336669,0.0,0.0,1.0,0.2138009049773755,0.28110383536014966,410.0,307.5,570.616821289063,82.1585657390939,522.12903470946,,,,,,,,,80.0,80.0,19110.4535,19277.00015,166.54665,11.9579840660683,189.342582089007,10693.5130847416,-4254.23109087974,169.46251533369
1178,19285.3267,,,,,,Frage 1,,,,,,1.0,451.0,275.0,388.0,390.0,0.9266221998112824,0.9499292930375067,19302.782000000007,571.5419311523438,568.5139770507812,0.5972675085067749,0.3392086625099182,0.443650484085083,0.3451943099498748,0.0,0.0,1.0,0.21917420814479635,0.304490177736202,419.5,332.5,570.027954101563,17.2841813164811,-3895.6341115228,,,,,,,,,,,,,,,,,,
1179,19301.9819,,,,,,Frage 1,,,,,,1.0,453.0,249.0,396.0,394.0,0.9231124468918966,0.9476714911669862,19319.437000000034,570.9618530273438,567.9425659179688,0.5975697636604309,0.3379386663436889,0.443891167640686,0.3439390063285827,0.0,0.0,1.0,0.3108185898367718,0.294200187090739,424.5,321.5,569.452209472656,26.6444114970571,562.000467156048,,,,,,,,,,,,,,,,,,
1180,19318.6364,,,,,,Frage 1,,,,,,1.0,459.0,224.0,397.0,384.0,0.9220640142986237,0.9478536151612869,19336.092000000062,569.9911499023438,566.984375,0.5979382991790771,0.3373710215091705,0.4442170262336731,0.3433823585510253,0.0,0.0,1.0,0.22398190045248864,0.2778297474275023,428.0,304.0,568.487762451172,8.17240719250615,-1109.12992311689,,,,,,,,,,,,,,,,,,
1181,19335.2924,,,,,,Frage 1,,,,,,1.0,453.0,233.0,399.0,392.0,0.9209856264884,0.9460779062168561,19352.74699999997,570.1965942382812,567.18408203125,0.5977907180786132,0.3374392986297607,0.4440817236900329,0.3434537351131439,0.0,0.0,1.0,0.22285067873303163,0.31353735353466494,426.0,312.5,568.690338134766,33.4862419837525,1519.80276124206,,,,,,,,,81.0,81.0,19326.9644,19343.6197,16.6553000000022,,33.4862419837525,1519.80276124206,,
1182,19351.947,,,,,,Frage 1,,,,,,1.0,459.0,290.0,403.0,393.0,0.9169566498085364,0.9458582861060818,19369.40100000007,569.8233642578125,566.81201171875,0.5978468656539917,0.3382037878036499,0.4441251456737518,0.3442479074001312,0.0,0.0,1.0,0.22567873303167416,0.3129092609915809,431.0,341.5,568.317687988281,28.2478259155047,-314.532685759328,,,,,,,,,,,,,,,,,,
1183,19368.6,,,,,,Frage 1,,,,,,1.0,460.0,299.0,400.0,389.0,0.9181473696823249,0.9083395954485826,19386.055999999982,569.5224609375,566.508544921875,0.597849130630493,0.3387874662876129,0.4440998136997222,0.3448945879936218,0.0,0.0,1.0,0.22511312217194565,0.3152478952291861,430.0,344.0,568.015502929688,4.84945815344444,-1405.05421017609,,,,,,,,,,,,,,,,,,
1184,19385.2566,,,,,,Frage 1,,,,,,1.0,460.0,299.0,398.0,394.0,0.9442748973804652,0.9468840727210396,19402.71100000001,569.7800903320312,566.7630004882812,0.5978383421897888,0.3388761579990387,0.4440696537494659,0.345081627368927,0.0,0.0,1.0,0.22454751131221715,0.31758652946679133,429.0,346.5,568.271545410156,31.4815069342489,1598.88865559605,,,,,,,,,82.0,82.0,19376.9283,19443.5468,66.6185000000005,4.11441204479438,92.8444831585389,2835.61062815427,-355.340467439974,166.546764693545
1185,19401.9093,,,,,,Frage 1,,,,,,1.0,433.0,340.0,389.0,407.0,0.9132122476897039,0.9470635184213063,19419.36499999999,567.8886108398438,564.9038696289064,0.598695158958435,0.3387085199356079,0.4448823928833007,0.3449365496635437,0.0,0.0,1.0,0.214366515837104,0.3428437792329279,411.0,373.5,566.396240234375,45.6134182917505,848.625829895612,,,,,,,,,82.0,82.0,19376.9283,19443.5468,66.6185000000005,4.11441204479438,92.8444831585389,2835.61062815427,-355.340467439974,166.546764693545
1186,19418.5657,,,,,,Frage 1,,,,,,1.0,433.0,340.0,357.0,429.0,0.9132122476897039,0.9475831074638698,19436.02000000001,569.6188354492188,566.6609497070312,0.5992164611816406,0.3375281393527984,0.4454575181007385,0.343769371509552,0.0,0.0,1.0,0.20531674208144793,0.35313376987839096,395.0,384.5,568.139892578125,92.8444831585389,2835.61062815427,,,,,,,,,82.0,82.0,19376.9283,19443.5468,66.6185000000005,4.11441204479438,92.8444831585389,2835.61062815427,-355.340467439974,166.546764693545
1187,19435.2202,,,,,,Frage 1,,,,,,1.0,333.0,332.0,270.0,422.0,0.9102666513562226,0.9477197004595952,19452.675000000047,571.0509033203125,568.1168212890625,0.5996133089065551,0.3363263607025146,0.4459377229213714,0.3425134718418121,0.0,0.0,1.0,0.15243212669683254,0.34611786716557524,301.5,377.0,569.583862304688,86.9264653435596,-355.340467439974,,,,,,,,,82.0,82.0,19376.9283,19443.5468,66.6185000000005,4.11441204479438,92.8444831585389,2835.61062815427,-355.340467439974,166.546764693545
1188,19451.8734,,,,,,Frage 1,,,,,,1.0,333.0,332.0,251.0,416.0,0.9102666513562226,0.9480919833302979,19469.329000000027,571.015625,568.1103515625,0.6002174615859985,0.3345507085323333,0.4465655088424682,0.340636670589447,0.0,0.0,1.0,0.14705882352941174,0.34331150608044897,292.0,374.0,569.56298828125,27.5165130210551,-3567.47966291777,64.0,63.0,293.115384615385,359.923076923077,19443.5468,19660.05775,216.51095,0.367833717741971,,,,,,,,,,
1189,19468.5293,,,,,,Frage 1,,,,,,1.0,340.0,284.0,245.0,409.0,0.9147724152392174,0.9487722700148913,19485.98400000005,570.596923828125,567.721435546875,0.6008406281471252,0.333424687385559,0.4472115039825439,0.3393978476524353,0.0,0.0,1.0,0.3207556597829975,0.31758652946679133,292.5,346.5,569.1591796875,25.8129885544265,-102.277539288114,64.0,63.0,293.115384615385,359.923076923077,19443.5468,19660.05775,216.51095,0.367833717741971,,,,,,,,,,
1190,19485.1836,,,,,,Frage 1,,,,,,1.0,340.0,284.0,253.0,406.0,0.9147724152392174,0.9487803048969927,19502.638999999966,570.333251953125,567.492431640625,0.6015575528144836,0.333136111497879,0.4479686617851257,0.3390298783779144,0.0,0.0,1.0,0.14960407239819,0.3161833489242282,296.5,345.0,568.912841796875,1.84384743947583,-1439.21636544002,64.0,63.0,293.115384615385,359.923076923077,19443.5468,19660.05775,216.51095,0.367833717741971,,,,,,,,,,
1191,19501.838,,,,,,Frage 1,,,,,,1.0,334.0,295.0,255.0,400.0,0.9161578440231855,0.9481723321513129,19519.293000000063,570.0709838867188,567.2586059570312,0.6021156907081604,0.3338934183120727,0.4485677182674408,0.3397055566310882,0.0,0.0,1.0,0.148472850678733,0.31852198316183344,294.5,347.5,568.664794921875,3.43970475343381,95.821963802841,64.0,63.0,293.115384615385,359.923076923077,19443.5468,19660.05775,216.51095,0.367833717741971,,,,,,,,,,
1192,19518.4938,,,,,,Frage 1,,,,,,1.0,334.0,295.0,252.0,399.0,0.9161578440231855,0.8967793040697762,19535.94799999997,570.0555419921875,567.2749633789064,0.6027624011039733,0.3353998661041259,0.4492392838001251,0.3411666750907897,0.0,0.0,1.0,0.3280391745374445,0.3180542563143124,293.0,347.0,568.665252685547,14.6020588767363,670.178203586872,64.0,63.0,293.115384615385,359.923076923077,19443.5468,19660.05775,216.51095,0.367833717741971,,,,,,,,,,
1193,19535.1472,,,,,,Frage 1,,,,,,1.0,344.0,320.0,259.0,406.0,0.9148448070135148,0.9493025722335903,19552.603000000003,569.8750610351562,567.1226196289064,0.6033489108085632,0.3369568288326263,0.4498114883899688,0.3426489233970642,0.0,0.0,1.0,0.15243212669683254,0.3330215154349859,301.5,363.0,568.498840332031,16.0006941893424,83.9849707931181,64.0,63.0,293.115384615385,359.923076923077,19443.5468,19660.05775,216.51095,0.367833717741971,,,,,,,,,,
1194,19551.8025,,,,,,Frage 1,,,,,,1.0,344.0,320.0,270.0,400.0,0.9148448070135148,0.9503872813172921,19569.256999999983,569.6021728515625,566.880126953125,0.6040325164794921,0.3386965095996856,0.4504564106464386,0.3443456590175628,0.0,0.0,1.0,0.32601994295250153,0.33021515434985965,307.0,360.0,568.241149902344,7.08636878514556,-535.224547393062,64.0,63.0,293.115384615385,359.923076923077,19443.5468,19660.05775,216.51095,0.367833717741971,,,,,,,,,,
1195,19568.4573,,,,,,Frage 1,,,,,,1.0,337.0,334.0,258.0,406.0,0.6622778901094553,0.65326888391721,19585.912000000008,569.7210083007812,567.0167236328125,0.6044039130210876,0.3399081528186798,0.4507690668106079,0.3454533219337463,0.0,0.0,1.0,0.36843549130651365,0.3395696913002806,297.5,370.0,568.368865966797,17.4660670975604,623.225635397417,64.0,63.0,293.115384615385,359.923076923077,19443.5468,19660.05775,216.51095,0.367833717741971,,,,,,,,,,
1196,19585.1127,,,,,,Frage 1,,,,,,1.0,337.0,334.0,239.0,402.0,0.907343521435454,0.947612568698242,19602.56700000004,568.79345703125,566.1068115234375,0.6048921942710876,0.3405209183692932,0.451160579919815,0.3460091054439544,0.0,0.0,1.0,0.14479638009049772,0.3376987839101964,288.0,368.0,567.450134277344,15.2070756233462,-135.631175127212,64.0,63.0,293.115384615385,359.923076923077,19443.5468,19660.05775,216.51095,0.367833717741971,,,,,,,,,,
1197,19601.7681,,,,,,Frage 1,,,,,,1.0,322.0,329.0,241.0,393.0,0.944709006236638,0.9465707123190812,19619.222000000067,569.1478271484375,566.4536743164064,0.6047443151473999,0.3407172858715057,0.4509630501270294,0.3462032675743103,0.0,0.0,1.0,0.32718669821338636,0.3311506080449017,281.5,361.0,567.800750732422,7.97104653548441,-434.455437147225,64.0,63.0,293.115384615385,359.923076923077,19443.5468,19660.05775,216.51095,0.367833717741971,,,,,,,,,,
1198,19618.4205,,,,,,Frage 1,,,,,,1.0,322.0,329.0,256.0,389.0,0.8965796134778506,0.9467233750790096,19635.876000000047,568.0772094726562,565.3773193359375,0.604772925376892,0.3407327830791473,0.4509075284004211,0.3462778329849243,0.0,0.0,1.0,0.32596413119709494,0.32927970065481754,289.0,359.0,566.727264404297,8.60085219026961,37.8207138181424,64.0,63.0,293.115384615385,359.923076923077,19443.5468,19660.05775,216.51095,0.367833717741971,,,,,,,,,,
1199,19635.077,,,,,,Frage 1,,,,,,1.0,325.0,359.0,254.0,376.0,0.9089935546358194,0.9456252745251384,19652.531000000075,568.719482421875,565.984619140625,0.6039994359016418,0.3408779799938201,0.4501133263111114,0.3464795351028442,0.0,0.0,1.0,0.14564479638009048,0.33723105706267537,289.5,367.5,567.35205078125,10.1634373074326,93.8123325526293,64.0,63.0,293.115384615385,359.923076923077,19443.5468,19660.05775,216.51095,0.367833717741971,,,,,,,,,,
1200,19651.7311,,,,,,Frage 1,,,,,,1.0,325.0,359.0,251.0,382.0,0.9089935546358194,0.9081630074281771,19669.185999999987,567.834716796875,565.0692138671875,0.6034581661224365,0.3414472341537475,0.4494941532611846,0.347143530845642,0.0,0.0,1.0,0.14479638009049772,0.34003741814780164,288.0,370.5,566.451965332031,16.1661328638038,360.433500241463,64.0,63.0,293.115384615385,359.923076923077,19443.5468,19660.05775,216.51095,0.367833717741971,,,,,,,,,,
1201,19668.3844,,,,,,Frage 1,,,,,,1.0,331.0,310.0,266.0,393.0,0.8998696948062647,0.9429523370793739,19685.839999999967,567.884033203125,565.0777587890625,0.6025830507278442,0.3425358831882476,0.4486100375652313,0.3483416438102722,0.0,0.0,1.0,0.15073529411764702,0.32226379794200183,298.5,351.5,566.480895996094,36.0525080186189,1194.14020973725,,,,,,,,,83.0,83.0,19660.05775,19693.3677,33.3099500000026,0.75480380917957,36.0525080186189,1194.14020973725,-330.536462994078,246.644435140714
1202,19685.041,,,,,,Frage 1,,,,,,1.0,334.0,289.0,244.0,370.0,0.9174009855266376,0.9339693388899006,19702.494999999995,567.5108032226562,564.6621704101562,0.6017220616340637,0.3443909287452697,0.4477147758007049,0.3503474593162536,0.0,0.0,1.0,0.14536199095022628,0.30168381665107574,289.0,329.5,566.086486816406,30.5468943691111,-330.536462994078,,,,,,,,,83.0,83.0,19660.05775,19693.3677,33.3099500000026,0.75480380917957,36.0525080186189,1194.14020973725,-330.536462994078,246.644435140714
1203,19701.6944,,,,,,Frage 1,,,,,,1.0,334.0,267.0,229.0,373.0,0.9137664192032912,0.9322846919426202,19719.150000000023,566.7446899414064,563.8663940429688,0.6011982560157775,0.345893770456314,0.4471555054187774,0.3520573079586029,0.0,0.0,1.0,0.1411199095022624,0.2927970065481758,281.5,320.0,565.305541992188,27.4890854393404,-183.614693081944,,,,,,,,,,,,,,,,,,
1204,19718.3494,,,,,,Frage 1,,,,,,1.0,272.0,279.0,240.0,368.0,0.8890109286616509,0.9303964946487685,19735.804000000004,567.7341918945312,564.8235473632812,0.6005081534385681,0.3462789952754974,0.446539431810379,0.3527420461177825,0.0,0.0,1.0,0.12669683257918546,0.29607109448082314,256.0,323.5,566.278869628906,32.849129629656,321.82793097064,,,,,,,,,84.0,84.0,19710.0219,19726.67655,16.6546500000004,,32.849129629656,321.82793097064,,
1205,19735.0037,,,,,,Frage 1,,,,,,1.0,265.0,314.0,235.0,370.0,0.8837113515294635,0.9273244913919629,19752.45900000003,566.719970703125,563.833984375,0.6011961698532104,0.3455035090446472,0.4471936523914337,0.352052092552185,0.0,0.0,1.0,0.12330316742081443,0.3133769878391019,250.0,342.0,565.276977539063,24.7379050360883,-487.034855476771,,,,,,,,,,,,,,,,,,
1206,19751.6594,,,,,,Frage 1,,,,,,1.0,317.0,331.0,232.0,362.0,0.8842854931876846,0.929110913512529,19769.11400000006,566.6517333984375,563.802490234375,0.6022965908050537,0.3422455191612243,0.4482668042182922,0.3491351604461669,0.0,0.0,1.0,0.13716063348416285,0.31758652946679133,274.5,346.5,565.227111816406,,,,,,,,,,,,,,,,,,,,
1207,19768.3142,,,,,,Frage 1,,,,,,1.0,-1.0,-1.0,-1.0,-1.0,0.03388974098219233,0.0,19785.76800000004,-1.0,-1.0,-1.0,-1.0,-1.0,-1.0,4.0,4.0,1.0,0.4762576401214801,0.3955127310509079,,,,,,,,,,,,,,,,,,,,,,,
1208,19784.9679,,,,,,Frage 1,,,,,,1.0,-1.0,-1.0,-1.0,-1.0,0.0,0.0,19802.423000000068,-1.0,-1.0,-1.0,-1.0,-1.0,-1.0,4.0,4.0,1.0,0.4759322966953752,0.3954061960765668,,,,,,,,,,,,,,,,,,,,,,,
1209,19801.6237,,,,,,Frage 1,,,,,,1.0,-1.0,-1.0,-1.0,-1.0,0.0,0.0,19819.07799999998,-1.0,-1.0,-1.0,-1.0,-1.0,-1.0,4.0,4.0,1.0,0.4759322966953752,0.3954061960765668,,,,,,,,,,,,,,,,,,,,,,,
1210,19818.2767,,,,,,Frage 1,,,,,,1.0,-1.0,-1.0,-1.0,-1.0,0.0,0.0,19835.73199999996,-1.0,-1.0,-1.0,-1.0,-1.0,-1.0,4.0,4.0,1.0,0.4759322966953752,0.3954061960765668,,,,,,,,,,,,,,,,,,,,,,,
1211,19834.9346,,,,,,Frage 1,,,,,,1.0,-1.0,-1.0,-1.0,-1.0,0.0,0.0,19852.386999999988,-1.0,-1.0,-1.0,-1.0,-1.0,-1.0,4.0,4.0,1.0,0.4759322966953752,0.3954061960765668,,,,,,,,,,,,,,,,,,,,,,,
1212,19851.5875,,,,,,Frage 1,,,,,,1.0,-1.0,-1.0,-1.0,-1.0,0.0,0.0,19869.042000000016,-1.0,-1.0,-1.0,-1.0,-1.0,-1.0,4.0,4.0,1.0,0.4759322966953752,0.3954061960765668,,,,,,,,,,,,,,,,,,,,,,,
1213,19868.2416,,,,,,Frage 1,,,,,,1.0,-1.0,-1.0,-1.0,-1.0,0.0,0.0,19885.697000000044,-1.0,-1.0,-1.0,-1.0,-1.0,-1.0,4.0,4.0,1.0,0.4759322966953752,0.3954061960765668,,,,,,,,,,,,,,,,,,,,,,,
1214,19884.8959,,,,,,Frage 1,,,,,,1.0,398.0,102.0,-1.0,-1.0,0.888009925161883,0.0,19902.351000000024,566.2984619140625,-1.0,0.6120011210441589,0.3160971701145172,-1.0,-1.0,0.0,4.0,1.0,0.20701357466063344,0.08886810102899906,398.0,102.0,566.298461914063,,,,,,,,,,,,,,,,,,,,
1215,19901.5505,,,,,,Frage 1,,,,,,1.0,403.0,223.0,-1.0,-1.0,0.8857383212097913,0.0,19919.00600000005,567.015869140625,-1.0,0.6124415397644043,0.3094891011714935,-1.0,-1.0,0.0,4.0,1.0,0.20984162895927597,0.2020579981290926,403.0,223.0,567.015869140625,172.939215566363,,,,,,,,,,85.0,85.0,19893.2232,19943.1872,49.9639999999999,3.93466697802964,172.939215566363,,-3841.95934471012,117.384970581214
1216,19918.2057,,,,,,Frage 1,,,,,,1.0,406.0,300.0,-1.0,-1.0,0.8842829969196052,0.0,19935.660999999964,566.30029296875,-1.0,0.6147780418395996,0.2981795966625213,-1.0,-1.0,0.0,4.0,1.0,0.4306218115057852,0.2740879326473339,406.0,300.0,566.30029296875,111.419374128679,-3693.7317737219,,,,,,,,,85.0,85.0,19893.2232,19943.1872,49.9639999999999,3.93466697802964,172.939215566363,,-3841.95934471012,117.384970581214
1217,19934.8604,,,,,,Frage 1,,,,,,1.0,391.0,294.0,300.0,374.0,0.8841307245667727,0.8897132082748571,19952.31500000006,567.5003662109375,564.7622680664064,0.6155310273170471,0.2993443012237548,0.4598569869995117,0.3191239237785339,0.0,0.0,1.0,0.17731900452488683,0.3058933582787652,345.5,334.0,566.131317138672,47.4326938303251,-3841.95934471012,,,,,,,,,85.0,85.0,19893.2232,19943.1872,49.9639999999999,3.93466697802964,172.939215566363,,-3841.95934471012,117.384970581214
1218,19951.514,,,,,,Frage 1,,,,,,1.0,398.0,265.0,326.0,397.0,0.8905161783134216,0.8996523574344087,19968.96999999997,567.8661499023438,565.4649047851562,0.6178626418113708,0.2988600432872772,0.4646005034446716,0.3135275542736053,0.0,0.0,1.0,0.18665158371040722,0.30180311289480555,362.0,331.0,566.66552734375,18.5905866531913,-1731.8842278629,65.0,64.0,351.916666666667,337.0,19943.1872,20043.1156,99.9283999999971,0.406695837770116,,,,,,,,,,
1219,19968.1706,,,,,,Frage 1,,,,,,1.0,395.0,252.0,335.0,398.0,0.8904163275902528,0.9057883290659181,19985.625,569.6712036132812,567.3975219726562,0.6170303225517272,0.3010133206844329,0.4653971493244171,0.3123310506343841,0.0,0.0,1.0,0.18834841628959273,0.2974742750233863,365.0,325.0,568.534362792969,7.35986904049973,-674.250303944992,65.0,64.0,351.916666666667,337.0,19943.1872,20043.1156,99.9283999999971,0.406695837770116,,,,,,,,,,
1220,19984.8239,,,,,,Frage 1,,,,,,1.0,386.0,272.0,331.0,405.0,0.8839659708735441,0.9111583086037517,20002.27899999998,571.5182495117188,569.3419799804688,0.6166179776191711,0.3025368750095367,0.4661216735839843,0.3115451037883758,0.0,0.0,1.0,0.18467194570135742,0.31010289990645457,358.5,338.5,570.430114746094,26.5339839254555,1151.37029207171,65.0,64.0,351.916666666667,337.0,19943.1872,20043.1156,99.9283999999971,0.406695837770116,,,,,,,,,,
1221,20001.4799,,,,,,Frage 1,,,,,,1.0,376.0,280.0,315.0,416.0,0.8926779464700273,0.9176799545761332,20018.93400000001,571.8201293945312,569.7360229492188,0.6168676018714904,0.3035381734371185,0.467163473367691,0.3108054101467132,0.0,0.0,1.0,0.17731900452488683,0.3189897100093545,345.5,348.0,570.778076171875,18.3351850172523,-492.242969993015,65.0,64.0,351.916666666667,337.0,19943.1872,20043.1156,99.9283999999971,0.406695837770116,,,,,,,,,,
1222,20018.1345,,,,,,Frage 1,,,,,,1.0,376.0,280.0,300.0,410.0,0.8926779464700273,0.9158158619285859,20035.58900000004,572.9732666015625,570.9887084960938,0.617998719215393,0.3031330704689025,0.4686198830604553,0.3092091381549835,0.0,0.0,1.0,0.17307692307692304,0.3161833489242282,338.0,345.0,571.980987548828,12.038106139862,-378.098475939957,65.0,64.0,351.916666666667,337.0,19943.1872,20043.1156,99.9283999999971,0.406695837770116,,,,,,,,,,
1223,20022.1903,,,,,,Frage 1,1.0,3.64680075645447,29.4202083128557,1.71886456012726,211.546875,,,,,,0.6585048574425887,0.6495113533451946,,,,,,,,,,,0.37959439571535225,0.3642823432120883,,,,,,,,,,,,,,,,,,,,,,,
1224,20034.7878,,,,,,Frage 1,,,,,,1.0,356.0,286.0,329.0,383.0,0.8954962331314685,0.919648500691,20052.243000000017,572.1698608398438,570.284423828125,0.6197972893714904,0.3022359609603881,0.4705492258071899,0.3076623976230621,0.0,0.0,1.0,0.17562217194570132,0.3063610851262862,342.5,334.5,571.227142333984,8.17185839996751,-232.161057561862,65.0,64.0,351.916666666667,337.0,19943.1872,20043.1156,99.9283999999971,0.406695837770116,,,,,,,,,,
1225,20051.4434,,,,,,Frage 1,,,,,,1.0,356.0,286.0,331.0,389.0,0.8954962331314685,0.9216116902177989,20068.898000000045,571.9562377929688,570.160400390625,0.6213440895080566,0.3013155460357666,0.4721645414829254,0.3060474097728729,0.0,0.0,1.0,0.17618778280542982,0.3091674462114125,343.5,337.5,571.058319091797,43.4954599780168,2120.82432203255,,,,,,,,,86.0,86.0,20043.1156,20076.4249,33.3093000000008,1.48703798170365,43.4954599780168,2120.82432203255,-133.661032744589,126.027373385104
1226,20068.0972,,,,,,Frage 1,,,,,,1.0,319.0,360.0,312.0,392.0,0.8894827233286238,0.9232695542247411,20085.55300000008,571.7855834960938,570.0729370117188,0.622096598148346,0.3019518256187439,0.4732782244682312,0.3054172098636627,0.0,0.0,1.0,0.16035067873303163,0.34518241347053313,315.5,376.0,570.929260253906,41.2694958708949,-133.661032744589,,,,,,,,,86.0,86.0,20043.1156,20076.4249,33.3093000000008,1.48703798170365,43.4954599780168,2120.82432203255,-133.661032744589,126.027373385104
1227,20084.7526,,,,,,Frage 1,,,,,,1.0,319.0,360.0,319.0,395.0,0.8894827233286238,0.9254764685086189,20102.207000000053,571.1358032226562,569.5223999023438,0.6245025992393493,0.298183798789978,0.4756399095058441,0.3016522824764251,0.0,0.0,1.0,0.33630966312347144,0.3465855940130963,319.0,377.5,570.3291015625,14.6486171733895,-1598.33319509024,,,,,,,,,,,,,,,,,,
1228,20101.4079,,,,,,Frage 1,,,,,,1.0,330.0,331.0,305.0,388.0,0.8924333121982637,0.9276485649700567,20118.861999999965,572.0969848632812,570.5613403320312,0.6251627802848815,0.2996122539043426,0.4764878451824188,0.3018352389335632,0.0,0.0,1.0,0.1614819004524886,0.3297474275023386,317.5,359.5,571.329162597656,46.0950915858845,1888.07613267235,,,,,,,,,87.0,87.0,20093.08025,20126.3892,33.3089500000024,1.1110913384605,46.0950915858845,1888.07613267235,-475.586555219175,250.292021157021
1229,20118.0613,,,,,,Frage 1,,,,,,1.0,317.0,273.0,294.0,379.0,0.8915296631535854,0.9293599948576754,20135.517,571.8742065429688,570.4362182617188,0.6267544627189636,0.2987330555915832,0.4781175851821899,0.3000642359256744,0.0,0.0,1.0,0.15469457013574658,0.2914522518265319,305.5,326.0,571.155212402344,38.1749584471961,-475.586555219175,,,,,,,,,87.0,87.0,20093.08025,20126.3892,33.3089500000024,1.1110913384605,46.0950915858845,1888.07613267235,-475.586555219175,250.292021157021
1230,20134.7171,,,,,,Frage 1,,,,,,1.0,326.0,249.0,277.0,387.0,0.8921712040499453,0.9332836956172396,20152.17200000002,572.680419921875,571.3128662109375,0.6277515888214111,0.2983873784542083,0.4790970683097839,0.2989574372768402,0.0,0.0,1.0,0.33698513043062556,0.3505143077524491,301.5,318.0,571.996643066406,11.8694448923428,-1579.36055637391,66.0,65.0,297.375,317.5,20126.3892,20193.0078,66.618599999998,0.169997479541067,,,,,,,,,,
1231,20151.37,,,,,,Frage 1,,,,,,1.0,317.0,237.0,270.0,399.0,0.9339610856786601,0.9342344899992502,20168.826,571.787353515625,570.4959716796875,0.6291567683219909,0.2984288930892944,0.4804078638553619,0.2983126044273376,0.0,0.0,1.0,0.31131174807009676,0.29092609915809164,293.5,318.0,571.141662597656,8.66234349586626,-192.585159130066,66.0,65.0,297.375,317.5,20126.3892,20193.0078,66.618599999998,0.169997479541067,,,,,,,,,,
1232,20168.0276,,,,,,Frage 1,,,,,,1.0,311.0,234.0,274.0,391.0,0.8989435793488736,0.9366181716893609,20185.48100000003,572.7368774414064,571.4879760742188,0.6297051906585693,0.2988288104534149,0.4808282852172851,0.2981392443180084,0.0,0.0,1.0,0.147341628959276,0.2857811038353601,292.5,312.5,572.112426757813,7.52178820878075,-68.4705652125973,66.0,65.0,297.375,317.5,20126.3892,20193.0078,66.618599999998,0.169997479541067,,,,,,,,,,
1233,20184.6811,,,,,,Frage 1,,,,,,1.0,334.0,286.0,270.0,357.0,0.9002715939670193,0.9341943155887426,20202.136000000057,571.5488891601562,570.3431396484375,0.6306588053703308,0.2995956242084503,0.4815775156021118,0.2984843850135803,0.0,0.0,1.0,0.1527149321266968,0.294200187090739,302.0,321.5,570.946014404297,26.4715924986449,1137.88718827056,66.0,65.0,297.375,317.5,20126.3892,20193.0078,66.618599999998,0.169997479541067,,,,,,,,,,
1234,20201.3345,,,,,,Frage 1,,,,,,1.0,319.0,189.0,251.0,376.0,0.8935241813488835,0.9377028807730627,20218.79000000004,572.611328125,571.4154052734375,0.6306873559951782,0.3005553185939788,0.4813225269317627,0.2990441918373107,0.0,0.0,1.0,0.14309954751131215,0.25771749298409724,285.0,282.5,572.013366699219,57.0512083464906,1836.23859679387,,,,,,,,,88.0,88.0,20193.0078,20326.24515,133.237349999999,2.58309749471057,76.808452201941,2214.54942800538,-1571.61709914798,169.571471522562
1235,20217.9904,,,,,,Frage 1,,,,,,1.0,310.0,178.0,230.0,345.0,0.9100794312502808,0.935080830913941,20235.445000000065,571.85107421875,570.6661987304688,0.6311574578285217,0.3022621870040893,0.4813969433307647,0.3005318045616149,0.0,0.0,1.0,0.13461538461538455,0.284947862537308,270.0,261.5,571.258636474609,40.6273219076923,-986.070187669249,,,,,,,,,88.0,88.0,20193.0078,20326.24515,133.237349999999,2.58309749471057,76.808452201941,2214.54942800538,-1571.61709914798,169.571471522562
1236,20234.6444,,,,,,Frage 1,,,,,,1.0,291.0,200.0,214.0,290.0,0.9208083914547751,0.9392482564305841,20252.099999999977,572.46484375,571.2744140625,0.6310580968856812,0.3038497567176818,0.4809220433235168,0.3018634021282196,0.0,0.0,1.0,0.12471719457013569,0.22263797942001867,252.5,245.0,571.86962890625,35.3229396514135,-318.504999176061,,,,,,,,,88.0,88.0,20193.0078,20326.24515,133.237349999999,2.58309749471057,76.808452201941,2214.54942800538,-1571.61709914798,169.571471522562
1237,20251.2993,,,,,,Frage 1,,,,,,1.0,288.0,225.0,-1.0,-1.0,0.9114349048172982,0.0,20268.75400000008,572.4178466796875,-1.0,0.6330747008323669,0.3033483624458313,-1.0,-1.0,0.0,4.0,1.0,0.40037885079982344,0.20392890551917675,288.0,225.0,572.417846679688,33.7888191129754,-92.112263564379,,,,,,,,,88.0,88.0,20193.0078,20326.24515,133.237349999999,2.58309749471057,76.808452201941,2214.54942800538,-1571.61709914798,169.571471522562
1238,20267.9544,,,,,,Frage 1,,,,,,1.0,290.0,264.0,-1.0,-1.0,0.9276606473322385,0.9222399317133676,20285.408999999985,572.500732421875,-1.0,0.6328805685043335,0.3056624829769134,-1.0,-1.0,0.0,4.0,1.0,0.14592760180995473,0.24041159962581846,290.0,264.0,572.500732421875,33.4564416053419,-19.9565002691928,,,,,,,,,88.0,88.0,20193.0078,20326.24515,133.237349999999,2.58309749471057,76.808452201941,2214.54942800538,-1571.61709914798,169.571471522562
1239,20284.608,,,,,,Frage 1,,,,,,1.0,290.0,264.0,-1.0,-1.0,0.9276606473322385,0.0,20302.064000000013,572.57470703125,-1.0,0.6340278983116149,0.310865432024002,-1.0,-1.0,0.0,4.0,1.0,0.14592760180995473,0.24041159962581846,290.0,264.0,572.57470703125,39.9244671136862,388.386025144333,,,,,,,,,88.0,88.0,20193.0078,20326.24515,133.237349999999,2.58309749471057,76.808452201941,2214.54942800538,-1571.61709914798,169.571471522562
1240,20301.2633,,,,,,Frage 1,,,,,,1.0,274.0,307.0,-1.0,-1.0,0.9377954957338779,0.0,20318.718,572.54443359375,-1.0,0.6347173452377319,0.3115579187870025,-1.0,-1.0,0.0,4.0,1.0,0.13687782805429863,0.2806361085126286,274.0,307.0,572.54443359375,76.808452201941,2214.54942800538,,,,,,,,,88.0,88.0,20193.0078,20326.24515,133.237349999999,2.58309749471057,76.808452201941,2214.54942800538,-1571.61709914798,169.571471522562
1241,20317.9178,,,,,,Frage 1,,,,,,1.0,264.0,328.0,143.0,267.0,0.9473886539623263,0.9535744512175525,20335.37300000002,572.4534912109375,571.3997192382812,0.6334065198898315,0.3139929473400116,0.4815194904804229,0.3089223802089691,0.0,0.0,1.0,0.0970022624434389,0.27276447726266523,203.5,297.5,571.926605224609,50.6339552241801,-1571.61709914798,,,,,,,,,88.0,88.0,20193.0078,20326.24515,133.237349999999,2.58309749471057,76.808452201941,2214.54942800538,-1571.61709914798,169.571471522562
1242,20334.5725,,,,,,Frage 1,,,,,,1.0,244.0,357.0,181.0,275.0,0.9456886954003765,0.9548439625895889,20352.02800000005,570.6361694335938,569.5036010742188,0.6333516240119934,0.3173601329326629,0.4806562960147857,0.3136122822761535,0.0,0.0,1.0,0.10209276018099539,0.2890551917680074,212.5,316.0,570.069885253906,27.8372952820382,-1368.78238227906,,,,,,,,,,,,,,,,,,
1243,20351.2267,,,,,,Frage 1,,,,,,1.0,235.0,381.0,177.0,279.0,0.9410056964837568,0.9536173039220938,20368.68200000003,570.1864013671875,569.045166015625,0.6341354846954345,0.3162438869476318,0.4808533191680908,0.3133329451084137,0.0,0.0,1.0,0.09841628959276016,0.3021515434985968,206.0,330.0,569.615783691406,25.0151357180113,-169.456327174333,,,,,,,,,,,,,,,,,,
1244,20367.8817,,,,,,Frage 1,,,,,,1.0,230.0,417.0,177.0,270.0,0.9312602659024758,0.9513648586396408,20385.337000000058,568.5380859375,567.4092407226562,0.6352710723876953,0.3147510886192321,0.4815587103366851,0.3124586939811706,0.0,0.0,1.0,0.0970022624434389,0.31478016838166506,203.5,343.5,567.973663330078,22.0826142456704,-176.074540518792,,,,,,,,,,,,,,,,,,
1245,20384.5373,,,,,,Frage 1,,,,,,1.0,210.0,424.0,182.0,283.0,0.9252767113165817,0.9490561691824775,20401.99199999997,567.9794921875,566.8695068359375,0.6362283825874328,0.3128446340560913,0.4821997880935668,0.3109838664531707,0.0,0.0,1.0,0.32364524558338165,0.324134705332086,196.0,353.5,567.424499511719,36.5725737623381,869.975234555902,,,,,,,,,89.0,89.0,20376.2095,20442.8288,66.6192999999985,3.55906937219715,75.1083045134437,1328.08253045952,-1514.64050586756,20.4374819547489
1246,20401.1916,,,,,,Frage 1,,,,,,1.0,178.0,435.0,243.0,336.0,0.9351170000848731,0.9375585660540368,20418.647,567.8101806640625,566.7000732421875,0.6362513303756713,0.3124239444732666,0.48220956325531,0.3105697035789489,0.0,0.0,1.0,0.10096153846153844,0.35406922357343307,210.5,385.5,567.255126953125,58.6908586493678,1328.08253045952,,,,,,,,,89.0,89.0,20376.2095,20442.8288,66.6192999999985,3.55906937219715,75.1083045134437,1328.08253045952,-1514.64050586756,20.4374819547489
1247,20417.8465,,,,,,Frage 1,,,,,,1.0,227.0,407.0,297.0,360.0,0.9280949979780231,0.9471010145377801,20435.300999999978,567.2843017578125,566.215576171875,0.6375511288642883,0.3112607896327972,0.4832382202148437,0.3096277713775634,0.0,0.0,1.0,0.13009049773755652,0.3521983161833489,262.0,383.5,566.749938964844,75.1083045134437,985.742686180913,,,,,,,,,89.0,89.0,20376.2095,20442.8288,66.6192999999985,3.55906937219715,75.1083045134437,1328.08253045952,-1514.64050586756,20.4374819547489
1248,20434.5018,,,,,,Frage 1,,,,,,1.0,294.0,403.0,310.0,383.0,0.9180699853718692,0.9434183602412607,20451.95600000001,566.0784912109375,565.0374755859375,0.6385040283203125,0.3107652068138122,0.4839878678321838,0.3092350363731384,0.0,0.0,1.0,0.1527149321266968,0.3610851262862488,302.0,393.0,565.557983398438,49.8815124960699,-1514.64050586756,,,,,,,,,89.0,89.0,20376.2095,20442.8288,66.6192999999985,3.55906937219715,75.1083045134437,1328.08253045952,-1514.64050586756,20.4374819547489
1249,20451.1558,,,,,,Frage 1,,,,,,1.0,341.0,380.0,303.0,390.0,0.9231074543557384,0.9419961861092959,20468.61100000004,565.149658203125,564.1422729492188,0.6394859552383422,0.3106053471565246,0.4847972095012664,0.3090883791446685,0.0,0.0,1.0,0.1640271493212669,0.353601496725912,322.0,385.0,564.645965576172,20.5725660596229,-1759.87429064747,67.0,66.0,323.333333333333,384.833333333333,20442.8288,20542.7567,99.9278999999988,0.142747761155577,,,,,,,,,,
1250,20467.8111,,,,,,Frage 1,,,,,,1.0,349.0,375.0,302.0,399.0,0.9255662784137714,0.9388572255016444,20485.26500000001,565.2394409179688,564.2482299804688,0.6398938298225402,0.3106828331947326,0.4851278662681579,0.3091742992401123,0.0,0.0,1.0,0.1660067873303167,0.35547240411599623,325.5,387.0,564.743835449219,1.55594664955297,-1141.77585573791,67.0,66.0,323.333333333333,384.833333333333,20442.8288,20542.7567,99.9278999999988,0.142747761155577,,,,,,,,,,
1251,20484.4645,,,,,,Frage 1,,,,,,1.0,348.0,372.0,294.0,395.0,0.9244729129950724,0.9373305979023601,20501.92000000004,564.3204345703125,563.3499755859375,0.6405265927314758,0.3108268082141876,0.4856569170951843,0.3093032240867614,0.0,0.0,1.0,0.1634615384615384,0.3521983161833489,321.0,383.5,563.835205078125,9.61094033964582,483.684634374555,67.0,66.0,323.333333333333,384.833333333333,20442.8288,20542.7567,99.9278999999988,0.142747761155577,,,,,,,,,,
1252,20501.1205,,,,,,Frage 1,,,,,,1.0,357.0,363.0,288.0,390.0,0.9265597931093016,0.9359244935345982,20518.57500000007,564.381591796875,563.4187622070312,0.6406999230384826,0.3109043836593627,0.4857498407363891,0.3093162178993225,0.0,0.0,1.0,0.16430995475113114,0.3456501403180542,322.5,376.5,563.900177001953,5.12818327740616,-269.137671844317,67.0,66.0,323.333333333333,384.833333333333,20442.8288,20542.7567,99.9278999999988,0.142747761155577,,,,,,,,,,
1253,20517.7746,,,,,,Frage 1,,,,,,1.0,363.0,378.0,288.0,397.0,0.9288214119890763,0.9233531831072698,20535.22900000005,563.4636840820312,562.5108032226562,0.6410496830940245,0.3105487525463104,0.4859956204891204,0.3088937997817993,0.0,0.0,1.0,0.1660067873303167,0.2951179914972807,325.5,387.5,562.987243652344,11.5921790563393,388.132398564512,67.0,66.0,323.333333333333,384.833333333333,20442.8288,20542.7567,99.9278999999988,0.142747761155577,,,,,,,,,,
1254,20534.4282,,,,,,Frage 1,,,,,,1.0,351.0,381.0,296.0,398.0,0.9304589638490457,0.9348451410389638,20551.88399999996,563.4005126953125,562.4428100585938,0.6409624218940734,0.3100878596305847,0.4858468174934387,0.3084022104740142,0.0,0.0,1.0,0.16487556561085964,0.35781103835360145,323.5,389.5,562.921661376953,7.402802714842,-251.559803375718,67.0,66.0,323.333333333333,384.833333333333,20442.8288,20542.7567,99.9278999999988,0.142747761155577,,,,,,,,,,
1255,20551.0852,,,,,,Frage 1,,,,,,1.0,353.0,377.0,307.0,384.0,0.9361479588015917,0.931955398605118,20568.53899999999,563.2503662109375,562.2940673828125,0.640928030014038,0.3094064891338348,0.485729306936264,0.307534247636795,0.0,0.0,1.0,0.168552036199095,0.3493919550982226,330.0,380.5,562.772216796875,42.5856308662841,2112.19476204815,,,,,,,,,90.0,90.0,20542.7567,20626.029,83.2723000000042,1.02098788934953,72.6665542622617,2438.01481249673,-1134.5657384728,207.75854060106
1256,20567.7378,,,,,,Frage 1,,,,,,1.0,372.0,379.0,-1.0,-1.0,0.9400995511709993,0.9318378020476045,20585.19299999997,563.2763061523438,-1.0,0.6409564018249511,0.309602677822113,-1.0,-1.0,0.0,4.0,1.0,0.19230769230769226,0.30364066650723626,372.0,379.0,563.276306152344,50.9563571503121,502.667828689167,,,,,,,,,90.0,90.0,20542.7567,20626.029,83.2723000000042,1.02098788934953,72.6665542622617,2438.01481249673,-1134.5657384728,207.75854060106
1257,20584.3932,,,,,,Frage 1,,,,,,1.0,387.0,365.0,-1.0,-1.0,0.03362703634287678,0.0,20601.848,562.9913330078125,-1.0,0.6408725976943969,0.3097968697547912,-1.0,-1.0,0.0,4.0,1.0,0.20079185520361986,0.30626258577599436,387.0,365.0,562.991333007813,32.0597109497527,-1134.5657384728,,,,,,,,,90.0,90.0,20542.7567,20626.029,83.2723000000042,1.02098788934953,72.6665542622617,2438.01481249673,-1134.5657384728,207.75854060106
1258,20601.0489,,,,,,Frage 1,,,,,,1.0,363.0,344.0,-1.0,-1.0,0.9495254594381399,0.0,20618.503000000022,562.5111694335938,-1.0,0.6409417390823364,0.3115471899509429,-1.0,-1.0,0.0,4.0,1.0,0.18721719457013572,0.3152478952291861,363.0,344.0,562.511169433594,72.6665542622617,2438.01481249673,,,,,,,,,90.0,90.0,20542.7567,20626.029,83.2723000000042,1.02098788934953,72.6665542622617,2438.01481249673,-1134.5657384728,207.75854060106
1259,20617.7017,,,,,,Frage 1,,,,,,1.0,349.0,361.0,254.0,370.0,0.936954884023208,0.9407266747372593,20635.157000000007,562.1705322265625,561.1656494140625,0.6412255764007568,0.3108527958393096,0.4860444664955139,0.310851365327835,0.0,0.0,1.0,0.15243212669683254,0.33536014967259115,301.5,365.5,561.668090820313,57.8696740252752,-888.552089557713,,,,,,,,,90.0,90.0,20542.7567,20626.029,83.2723000000042,1.02098788934953,72.6665542622617,2438.01481249673,-1134.5657384728,207.75854060106
1260,20634.3563,,,,,,Frage 1,,,,,,1.0,353.0,359.0,241.0,359.0,0.9519318618665096,0.9391384463751968,20651.812000000034,561.7413330078125,560.705322265625,0.6406680345535278,0.3105883300304412,0.4850495755672454,0.3103068470954895,0.0,0.0,1.0,0.14988687782805427,0.28989759378492963,297.0,359.0,561.223327636719,3.39667185365737,-3270.74815195948,68.0,67.0,288.0625,360.75,20626.029,20759.26785,133.238849999998,0.305308180275725,,,,,,,,,,
1261,20651.0129,,,,,,Frage 1,,,,,,1.0,354.0,383.0,241.0,349.0,0.9505589144229377,0.9468733694330559,20668.467000000062,561.7490844726562,560.7127075195312,0.6407829523086547,0.3115099072456359,0.4848232865333557,0.3110662996768951,0.0,0.0,1.0,0.15016968325791857,0.3358278765201122,297.5,366.0,561.230895996094,6.51780827532051,187.381363643406,68.0,67.0,288.0625,360.75,20626.029,20759.26785,133.238849999998,0.305308180275725,,,,,,,,,,
1262,20667.6737,,,,,,Frage 1,,,,,,1.0,341.0,386.0,241.0,341.0,0.9415122557554939,0.94547261176521,20685.12199999997,561.6060180664064,560.5701293945312,0.6409500837326049,0.3120920658111572,0.4846879541873931,0.3115534782409668,0.0,0.0,1.0,0.14649321266968318,0.333489242282507,291.0,363.5,561.088073730469,13.4265009217043,414.667521750735,68.0,67.0,288.0625,360.75,20626.029,20759.26785,133.238849999998,0.305308180275725,,,,,,,,,,
1263,20684.3208,,,,,,Frage 1,,,,,,1.0,335.0,394.0,228.0,340.0,0.9584795730383078,0.9552671246750162,20701.77600000007,560.9508056640625,559.9105224609375,0.6411083340644836,0.3121596574783325,0.4845167994499206,0.3115655481815338,0.0,0.0,1.0,0.1411199095022624,0.3367633302151543,281.5,367.0,560.4306640625,10.8513981169684,-154.687771728143,68.0,67.0,288.0625,360.75,20626.029,20759.26785,133.238849999998,0.305308180275725,,,,,,,,,,
1264,20700.9766,,,,,,Frage 1,,,,,,1.0,334.0,400.0,222.0,327.0,0.9604790837697642,0.946399301500916,20718.430999999982,561.2852172851562,560.2291870117188,0.6408748626708984,0.3120955526828765,0.4839819371700286,0.3114406168460845,0.0,0.0,1.0,0.13914027149321262,0.333489242282507,278.0,363.5,560.757202148438,14.1997097633012,201.029770190129,68.0,67.0,288.0625,360.75,20626.029,20759.26785,133.238849999998,0.305308180275725,,,,,,,,,,
1265,20717.6313,,,,,,Frage 1,,,,,,1.0,332.0,390.0,221.0,313.0,0.9622389527656154,0.9471036928318137,20735.08600000001,560.1644897460938,559.0872192382812,0.6407976746559143,0.3124563097953796,0.483517587184906,0.3118157982826232,0.0,0.0,1.0,0.13829185520361986,0.32226379794200183,276.5,351.5,559.625854492188,14.8587390581759,39.5701690738765,68.0,67.0,288.0625,360.75,20626.029,20759.26785,133.238849999998,0.305308180275725,,,,,,,,,,
1266,20734.2847,,,,,,Frage 1,,,,,,1.0,338.0,386.0,243.0,318.0,0.9645804522239253,0.9486812080177411,20751.73999999999,560.0198364257812,558.9093017578125,0.6403623819351196,0.3134852349758148,0.4827275276184082,0.3129160106182098,0.0,0.0,1.0,0.14621040723981898,0.3227315247895229,290.5,352.0,559.464569091797,16.7947759234122,116.254750695737,68.0,67.0,288.0625,360.75,20626.029,20759.26785,133.238849999998,0.305308180275725,,,,,,,,,,
1267,20750.9415,,,,,,Frage 1,,,,,,1.0,342.0,399.0,243.0,328.0,0.9660707242672205,0.9510086455331412,20768.39500000001,558.8952026367188,557.7423095703125,0.6400007009506224,0.3155738711357116,0.4819230437278747,0.3152180016040802,0.0,0.0,1.0,0.147341628959276,0.333489242282507,292.5,363.5,558.318756103516,15.6255989795852,-70.1921703944902,68.0,67.0,288.0625,360.75,20626.029,20759.26785,133.238849999998,0.305308180275725,,,,,,,,,,
1268,20767.5942,,,,,,Frage 1,,,,,,1.0,341.0,403.0,220.0,330.0,0.9690662459622864,0.9574311946262708,20785.050000000047,558.5986938476562,557.4077758789064,0.6394794583320617,0.3171406686305999,0.4809640347957611,0.3167636692523956,0.0,0.0,1.0,0.14055429864253388,0.33629560336763326,280.5,366.5,558.003234863281,34.9355589365669,1159.56931650622,,,,,,,,,91.0,91.0,20759.26785,20842.54145,83.2736000000005,26.6116164217529,508.703767387711,14319.2923316211,-14602.8133017872,27.1843592376047
1269,20784.2493,,,,,,Frage 1,,,,,,1.0,333.0,357.0,-1.0,-1.0,0.9626907772879545,0.0,20801.704000000027,558.59521484375,-1.0,0.6369768381118774,0.3157117068767547,-1.0,-1.0,0.0,4.0,1.0,0.1702488687782805,0.3274087932647334,333.0,357.0,558.59521484375,273.424804648948,14319.2923316211,,,,,,,,,91.0,91.0,20759.26785,20842.54145,83.2736000000005,26.6116164217529,508.703767387711,14319.2923316211,-14602.8133017872,27.1843592376047
1270,20800.9035,,,,,,Frage 1,,,,,,1.0,-1.0,-1.0,-1.0,-1.0,0.0,0.0,20818.35900000005,-1.0,-1.0,-1.0,-1.0,-1.0,-1.0,4.0,4.0,1.0,0.4759322966953752,0.3954061960765668,567.0,489.333333333333,558.417012532552,490.338006870022,13024.5344850586,,,,,,,,,91.0,91.0,20759.26785,20842.54145,83.2736000000005,26.6116164217529,508.703767387711,14319.2923316211,-14602.8133017872,27.1843592376047
1271,20817.5604,,,,,,Frage 1,,,,,,1.0,-1.0,-1.0,-1.0,-1.0,0.0,0.0,20835.013999999966,-1.0,-1.0,-1.0,-1.0,-1.0,-1.0,4.0,4.0,1.0,0.4759322966953752,0.3954061960765668,801.0,621.666666666667,558.238810221354,508.703767387711,1102.59174982687,,,,,,,,,91.0,91.0,20759.26785,20842.54145,83.2736000000005,26.6116164217529,508.703767387711,14319.2923316211,-14602.8133017872,27.1843592376047
1272,20834.2151,,,,,,Frage 1,,,,,,1.0,1023.0,640.0,1047.0,868.0,0.9382273501115832,0.951731784922276,20851.668000000063,558.8500366210938,557.2711791992188,0.6331808567047119,0.3255330324172973,0.4722070097923278,0.3259945809841156,0.0,0.0,1.0,0.4860569609626178,0.6987839101964453,1035.0,754.0,558.060607910156,265.498292690395,-14602.8133017872,,,,,,,,,91.0,91.0,20759.26785,20842.54145,83.2736000000005,26.6116164217529,508.703767387711,14319.2923316211,-14602.8133017872,27.1843592376047
1273,20850.8678,,,,,,Frage 1,,,,,,1.0,1025.0,698.0,1040.0,855.0,0.9365559182631457,0.949144552885594,20868.32299999997,558.7074584960938,557.1487426757812,0.63413006067276,0.3294689655303955,0.4730278849601745,0.3305969834327697,0.0,0.0,1.0,0.49553401191929436,0.7198316183348923,1032.5,776.5,557.928100585938,26.4440181218921,-14355.2862039502,69.0,68.0,1021.75,796.7,20842.54145,21009.08785,166.546399999999,0.512777179267971,,,,,,,,,,
1274,20867.5244,,,,,,Frage 1,,,,,,1.0,1047.0,723.0,1034.0,840.0,0.948781571550532,0.9437263640551514,20884.978000000003,557.9989013671875,556.417724609375,0.6341052651405334,0.3294474780559539,0.4728281795978546,0.3310503959655761,0.0,0.0,1.0,0.570418552036199,0.7245088868101028,1040.5,781.5,557.208312988281,10.8579645455832,-935.728394528914,69.0,68.0,1021.75,796.7,20842.54145,21009.08785,166.546399999999,0.512777179267971,,,,,,,,,,
1275,20884.1759,,,,,,Frage 1,,,,,,1.0,1042.0,734.0,1022.0,842.0,0.9446527441474994,0.9409730777883718,20901.631999999983,557.0311279296875,555.423095703125,0.6339184045791626,0.3289942443370819,0.4724807739257812,0.3309340476989746,0.0,0.0,1.0,0.5656108597285067,0.7305893358278764,1032.0,788.0,556.227111816406,24.740263590244,833.696606591646,69.0,68.0,1021.75,796.7,20842.54145,21009.08785,166.546399999999,0.512777179267971,,,,,,,,,,
1276,20900.8324,,,,,,Frage 1,,,,,,1.0,1028.0,762.0,1012.0,833.0,0.9440910838296747,0.9348933503315727,20918.287000000008,555.9644165039064,554.3377075195312,0.6338462233543396,0.3283156752586364,0.4723201394081115,0.3305575251579284,0.0,0.0,1.0,0.5588235294117646,0.4223912129164643,1020.0,797.5,555.151062011719,8.6421976244337,-966.473506787702,69.0,68.0,1021.75,796.7,20842.54145,21009.08785,166.546399999999,0.512777179267971,,,,,,,,,,
1277,20917.4884,,,,,,Frage 1,,,,,,1.0,1028.0,744.0,1018.0,834.0,0.9398848721161863,0.9331631723857173,20934.94200000004,555.212890625,553.5686645507812,0.6336605548858641,0.3275098800659179,0.4721032083034515,0.3299313187599182,0.0,0.0,1.0,0.5605203619909501,0.7315247895229186,1023.0,789.0,554.390777587891,2.68187358893553,-357.848465147606,69.0,68.0,1021.75,796.7,20842.54145,21009.08785,166.546399999999,0.512777179267971,,,,,,,,,,
1278,20934.1412,,,,,,Frage 1,,,,,,1.0,1031.0,747.0,1005.0,844.0,0.9370416227739531,0.92686114652411,20951.597000000067,554.7453002929688,553.0836181640625,0.6333926916122437,0.3266348540782928,0.471838355064392,0.3291812241077423,0.0,0.0,1.0,0.5576923076923076,0.7376052385406922,1018.0,795.5,553.914459228516,13.2129305576213,632.389566240265,69.0,68.0,1021.75,796.7,20842.54145,21009.08785,166.546399999999,0.512777179267971,,,,,,,,,,
1279,20950.7974,,,,,,Frage 1,,,,,,1.0,1030.0,760.0,1002.0,842.0,0.9123507301613364,0.9240248331422817,20968.251000000047,554.1622924804688,552.4815063476562,0.6330752372741699,0.3255591392517089,0.4715667963027954,0.328231006860733,0.0,0.0,1.0,0.5565610859728506,0.7427502338634238,1016.0,801.0,553.321899414063,12.6743216714729,-32.3368407048678,69.0,68.0,1021.75,796.7,20842.54145,21009.08785,166.546399999999,0.512777179267971,,,,,,,,,,
1280,20967.4506,,,,,,Frage 1,,,,,,1.0,1028.0,782.0,993.0,831.0,0.9367570482129217,0.9182932839098809,20984.906000000075,553.7140502929688,552.0150756835938,0.6327516436576843,0.3244170844554901,0.4713217318058013,0.3272446393966674,0.0,0.0,1.0,0.5534502262443438,0.7478952291861554,1010.5,806.5,552.864562988281,13.2249473819153,33.0642585474547,69.0,68.0,1021.75,796.7,20842.54145,21009.08785,166.546399999999,0.512777179267971,,,,,,,,,,
1281,20984.109,,,,,,Frage 1,,,,,,1.0,1032.0,794.0,993.0,835.0,0.9348399143280796,0.9163541990293862,21001.560999999987,553.0576782226562,551.3372192382812,0.6323552131652832,0.3230131864547729,0.4710293114185333,0.3259870111942291,0.0,0.0,1.0,0.515412887352787,0.755378858746492,1012.5,814.5,552.197448730469,10.1191856393925,-186.4381778876,69.0,68.0,1021.75,796.7,20842.54145,21009.08785,166.546399999999,0.512777179267971,,,,,,,,,,
1282,21000.7608,,,,,,Frage 1,,,,,,1.0,1026.0,791.0,999.0,843.0,0.9313126875321395,0.9120769634573561,21018.214999999967,552.8252563476562,551.0823364257812,0.6318243741989135,0.3219443261623382,0.4706648886203765,0.3250115811824798,0.0,0.0,1.0,0.5545814479638008,0.7577174929840972,1012.5,817.0,551.953796386719,28.1236373733429,1081.23156259088,69.0,68.0,1021.75,796.7,20842.54145,21009.08785,166.546399999999,0.512777179267971,,,,,,,,,,
1283,21017.4149,,,,,,Frage 1,,,,,,1.0,1018.0,817.0,994.0,870.0,0.9299097848716169,0.9100494948737453,21034.869999999995,552.7141723632812,550.9496459960938,0.6312530636787415,0.3210358917713165,0.4703016877174377,0.3241759836673736,0.0,0.0,1.0,0.5509049773755655,0.4198225718271076,1006.0,843.5,551.831909179688,81.9369979522092,3231.23798817511,,,,,,,,,92.0,92.0,21009.08785,21042.39695,33.3091000000022,1.93169283619571,81.9369979522092,3231.23798817511,-1428.32679195164,109.041230738439
1284,21031.9848,,,,,,Frage 1,1.0,3.09719586372375,29.4163589167267,1.74076402187347,211.546875,,,,,,0.6585048574425887,0.6495113533451946,,,,,,,,,,,0.37959439571535225,0.3642823432120883,,,,,,,,,,,,,,,,,,,,,,,
1285,21034.0708,,,,,,Frage 1,,,,,,1.0,1000.0,872.0,973.0,928.0,0.9220665105667029,0.906765906388267,21051.525000000023,552.7861328125,550.999755859375,0.630663514137268,0.3202494978904724,0.4699477553367614,0.3235057294368743,0.0,0.0,1.0,0.5398755656108596,0.8353601496725911,986.5,900.0,551.892944335938,58.1469297381397,-1428.32679195164,,,,,,,,,92.0,92.0,21009.08785,21042.39695,33.3091000000022,1.93169283619571,81.9369979522092,3231.23798817511,-1428.32679195164,109.041230738439
1286,21050.7231,,,,,,Frage 1,,,,,,1.0,996.0,869.0,966.0,931.0,0.9168567990853675,0.9061632902306546,21068.179000000004,552.0850830078125,550.2693481445312,0.6300309896469116,0.3189201056957244,0.4695222675800323,0.3223476111888885,0.0,0.0,1.0,0.5367647058823528,0.8353601496725911,981.0,900.0,551.177215576172,2.42571439646549,-3346.15730810045,70.0,69.0,982.0,908.25,21042.39695,21142.32515,99.9281999999985,0.31644945499216,,,,,,,,,,
1287,21067.3878,,,,,,Frage 1,,,,,,1.0,992.0,870.0,976.0,931.0,0.9142531914787393,0.9029680854482929,21084.83400000003,551.6094970703125,549.764404296875,0.6293749213218689,0.317784696817398,0.4690905511379241,0.3213925957679748,0.0,0.0,1.0,0.5384615384615383,0.8358278765201121,984.0,900.5,550.686950683594,1.42859900499036,-59.833983898604,70.0,69.0,982.0,908.25,21042.39695,21142.32515,99.9281999999985,0.31644945499216,,,,,,,,,,
1288,21084.0427,,,,,,Frage 1,,,,,,1.0,998.0,864.0,967.0,936.0,0.9126156396187699,0.9004049580579153,21101.48900000006,551.2296752929688,549.3527221679688,0.628674328327179,0.3164603114128112,0.4686043858528137,0.3202713429927825,0.0,0.0,1.0,0.5376131221719456,0.8353601496725911,982.5,900.0,550.291198730469,5.6219623918585,251.779559581132,70.0,69.0,982.0,908.25,21042.39695,21142.32515,99.9281999999985,0.31644945499216,,,,,,,,,,
1289,21100.6871,,,,,,Frage 1,,,,,,1.0,1005.0,863.0,964.0,950.0,0.9091533157928896,0.8957045520285398,21118.14300000004,550.4299926757812,548.5308837890625,0.6282390356063842,0.3153738975524902,0.4683672189712524,0.3193951547145843,0.0,0.0,1.0,0.5553802069927839,0.8414405986903648,984.5,906.5,549.480438232422,18.2152177422926,756.60614683834,70.0,69.0,982.0,908.25,21042.39695,21142.32515,99.9281999999985,0.31644945499216,,,,,,,,,,
1290,21117.3441,,,,,,Frage 1,,,,,,1.0,1001.0,879.0,963.0,960.0,0.9075706818306634,0.8934547850401208,21134.798000000068,550.1538696289064,548.229736328125,0.6277110576629638,0.3144415020942688,0.4680362343788147,0.3187063336372375,0.0,0.0,1.0,0.5373303167420813,0.4154219541282002,982.0,919.5,549.191802978516,16.6074209796819,-96.5237895545874,70.0,69.0,982.0,908.25,21042.39695,21142.32515,99.9281999999985,0.31644945499216,,,,,,,,,,
1291,21133.9984,,,,,,Frage 1,,,,,,1.0,1000.0,888.0,956.0,958.0,0.9047274324884298,0.8852154922867268,21151.45299999998,549.00390625,547.0717163085938,0.6276726126670837,0.3140257000923156,0.4681437909603118,0.3185275495052337,0.0,0.0,1.0,0.5350678733031673,0.8568755846585594,978.0,923.0,548.037811279297,10.9912184255134,-337.222372250278,70.0,69.0,982.0,908.25,21042.39695,21142.32515,99.9281999999985,0.31644945499216,,,,,,,,,,
1292,21150.6519,,,,,,Frage 1,,,,,,1.0,995.0,903.0,964.0,959.0,0.9040284774262477,0.8878196543929378,21168.10699999996,549.5684814453125,547.6287231445312,0.6273972988128662,0.3138749301433563,0.4680922329425811,0.3185532093048095,0.0,0.0,1.0,0.53591628959276,0.864359214218896,979.5,931.0,548.598602294922,37.0174331571553,1562.80750182492,,,,,,,,,93.0,93.0,21142.32515,21175.63515,33.3100000000013,1.1157898240795,37.0174331571553,1562.80750182492,-63.6524704039863,134.409342785353
1293,21167.308,,,,,,Frage 1,,,,,,1.0,972.0,936.0,939.0,975.0,0.8998771836105023,0.8843539419131592,21184.761999999988,548.8619995117188,546.9356079101562,0.6277403235435485,0.3140305280685424,0.4685970842838287,0.3188769817352294,0.0,0.0,1.0,0.5223416289592759,0.8872778297474275,955.5,955.5,547.898803710938,35.9572312448594,-63.6524704039863,,,,,,,,,93.0,93.0,21142.32515,21175.63515,33.3100000000013,1.1157898240795,37.0174331571553,1562.80750182492,-63.6524704039863,134.409342785353
1294,21183.9623,,,,,,Frage 1,,,,,,1.0,966.0,931.0,929.0,972.0,0.8972985386846665,0.8840512946873359,21201.417000000016,548.43212890625,546.511962890625,0.627884030342102,0.3140929043292999,0.4689002931118011,0.3190806210041046,0.0,0.0,1.0,0.5178167420814479,0.8835360149672591,947.5,951.5,547.472045898438,13.9211076223291,-1323.14919405394,71.0,70.0,936.636363636364,964.409090909091,21175.63515,21358.8363,183.201149999997,0.241805524180195,,,,,,,,,,
1295,21200.6179,,,,,,Frage 1,,,,,,1.0,960.0,934.0,922.0,981.0,0.6061266780110381,0.6055185024766967,21218.072000000044,548.2866821289064,546.3714599609375,0.6279447674751281,0.3139947354793548,0.4690632820129394,0.3190057873725891,0.0,0.0,1.0,0.5141402714932126,0.8891487371375117,941.0,957.5,547.329071044922,13.3587129083857,-33.7661035293468,71.0,70.0,936.636363636364,964.409090909091,21175.63515,21358.8363,183.201149999997,0.241805524180195,,,,,,,,,,
1296,21217.2707,,,,,,Frage 1,,,,,,1.0,951.0,940.0,920.0,978.0,0.8913374505114853,0.8808801945512785,21234.726000000024,548.2666625976562,546.3594970703125,0.6280733346939086,0.3141754865646362,0.4692786335945129,0.319203495979309,0.0,0.0,1.0,0.5110294117647058,0.8905519176800747,935.5,959.0,547.313079833984,11.7571925344104,-96.1712369076218,71.0,70.0,936.636363636364,964.409090909091,21175.63515,21358.8363,183.201149999997,0.241805524180195,,,,,,,,,,
1297,21233.927,,,,,,Frage 1,,,,,,1.0,946.0,947.0,916.0,983.0,0.8911552229417024,0.8793964196565355,21251.38100000005,548.6211547851562,546.7164916992188,0.628019630908966,0.314335823059082,0.4693110883235931,0.3193424940109252,0.0,0.0,1.0,0.5084841628959276,0.8961646398503273,931.0,965.0,547.668823242188,8.78246986792758,-178.594445734231,71.0,70.0,936.636363636364,964.409090909091,21175.63515,21358.8363,183.201149999997,0.241805524180195,,,,,,,,,,
1298,21250.5819,,,,,,Frage 1,,,,,,1.0,946.0,956.0,919.0,980.0,0.892043894377905,0.8771223450922416,21268.035999999964,548.5938720703125,546.6924438476562,0.6280481219291687,0.3143839240074157,0.4693990647792816,0.3193901777267456,0.0,0.0,1.0,0.5093325791855203,0.8989710009354537,932.5,968.0,547.643157958984,4.0554342927846,-283.822513202877,71.0,70.0,936.636363636364,964.409090909091,21175.63515,21358.8363,183.201149999997,0.241805524180195,,,,,,,,,,
1299,21267.2341,,,,,,Frage 1,,,,,,1.0,946.0,958.0,923.0,977.0,0.8916070474640413,0.8767502651511093,21284.69000000006,549.0072631835938,547.1010131835938,0.6278741359710693,0.3143165111541748,0.4692623615264892,0.3193155527114868,0.0,0.0,1.0,0.5104638009049773,0.4067150130278368,934.5,967.5,548.054138183594,0.92246578894185,-188.141416980499,71.0,70.0,936.636363636364,964.409090909091,21175.63515,21358.8363,183.201149999997,0.241805524180195,,,,,,,,,,
1300,21283.8913,,,,,,Frage 1,,,,,,1.0,946.0,958.0,919.0,980.0,0.8927353606358494,0.87501740891122,21301.34499999997,548.788330078125,546.8766479492188,0.6277845501899719,0.3141371607780456,0.4691602885723114,0.3191468715667724,0.0,0.0,1.0,0.5093325791855203,0.8999064546304958,932.5,969.0,547.832489013672,2.80635719164318,113.097723669139,71.0,70.0,936.636363636364,964.409090909091,21175.63515,21358.8363,183.201149999997,0.241805524180195,,,,,,,,,,
1301,21300.5448,,,,,,Frage 1,,,,,,1.0,946.0,961.0,922.0,980.0,0.6074887607901229,0.6076111267923986,21318.0,549.160400390625,547.2333984375,0.6274468898773193,0.3139292001724243,0.4688177108764648,0.3189894556999206,0.0,0.0,1.0,0.5101809954751131,0.901309635173059,934.0,970.5,548.196899414063,1.69851184060605,-66.5232744490412,71.0,70.0,936.636363636364,964.409090909091,21175.63515,21358.8363,183.201149999997,0.241805524180195,,,,,,,,,,
1302,21317.1999,,,,,,Frage 1,,,,,,1.0,950.0,963.0,918.0,977.0,0.8922261219476881,0.8729979752097106,21334.65399999998,548.83935546875,546.8951416015625,0.627199649810791,0.3136112987995147,0.4685117602348327,0.3187737464904785,0.0,0.0,1.0,0.5101809954751131,0.9008419083255379,934.0,970.0,547.867248535156,7.6185729142436,355.450346959044,71.0,70.0,936.636363636364,964.409090909091,21175.63515,21358.8363,183.201149999997,0.241805524180195,,,,,,,,,,
1303,21333.8553,,,,,,Frage 1,,,,,,1.0,968.0,954.0,912.0,976.0,0.893361923923734,0.8778695748544098,21351.30900000001,548.8817749023438,546.91650390625,0.6268578767776489,0.3134331107139587,0.4680691957473754,0.3186923861503601,0.0,0.0,1.0,0.5135746606334841,0.8961646398503273,940.0,965.0,547.899139404297,7.42868545605039,-11.4009545368601,71.0,70.0,936.636363636364,964.409090909091,21175.63515,21358.8363,183.201149999997,0.241805524180195,,,,,,,,,,
1304,21350.5084,,,,,,Frage 1,,,,,,1.0,969.0,960.0,912.0,971.0,0.8932196366432184,0.8738068200079276,21367.96400000004,548.6556396484375,546.6665649414064,0.6265365481376647,0.3134140968322753,0.4676173627376556,0.3188330233097076,0.0,0.0,1.0,0.5138574660633484,0.8966323666978484,940.5,965.5,547.661102294922,27.1689410768867,1185.38023676294,71.0,70.0,936.636363636364,964.409090909091,21175.63515,21358.8363,183.201149999997,0.241805524180195,,,,,,,,,,
1305,21367.1642,,,,,,Frage 1,,,,,,1.0,958.0,985.0,901.0,1000.0,0.8929250770098702,0.8727462155705302,21384.618000000017,547.8927001953125,545.8911743164064,0.6265569925308228,0.3138077855110168,0.4674757122993469,0.3194151520729064,0.0,0.0,1.0,0.5076357466063348,0.9218896164639849,929.5,992.5,546.891937255859,59.86224706834,1962.87815604489,,,,,,,,,94.0,94.0,21358.8363,21392.14505,33.3087500000002,1.18281213499223,59.86224706834,1962.87815604489,-266.347149265423,101.929322177238
1306,21383.8177,,,,,,Frage 1,,,,,,1.0,955.0,1008.0,889.0,1048.0,0.8926929240785028,0.873370258080413,21401.273000000045,548.407958984375,546.3917846679688,0.6263958215713501,0.314512014389038,0.4671873748302459,0.3203273713588714,0.0,0.0,1.0,0.5033936651583709,0.9550982226379794,922.0,1028.0,547.399871826172,55.4266348180482,-266.347149265423,,,,,,,,,94.0,94.0,21358.8363,21392.14505,33.3087500000002,1.18281213499223,59.86224706834,1962.87815604489,-266.347149265423,101.929322177238
1307,21400.4724,,,,,,Frage 1,,,,,,1.0,947.0,1028.0,886.0,1076.0,0.8930399053415145,0.8729390527409662,21417.92800000008,547.5103149414064,545.504638671875,0.6269564032554626,0.3149815797805786,0.4675450325012207,0.3209616243839263,0.0,0.0,1.0,0.5002828054298641,0.9775491113189896,916.5,1052.0,546.507476806641,25.4079972644833,-1802.41238530664,72.0,71.0,912.833333333333,1066.08333333333,21392.14505,21592.11345,199.968400000002,0.266773108605925,,,,,,,,,,
1308,21417.128,,,,,,Frage 1,,,,,,1.0,945.0,1032.0,884.0,1078.0,0.8944977258997798,0.8730327930321502,21434.582000000053,548.293212890625,546.294921875,0.6272950768470764,0.3150084614753723,0.467677354812622,0.3211228549480438,0.0,0.0,1.0,0.34653054437767666,0.3536008103410662,914.5,1055.0,547.294067382813,10.5210634731776,-893.809516997528,72.0,71.0,912.833333333333,1066.08333333333,21392.14505,21592.11345,199.968400000002,0.266773108605925,,,,,,,,,,
1309,21433.7818,,,,,,Frage 1,,,,,,1.0,935.0,1048.0,888.0,1077.0,0.8976654900923122,0.886676262590075,21451.236999999965,547.126220703125,545.1661987304688,0.6285204291343689,0.3148131072521209,0.4686256647109985,0.3210159838199615,0.0,0.0,1.0,0.4974547511312216,0.9873713751169315,911.5,1062.5,546.146209716797,8.56625166847581,-117.379325121099,72.0,71.0,912.833333333333,1066.08333333333,21392.14505,21592.11345,199.968400000002,0.266773108605925,,,,,,,,,,
1310,21450.437,,,,,,Frage 1,,,,,,1.0,934.0,1064.0,889.0,-1.0,0.8983270011333057,0.8739407347096195,21467.892,547.5765380859375,545.6543579101562,0.6295249462127686,0.3142112493515014,0.4693905413150787,0.3204269111156463,0.0,0.0,1.0,0.4974547511312216,0.4025000486410004,911.5,1064.0,546.615447998047,11.835838947326,196.310298216174,72.0,71.0,912.833333333333,1066.08333333333,21392.14505,21592.11345,199.968400000002,0.266773108605925,,,,,,,,,,
1311,21467.0922,,,,,,Frage 1,,,,,,1.0,934.0,1074.0,893.0,1077.0,0.8561582895121423,0.8733916844326837,21484.54700000002,546.4066162109375,544.5452270507812,0.6312276721000671,0.3135980069637298,0.4707443416118621,0.3197609782218933,0.0,0.0,1.0,0.6266276985021079,0.999532273152479,913.5,1075.5,545.475921630859,2.52289318569597,-559.161448774648,72.0,71.0,912.833333333333,1066.08333333333,21392.14505,21592.11345,199.968400000002,0.266773108605925,,,,,,,,,,
1312,21483.7462,,,,,,Frage 1,,,,,,1.0,932.0,1064.0,896.0,1066.0,0.8994827732539854,0.8733595449042777,21501.201,546.8765258789064,545.0812377929688,0.6328072547912597,0.3129008114337921,0.4720377027988433,0.3189382553100585,0.0,0.0,1.0,0.4988687782805429,0.4029581673968317,914.0,1065.0,545.978881835938,11.7293965314367,552.810336600182,72.0,71.0,912.833333333333,1066.08333333333,21392.14505,21592.11345,199.968400000002,0.266773108605925,,,,,,,,,,
1313,21500.4016,,,,,,Frage 1,,,,,,1.0,940.0,1059.0,902.0,1071.0,0.9008632095017949,0.8739005602991119,21517.85600000003,545.720947265625,544.0126342773438,0.6350027918815612,0.3122397363185882,0.4738690555095672,0.3180682063102722,0.0,0.0,1.0,0.5028280542986424,0.989710009354537,921.0,1065.0,544.866790771484,3.62361770892899,-486.675722138636,72.0,71.0,912.833333333333,1066.08333333333,21392.14505,21592.11345,199.968400000002,0.266773108605925,,,,,,,,,,
1314,21517.0554,,,,,,Frage 1,,,,,,1.0,938.0,1059.0,896.0,1076.0,0.9025581755275864,0.8732684829071274,21534.511000000057,545.7640380859375,544.1488647460938,0.6371294856071472,0.3114170134067535,0.4756852686405181,0.3169598281383514,0.0,0.0,1.0,0.5005656108597284,0.40350802895415927,917.0,1067.5,544.956451416016,13.1696495776099,573.204425937677,72.0,71.0,912.833333333333,1066.08333333333,21392.14505,21592.11345,199.968400000002,0.266773108605925,,,,,,,,,,
1315,21533.7112,,,,,,Frage 1,,,,,,1.0,930.0,1069.0,885.0,-1.0,0.9030224813903215,0.8724837427552148,21551.16500000004,544.9468994140625,543.430419921875,0.6394275426864624,0.3106469810009002,0.4776568114757537,0.3158314526081085,0.0,0.0,1.0,0.4951923076923076,0.9934518241347052,907.5,1069.0,544.188659667969,11.720487776204,-87.0064362808082,72.0,71.0,912.833333333333,1066.08333333333,21392.14505,21592.11345,199.968400000002,0.266773108605925,,,,,,,,,,
1316,21550.3643,,,,,,Frage 1,,,,,,1.0,927.0,-1.0,888.0,1076.0,0.9043205407915167,0.8726926496898535,21567.820000000065,544.3573608398438,542.947509765625,0.6418525576591491,0.3096949160099029,0.4797719419002533,0.3145067989826202,0.0,0.0,1.0,0.4951923076923076,1.0,907.5,1076.0,543.652435302734,1.86089426086426,-592.057545762651,72.0,71.0,912.833333333333,1066.08333333333,21392.14505,21592.11345,199.968400000002,0.266773108605925,,,,,,,,,,
1317,21567.0207,,,,,,Frage 1,,,,,,1.0,930.0,-1.0,886.0,1067.0,0.6123073748357369,0.6167385938490184,21584.474999999977,543.9352416992188,542.6195678710938,0.6439318060874939,0.3088837265968322,0.4815747737884521,0.3132922053337097,0.0,0.0,1.0,0.49547511312217185,0.991580916744621,908.0,1067.0,543.277404785156,3.99056857470579,127.859220110081,72.0,71.0,912.833333333333,1066.08333333333,21392.14505,21592.11345,199.968400000002,0.266773108605925,,,,,,,,,,
1318,21583.6744,,,,,,Frage 1,,,,,,1.0,932.0,1077.0,891.0,1072.0,0.8561015510191742,0.8733059790236011,21601.12900000008,542.8807373046875,541.66943359375,0.6462624669075012,0.3077950775623321,0.4836263358592987,0.3117249608039856,0.0,0.0,1.0,0.6262327232377312,0.9985968194574368,911.5,1074.5,542.275085449219,14.0542174129609,604.289067189619,72.0,71.0,912.833333333333,1066.08333333333,21392.14505,21592.11345,199.968400000002,0.266773108605925,,,,,,,,,,
1319,21600.5525,,,,,,Frage 1,,,,,,1.0,919.0,1064.0,884.0,1042.0,0.9040709139835945,0.8732658046130937,21617.783999999985,542.559326171875,541.4288330078125,0.647969365119934,0.3064180612564086,0.4851052463054657,0.30990731716156,0.0,0.0,1.0,0.49179864253393657,0.9784845650140319,901.5,1053.0,541.994079589844,43.5617135638563,1748.2712006027,,,,,,,,,95.0,95.0,21592.11345,21658.62065,66.5071999999964,22.0491559427886,631.980257365051,17811.321710869,-18362.9846443934,254.478149994504
1320,21616.9842,,,,,,Frage 1,,,,,,1.0,916.0,1034.0,882.0,1023.0,0.9012950638795003,0.8701482703577129,21634.439000000013,542.4991455078125,541.3409423828125,0.647454261779785,0.3047458231449127,0.4841805398464202,0.3079530000686645,0.0,0.0,1.0,0.4903846153846153,0.9555659494855004,899.0,1028.5,541.920043945313,336.232008520296,17811.321710869,,,,,,,,,95.0,95.0,21592.11345,21658.62065,66.5071999999964,22.0491559427886,631.980257365051,17811.321710869,-18362.9846443934,254.478149994504
1321,21633.6379,,,,,,Frage 1,,,,,,1.0,-1.0,-1.0,-1.0,-1.0,0.0,0.0,21651.093,-1.0,-1.0,-1.0,-1.0,-1.0,-1.0,4.0,4.0,1.0,0.4759322966953752,0.3954061960765668,809.5,714.0,541.847564697266,631.980257365051,17758.7112080024,,,,,,,,,95.0,95.0,21592.11345,21658.62065,66.5071999999964,22.0491559427886,631.980257365051,17811.321710869,-18362.9846443934,254.478149994504
1322,21650.2938,,,,,,Frage 1,,,,,,1.0,733.0,394.0,707.0,405.0,0.9036690148228398,0.8846860503733542,21667.74800000002,542.2824096679688,541.2677612304688,0.6507041454315186,0.3002473413944244,0.4866534173488616,0.3027645051479339,0.0,0.0,1.0,0.38914027149321256,0.3671655753040224,720.0,399.5,541.775085449219,326.128221426537,-18362.9846443934,,,,,,,,,95.0,95.0,21592.11345,21658.62065,66.5071999999964,22.0491559427886,631.980257365051,17811.321710869,-18362.9846443934,254.478149994504
1323,21666.9475,,,,,,Frage 1,,,,,,1.0,731.0,412.0,699.0,377.0,0.9042606303576153,0.8791580514875245,21684.40300000005,543.1510620117188,542.2920532226562,0.6534613966941833,0.2983938455581665,0.4897309839725494,0.3003758192062377,0.0,0.0,1.0,0.38631221719457004,0.36248830682881195,715.0,394.5,542.721557617188,11.6367048417263,-18884.1828893778,73.0,72.0,714.576923076923,410.538461538462,21658.62065,21875.1321,216.511450000002,0.449909698285457,,,,,,,,,,
1324,21683.6024,,,,,,Frage 1,,,,,,1.0,731.0,409.0,690.0,375.0,0.9052491525169872,0.8796374661195805,21701.05700000003,542.5419921875,541.7230224609375,0.6541446447372437,0.2975322306156158,0.4905032813549041,0.2991741895675659,0.0,0.0,1.0,0.38376696832579177,0.36014967259120667,710.5,392.0,542.132507324219,6.33491894362813,-318.331896204583,73.0,72.0,714.576923076923,410.538461538462,21658.62065,21875.1321,216.511450000002,0.449909698285457,,,,,,,,,,
1325,21700.2566,,,,,,Frage 1,,,,,,1.0,733.0,408.0,684.0,379.0,0.9051443092576599,0.8799695745797756,21717.712000000058,542.1730346679688,541.3833618164064,0.6546505689620971,0.2962709367275238,0.4910692274570465,0.2976898550987243,0.0,0.0,1.0,0.38263574660633476,0.36155285313376984,708.5,393.5,541.778198242188,5.83912532011201,-29.7698852851591,73.0,72.0,714.576923076923,410.538461538462,21658.62065,21875.1321,216.511450000002,0.449909698285457,,,,,,,,,,
1326,21716.9114,,,,,,Frage 1,,,,,,1.0,734.0,415.0,692.0,380.0,0.9037688655460087,0.8801543768681102,21734.36699999997,541.8981323242188,541.1400756835938,0.6552644968032836,0.2946807146072387,0.4917053282260894,0.2959468960762023,0.0,0.0,1.0,0.3507108646009258,0.3652946679139382,713.0,397.5,541.519104003906,9.18645837258068,200.983083103287,73.0,72.0,714.576923076923,410.538461538462,21658.62065,21875.1321,216.511450000002,0.449909698285457,,,,,,,,,,
1327,21733.5696,,,,,,Frage 1,,,,,,1.0,735.0,425.0,688.0,380.0,0.9025806419402993,0.8794124894207386,21751.022,541.6340942382812,540.9026489257812,0.6558187007904052,0.2933900952339172,0.4922639429569244,0.294567734003067,0.0,0.0,1.0,0.3843325791855203,0.3699719363891487,711.5,402.5,541.268371582031,13.6938905719938,270.583388326091,73.0,72.0,714.576923076923,410.538461538462,21658.62065,21875.1321,216.511450000002,0.449909698285457,,,,,,,,,,
1328,21750.2207,,,,,,Frage 1,,,,,,1.0,750.0,437.0,679.0,386.0,0.9048447570881532,0.8809926829006995,21767.675999999978,541.107666015625,540.4039306640625,0.6564590334892272,0.292041003704071,0.492880493402481,0.293141096830368,0.0,0.0,1.0,0.3860294117647058,0.37839101964452754,714.5,411.5,540.755798339844,16.9412406261566,195.023154876389,73.0,72.0,714.576923076923,410.538461538462,21658.62065,21875.1321,216.511450000002,0.449909698285457,,,,,,,,,,
1329,21766.8778,,,,,,Frage 1,,,,,,1.0,759.0,439.0,685.0,394.0,0.9036490446782061,0.880778419377993,21784.33100000001,540.941162109375,540.2581787109375,0.6568877696990966,0.290992647409439,0.4933238923549652,0.2920361459255218,0.0,0.0,1.0,0.3583422591331954,0.38306828811973803,722.0,416.5,540.599670410156,4.58505635005006,-741.796847957267,73.0,72.0,714.576923076923,410.538461538462,21658.62065,21875.1321,216.511450000002,0.449909698285457,,,,,,,,,,
1330,21783.5324,,,,,,Frage 1,,,,,,1.0,760.0,442.0,678.0,384.0,0.9031323171858073,0.8760431955261776,21800.98600000004,539.90673828125,539.2423095703125,0.6574060916900634,0.2899766564369201,0.493832379579544,0.2909609079360961,0.0,0.0,1.0,0.3885746606334841,0.3797942001870907,719.0,413.0,539.574523925781,8.78458067255396,252.154018859863,73.0,72.0,714.576923076923,410.538461538462,21658.62065,21875.1321,216.511450000002,0.449909698285457,,,,,,,,,,
1331,21800.1847,,,,,,Frage 1,,,,,,1.0,754.0,442.0,672.0,389.0,0.9021363062221978,0.8757298351242193,21817.64000000001,540.3438720703125,539.6771240234375,0.6572038531303405,0.2891688644886016,0.493673950433731,0.2900715768337249,0.0,0.0,1.0,0.38518099547511303,0.3821328344246959,713.0,415.5,540.010498046875,7.08393548241169,-102.126744662426,73.0,72.0,714.576923076923,410.538461538462,21658.62065,21875.1321,216.511450000002,0.449909698285457,,,,,,,,,,
1332,21816.84,,,,,,Frage 1,,,,,,1.0,752.0,439.0,672.0,391.0,0.900041937303731,0.8745433508672316,21834.29500000004,539.3819580078125,538.7130126953125,0.6572580337524414,0.2884311079978942,0.4937144219875335,0.2892763614654541,0.0,0.0,1.0,0.3846153846153845,0.36594053202178445,712.0,415.0,539.047485351563,6.99090842448492,-5.58543274073552,73.0,72.0,714.576923076923,410.538461538462,21658.62065,21875.1321,216.511450000002,0.449909698285457,,,,,,,,,,
1333,21833.4948,,,,,,Frage 1,,,,,,1.0,756.0,446.0,673.0,399.0,0.8988287510172293,0.874074649411311,21850.95000000007,539.821533203125,539.133544921875,0.6567053794860839,0.2878404557704925,0.4931938350200653,0.2886206209659576,0.0,0.0,1.0,0.3860294117647058,0.3886810102899906,714.5,422.5,539.4775390625,18.2944760901533,678.697292412289,73.0,72.0,714.576923076923,410.538461538462,21658.62065,21875.1321,216.511450000002,0.449909698285457,,,,,,,,,,
1334,21850.1501,,,,,,Frage 1,,,,,,1.0,757.0,459.0,683.0,405.0,0.8995626538325205,0.8768332922661581,21867.60400000005,538.908935546875,538.20068359375,0.6563221216201782,0.2875046730041503,0.4928188621997833,0.2882066369056701,0.0,0.0,1.0,0.38914027149321256,0.3975678203928905,720.0,432.0,538.554809570313,8.44680690661837,-591.263392645931,73.0,72.0,714.576923076923,410.538461538462,21658.62065,21875.1321,216.511450000002,0.449909698285457,,,,,,,,,,
1335,21866.8049,,,,,,Frage 1,,,,,,1.0,745.0,462.0,687.0,400.0,0.899535194883649,0.87661099386135,21884.25899999996,539.2905883789064,538.5460815429688,0.6554030179977417,0.2873598039150238,0.4919486343860626,0.2880182266235351,0.0,0.0,1.0,0.38687782805429854,0.3966323666978484,716.0,431.0,538.918334960938,12.3668789851741,235.371909512915,73.0,72.0,714.576923076923,410.538461538462,21658.62065,21875.1321,216.511450000002,0.449909698285457,,,,,,,,,,
1336,21883.4593,,,,,,Frage 1,,,,,,1.0,731.0,451.0,686.0,402.0,0.8971961916934184,0.879916008699099,21900.91399999999,539.5301513671875,538.7513427734375,0.6546058654785156,0.2873225808143615,0.4911632239818573,0.2879866063594818,0.0,0.0,1.0,0.3624689895642507,0.39242282507015896,708.5,426.5,539.140747070313,156.060221099595,8627.95069857972,,,,,,,,,96.0,96.0,21875.1321,21941.75065,66.6185500000029,12.8906127994011,256.041708420685,8627.95069857972,-6251.44412775095,187.234603297539
1337,21900.1159,,,,,,Frage 1,,,,,,1.0,580.0,421.0,532.0,374.0,0.8992031912291126,0.8839682675722873,21917.56799999997,535.9435424804688,535.1975708007812,0.6559248566627502,0.2874000370502471,0.4923917055130004,0.2881084084510803,0.0,0.0,1.0,0.2963800904977375,0.3652946679139382,556.0,397.5,535.570556640625,256.041708420685,6002.51475817857,,,,,,,,,96.0,96.0,21875.1321,21941.75065,66.6185500000029,12.8906127994011,256.041708420685,8627.95069857972,-6251.44412775095,187.234603297539
1338,21916.7674,,,,,,Frage 1,,,,,,1.0,440.0,405.0,445.0,347.0,0.8975856095137771,0.8797499544690014,21934.223,533.961181640625,533.2315673828125,0.656528353691101,0.2871932089328765,0.4930777847766876,0.2879064381122589,0.0,0.0,1.0,0.23218325791855196,0.34518241347053313,442.5,376.0,533.596374511719,214.002583613407,-2524.64491530963,,,,,,,,,96.0,96.0,21875.1321,21941.75065,66.6185500000029,12.8906127994011,256.041708420685,8627.95069857972,-6251.44412775095,187.234603297539
1339,21933.4231,,,,,,Frage 1,,,,,,1.0,371.0,402.0,274.0,353.0,0.8657471420541695,0.8669289609290466,21950.878000000022,536.60546875,535.8343505859375,0.6551041007041931,0.2871551811695098,0.4917448461055755,0.2877727150917053,0.0,0.0,1.0,0.16430995475113114,0.3465855940130963,322.5,377.5,536.219909667969,109.880405654829,-6251.44412775095,,,,,,,,,96.0,96.0,21875.1321,21941.75065,66.6185500000029,12.8906127994011,256.041708420685,8627.95069857972,-6251.44412775095,187.234603297539
1340,21950.0782,,,,,,Frage 1,,,,,,1.0,376.0,401.0,263.0,345.0,0.8875131678141179,0.872941731035,21967.532000000007,537.701904296875,536.8994140625,0.654261827468872,0.2872050702571868,0.4909287989139556,0.2878605127334594,0.0,0.0,1.0,0.3416088453591746,0.34237605238540686,319.5,373.0,537.300659179688,7.34844436010515,-6156.19007359455,74.0,73.0,328.85,370.6,21941.75065,22108.2976,166.546949999996,0.226679059982422,,,,,,,,,,
1341,21966.7319,,,,,,Frage 1,,,,,,1.0,379.0,396.0,260.0,344.0,0.8885591041393119,0.8871012520594499,21984.187000000034,536.3739624023438,535.5822143554688,0.6547196507453918,0.2871331274509429,0.4913740754127502,0.2878274619579315,0.0,0.0,1.0,0.16261312217194568,0.3395696913002806,319.5,370.0,535.978088378906,3.4073274646171,-236.651128307121,74.0,73.0,328.85,370.6,21941.75065,22108.2976,166.546949999996,0.226679059982422,,,,,,,,,,
1342,21983.3881,,,,,,Frage 1,,,,,,1.0,385.0,396.0,261.0,347.0,0.888956010763908,0.8717927428944858,22000.842000000062,537.3801879882812,536.5994262695312,0.6547969579696655,0.2871255874633789,0.4914668500423431,0.2877921760082244,0.0,0.0,1.0,0.34116748960746535,0.34097287184284375,323.0,371.5,536.989807128906,6.65423660570693,194.936968881833,74.0,73.0,328.85,370.6,21941.75065,22108.2976,166.546949999996,0.226679059982422,,,,,,,,,,
1343,22000.0419,,,,,,Frage 1,,,,,,1.0,380.0,395.0,274.0,343.0,0.8870014328578776,0.871136560856197,22017.49699999997,536.4122314453125,535.6708984375,0.6557959914207458,0.2872051894664764,0.4924736022949218,0.2878591418266296,0.0,0.0,1.0,0.3402254678921252,0.3386342376052385,327.0,369.0,536.041564941406,9.81867996889379,190.013292052676,74.0,73.0,328.85,370.6,21941.75065,22108.2976,166.546949999996,0.226679059982422,,,,,,,,,,
1344,22016.6969,,,,,,Frage 1,,,,,,1.0,377.0,390.0,287.0,341.0,0.8850618325603223,0.8708794446289491,22034.15100000007,536.6287231445312,535.9230346679688,0.6565018892288208,0.2872639894485473,0.4932056963443756,0.287857562303543,0.0,0.0,1.0,0.169683257918552,0.33536014967259115,332.0,365.5,536.27587890625,5.11270496240079,-282.556289792455,74.0,73.0,328.85,370.6,21941.75065,22108.2976,166.546949999996,0.226679059982422,,,,,,,,,,
1345,22033.3512,,,,,,Frage 1,,,,,,1.0,382.0,397.0,283.0,345.0,0.8678731693037455,0.8688680458095411,22050.805999999982,536.4336547851562,535.7661743164064,0.6573160290718078,0.2872122228145599,0.4940213859081268,0.2877092063426971,0.0,0.0,1.0,0.16996606334841627,0.3405051449953227,332.5,371.0,536.099914550781,4.43035404331232,-40.9714559656297,74.0,73.0,328.85,370.6,21941.75065,22108.2976,166.546949999996,0.226679059982422,,,,,,,,,,
1346,22050.0062,,,,,,Frage 1,,,,,,1.0,383.0,398.0,278.0,342.0,0.870662303463754,0.8717498901899445,22067.46100000001,536.309326171875,535.68359375,0.6581776142120361,0.2872533500194549,0.4948871731758117,0.2876310646533966,0.0,0.0,1.0,0.16883484162895923,0.3395696913002806,330.5,370.0,535.996459960938,1.62419046720563,-168.48775599561,74.0,73.0,328.85,370.6,21941.75065,22108.2976,166.546949999996,0.226679059982422,,,,,,,,,,
1347,22052.12,,,,,,Frage 1,1.0,3.69653367996216,29.4131389815999,1.53161525726318,211.546875,,,,,,0.6585048574425887,0.6495113533451946,,,,,,,,,,,0.37959439571535225,0.3642823432120883,,,,,,,,,,,,,,,,,,,,,,,
1348,22066.6609,,,,,,Frage 1,,,,,,1.0,386.0,398.0,277.0,341.0,0.870333522907417,0.8713856422013434,22084.11499999999,536.4583129882812,535.8667602539064,0.6588101983070374,0.2873355150222778,0.4955260753631591,0.2875677049160003,0.0,0.0,1.0,0.16940045248868774,0.33910196445275953,331.5,369.5,536.162536621094,5.24204259362302,217.227096640442,74.0,73.0,328.85,370.6,21941.75065,22108.2976,166.546949999996,0.226679059982422,,,,,,,,,,
1349,22083.314,,,,,,Frage 1,,,,,,1.0,385.0,403.0,279.0,348.0,0.8805385948007728,0.8685493288195151,22100.77000000001,535.9786987304688,535.4235229492188,0.6595700979232788,0.2873798310756683,0.4962745606899261,0.2874286770820617,0.0,0.0,1.0,0.169683257918552,0.34471468662301213,332.0,375.5,535.701110839844,8.43190730351225,191.547802504598,74.0,73.0,328.85,370.6,21941.75065,22108.2976,166.546949999996,0.226679059982422,,,,,,,,,,
1350,22099.971,,,,,,Frage 1,,,,,,1.0,392.0,401.0,290.0,341.0,0.7313621852324358,0.7370927751483785,22117.425000000047,536.2508544921875,535.71728515625,0.6598983407020568,0.28743377327919,0.4966152310371398,0.2873303592205047,0.0,0.0,1.0,0.17477375565610856,0.3405051449953227,341.0,371.0,535.984069824219,5.1342797834893,-197.972475236981,74.0,73.0,328.85,370.6,21941.75065,22108.2976,166.546949999996,0.226679059982422,,,,,,,,,,
1351,22116.6242,,,,,,Frage 1,,,,,,1.0,390.0,399.0,284.0,358.0,0.8773009351020224,0.8710615686232497,22134.079000000027,535.538818359375,535.0263671875,0.6604106426239013,0.2875091135501861,0.4970937669277191,0.2872842252254486,0.0,0.0,1.0,0.17251131221719454,0.3475210477081384,337.0,378.5,535.282592773438,37.8205146434066,1962.76000167675,,,,,,,,,97.0,97.0,22108.2976,22124.9515,16.6539000000012,,37.8205146434066,1962.76000167675,,
1352,22133.2788,,,,,,Frage 1,,,,,,1.0,380.0,407.0,259.0,404.0,0.8759729204838768,0.8763457430330311,22150.73400000005,536.0987548828125,535.587890625,0.6602586507797241,0.2875139117240905,0.4969476759433746,0.2871502637863159,0.0,0.0,1.0,0.16261312217194568,0.372778297474275,319.5,405.5,535.843322753906,24.811892759661,-781.082816984155,75.0,74.0,315.3,404.4,22124.9515,22208.2256,83.2740999999987,0.299898074766088,,,,,,,,,,
1353,22149.9349,,,,,,Frage 1,,,,,,1.0,383.0,417.0,264.0,386.0,0.8766568979375835,0.8654558992104391,22167.388999999966,535.1563720703125,534.6451416015625,0.6603666543960571,0.2875180840492248,0.4970196485519409,0.2870885133743286,0.0,0.0,1.0,0.16487556561085964,0.3690364826941066,323.5,401.5,534.900756835938,3.55097370926245,-1276.46442146711,75.0,74.0,315.3,404.4,22124.9515,22208.2256,83.2740999999987,0.299898074766088,,,,,,,,,,
1354,22166.5878,,,,,,Frage 1,,,,,,1.0,382.0,424.0,264.0,391.0,0.8756309317570232,0.864017655314271,22184.043000000063,535.419677734375,534.890380859375,0.6598901152610778,0.2874044775962829,0.4965364038944244,0.2869234681129455,0.0,0.0,1.0,0.16459276018099545,0.37464920486435915,323.0,407.5,535.155029296875,13.4790775818611,596.178675942215,75.0,74.0,315.3,404.4,22124.9515,22208.2256,83.2740999999987,0.299898074766088,,,,,,,,,,
1355,22183.2449,,,,,,Frage 1,,,,,,1.0,361.0,425.0,257.0,387.0,0.8726953204958586,0.8609858264679728,22200.69799999997,534.7289428710938,534.1807250976562,0.6595808267593383,0.2873355448246002,0.496200293302536,0.2868454754352569,0.0,0.0,1.0,0.15667420814479632,0.37324602432179604,309.0,406.0,534.454833984375,19.476582972481,360.056996152974,75.0,74.0,315.3,404.4,22124.9515,22208.2256,83.2740999999987,0.299898074766088,,,,,,,,,,
1356,22199.8994,,,,,,Frage 1,,,,,,1.0,360.0,411.0,243.0,392.0,0.8580418740334661,0.8598127336811544,22217.353000000003,534.7473754882812,534.1718139648438,0.6589623689651489,0.2873200476169586,0.4955366253852844,0.2867910861968994,0.0,0.0,1.0,0.15243212669683254,0.3690364826941066,301.5,401.5,534.459594726563,6.55489905697183,-775.867418145938,75.0,74.0,315.3,404.4,22124.9515,22208.2256,83.2740999999987,0.299898074766088,,,,,,,,,,
1357,22216.5518,,,,,,Frage 1,,,,,,1.0,371.0,406.0,245.0,392.0,0.8586514147056723,0.8603242878416164,22234.006999999983,534.8143920898438,534.2133178710938,0.65840345621109,0.2873235940933227,0.4949300289154052,0.2867833077907562,0.0,0.0,1.0,0.1561085972850678,0.36669784845650133,308.0,399.0,534.513854980469,33.5974800136675,1623.94495428235,,,,,,,,,98.0,98.0,22208.2256,22224.87985,16.6542500000032,,33.5974800136675,1623.94495428235,,
1358,22233.2079,,,,,,Frage 1,,,,,,1.0,365.0,407.0,255.0,326.0,0.872181089271539,0.8645720621792743,22250.662000000008,534.8384399414064,534.2511596679688,0.6587058305740356,0.287739098072052,0.4956913590431213,0.2875642478466033,0.0,0.0,1.0,0.15723981900452486,0.33629560336763326,310.0,366.5,534.544799804688,15.2338775409729,-1102.51514296231,,,,,,,,,,,,,,,,,,
1359,22249.8618,,,,,,Frage 1,,,,,,1.0,371.0,414.0,276.0,370.0,0.8738036635230331,0.8747094050973292,22267.31700000004,535.0856323242188,534.4468383789064,0.6578980684280396,0.2882948815822601,0.4952330291271209,0.2889433801174163,0.0,0.0,1.0,0.16487556561085964,0.29474459762963023,323.5,392.0,534.766235351563,27.3698829659494,728.718523887998,,,,,,,,,,,,,,,,,,
1360,22266.5174,,,,,,Frage 1,,,,,,1.0,373.0,416.0,276.0,370.0,0.8746973274953944,0.8747094050973292,22283.972000000067,535.0042114257812,534.3019409179688,0.6568003296852111,0.2875286638736724,0.4939286410808563,0.2884562313556671,0.0,0.0,1.0,0.16544117647058817,0.3610851262862488,324.5,393.0,534.653076171875,45.6226388001124,1095.89302301694,,,,,,,,,99.0,99.0,22258.1896,22291.4986,33.3090000000011,1.67502567908529,47.6775055682615,1095.89302301694,,22.2250304511136
1361,22283.1714,,,,,,Frage 1,,,,,,1.0,371.0,412.0,-1.0,-1.0,0.8758056705225687,0.0,22300.626000000047,535.0953369140625,-1.0,0.6567243337631224,0.2876351475715637,-1.0,-1.0,0.0,4.0,1.0,0.19174208144796376,0.3788587464920486,371.0,412.0,535.095336914063,47.6775055682615,123.385779281211,,,,,,,,,99.0,99.0,22258.1896,22291.4986,33.3090000000011,1.67502567908529,47.6775055682615,1095.89302301694,,22.2250304511136
1362,22299.8258,,,,,,Frage 1,,,,,,1.0,376.0,409.0,-1.0,-1.0,0.8757482563567467,0.0,22317.281000000075,534.7778930664064,-1.0,0.6562499403953552,0.287228912115097,-1.0,-1.0,0.0,4.0,1.0,0.19457013574660628,0.3760523854069223,376.0,409.0,534.777893066406,11.8503752260466,-2151.21111191133,,,,,,,,,,,,,,,,,,
1363,22316.4823,,,,,,Frage 1,,,,,,1.0,381.0,404.0,-1.0,-1.0,0.8750193460776141,0.0,22333.935999999987,534.5133666992188,-1.0,0.6570509672164917,0.2873733639717102,-1.0,-1.0,0.0,4.0,1.0,0.1973981900452488,0.3713751169317118,381.0,404.0,534.513366699219,117.084398359683,6317.89530415337,,,,,,,,,100.0,100.0,22308.15405,22374.7716,66.6175500000027,12.1393491105436,307.032611065672,11406.793859429,-11247.6885541862,329.53445508054
1364,22333.1345,,,,,,Frage 1,,,,,,1.0,400.0,400.0,537.0,251.0,0.8790782779744283,0.8610983148173939,22350.589999999967,534.5726928710938,533.7171020507812,0.6540305614471436,0.2875457406044006,0.4914076626300811,0.2895470857620239,0.0,0.0,1.0,0.24688914027149314,0.29794200187090736,468.5,325.5,534.144897460938,307.032611065672,11406.793859429,,,,,,,,,100.0,100.0,22308.15405,22374.7716,66.6175500000027,12.1393491105436,307.032611065672,11406.793859429,-11247.6885541862,329.53445508054
1365,22349.79,,,,,,Frage 1,,,,,,1.0,759.0,286.0,574.0,219.0,0.8862325822894772,0.8635382406822151,22367.244999999995,535.2418823242188,534.3878784179688,0.6543672084808348,0.283786803483963,0.4908506274223327,0.2855857610702514,0.0,0.0,1.0,0.3588800904977375,0.22965388213283439,666.5,252.5,534.814880371094,240.021029490171,-4023.39056620925,,,,,,,,,100.0,100.0,22308.15405,22374.7716,66.6175500000027,12.1393491105436,307.032611065672,11406.793859429,-11247.6885541862,329.53445508054
1366,22366.4446,,,,,,Frage 1,,,,,,1.0,730.0,273.0,661.0,165.0,0.8796424345603323,0.8618750200872052,22383.900000000023,533.4529418945312,532.6328735351562,0.6550606489181519,0.2856864631175994,0.4910123944282531,0.286586970090866,0.0,0.0,1.0,0.280499803934029,0.1983161833489242,695.5,219.0,533.042907714844,52.6952756956434,-11247.6885541862,,,,,,,,,100.0,100.0,22308.15405,22374.7716,66.6175500000027,12.1393491105436,307.032611065672,11406.793859429,-11247.6885541862,329.53445508054
1367,22383.0986,,,,,,Frage 1,,,,,,1.0,722.0,259.0,668.0,154.0,0.8751666258942881,0.8600403886740302,22400.554000000004,532.8978271484375,532.036376953125,0.6540030241012573,0.284988522529602,0.4900781214237213,0.2857015132904052,0.0,0.0,1.0,0.37499999999999994,0.18662301216089802,695.0,206.5,532.467102050781,6.59447675858881,-2768.15173153887,76.0,75.0,688.75,211.0625,22374.7716,22508.01005,133.238449999997,0.197000021828254,,,,,,,,,,
1368,22399.7546,,,,,,Frage 1,,,,,,1.0,726.0,263.0,658.0,163.0,0.8726753503512249,0.8563122033789358,22417.20900000003,533.0831909179688,532.2119750976562,0.6536332368850708,0.2847851514816284,0.4897525906562805,0.2853625118732452,0.0,0.0,1.0,0.37330316742081443,0.36227260270093953,692.0,213.0,532.647583007813,10.0337153744874,206.486468293636,76.0,75.0,688.75,211.0625,22374.7716,22508.01005,133.238449999997,0.197000021828254,,,,,,,,,,
1369,22416.4084,,,,,,Frage 1,,,,,,1.0,719.0,268.0,653.0,155.0,0.8726728540831457,0.8547828974856175,22433.86400000006,532.7407836914064,531.8595581054688,0.6533867716789244,0.2846677303314209,0.4895269572734832,0.2851690053939819,0.0,0.0,1.0,0.3699095022624434,0.1913002806361085,686.0,211.5,532.300170898438,6.31491361565871,-223.300493510712,76.0,75.0,688.75,211.0625,22374.7716,22508.01005,133.238449999997,0.197000021828254,,,,,,,,,,
1370,22433.0646,,,,,,Frage 1,,,,,,1.0,712.0,269.0,659.0,155.0,0.8722684586543118,0.8468360873953624,22450.51800000004,532.8965454101562,531.9985961914064,0.6529483795166015,0.2845580279827117,0.4891035854816436,0.2850130796432495,0.0,0.0,1.0,0.3696266968325791,0.19176800748362954,685.5,212.0,532.447570800781,5.68592365206987,-37.763113050323,76.0,75.0,688.75,211.0625,22374.7716,22508.01005,133.238449999997,0.197000021828254,,,,,,,,,,
1371,22449.717,,,,,,Frage 1,,,,,,1.0,728.0,270.0,654.0,147.0,0.8750218423456931,0.8522920840341537,22467.173000000068,532.4742431640625,531.5570068359375,0.6525720953941345,0.2844166159629821,0.4887102842330932,0.284851461648941,0.0,0.0,1.0,0.3727375565610859,0.18849391955098221,691.0,208.5,532.015625,8.69291832970576,180.574252218062,76.0,75.0,688.75,211.0625,22374.7716,22508.01005,133.238449999997,0.197000021828254,,,,,,,,,,
1372,22466.372,,,,,,Frage 1,,,,,,1.0,736.0,260.0,649.0,153.0,0.8746898386911568,0.8507600998468017,22483.82799999998,532.1654052734375,531.228515625,0.6521921753883361,0.2842751443386077,0.4883042871952056,0.2847140729427337,0.0,0.0,1.0,0.3735859728506787,0.18662301216089802,692.5,206.5,531.696960449219,5.22668568902386,-208.119642190462,76.0,75.0,688.75,211.0625,22374.7716,22508.01005,133.238449999997,0.197000021828254,,,,,,,,,,
1373,22483.0272,,,,,,Frage 1,,,,,,1.0,728.0,265.0,650.0,162.0,0.8721611191269052,0.851282367183399,22500.48199999996,531.8054809570312,530.8457641601562,0.6517815589904785,0.2840141654014587,0.4878533482551574,0.2844942808151245,0.0,0.0,1.0,0.3716063348416289,0.19317118802619265,689.0,213.5,531.325622558594,16.7188587988582,690.005110105769,76.0,75.0,688.75,211.0625,22374.7716,22508.01005,133.238449999997,0.197000021828254,,,,,,,,,,
1374,22499.6818,,,,,,Frage 1,,,,,,1.0,717.0,272.0,641.0,162.0,0.8710278134189386,0.8493834567134119,22517.136999999988,531.8591918945312,530.8720092773438,0.6512277722358703,0.2839778363704681,0.4872868359088897,0.2845435142517089,0.0,0.0,1.0,0.3659502262443438,0.35988949575301665,679.0,217.0,531.365600585938,10.9494326489697,-346.416374448451,76.0,75.0,688.75,211.0625,22374.7716,22508.01005,133.238449999997,0.197000021828254,,,,,,,,,,
1375,22516.3383,,,,,,Frage 1,,,,,,1.0,719.0,264.0,638.0,171.0,0.8704062426672127,0.850757421552768,22533.792000000016,532.777587890625,531.7674560546875,0.6506373882293701,0.2838175594806671,0.4867142140865325,0.2844648659229278,0.0,0.0,1.0,0.2813274126591001,0.19691300280636104,678.5,217.5,532.272521972656,91.2086712202013,4818.49359536679,,,,,,,,,101.0,101.0,22508.01005,22574.62825,66.6182000000044,8.5746947569088,179.115658460303,5278.65271388207,-4969.24377850608,183.925907703684
1376,22532.9916,,,,,,Frage 1,,,,,,1.0,622.0,239.0,548.0,152.0,0.8723308653562923,0.85538551364323,22550.447000000044,529.980712890625,529.0059814453125,0.651906132698059,0.2840082645416259,0.4878926575183868,0.2847077548503875,0.0,0.0,1.0,0.3127828054298642,0.17633302151543495,585.0,195.5,529.493347167969,179.115658460303,5278.65271388207,,,,,,,,,101.0,101.0,22508.01005,22574.62825,66.6182000000044,8.5746947569088,179.115658460303,5278.65271388207,-4969.24377850608,183.925907703684
1377,22549.6465,,,,,,Frage 1,,,,,,1.0,520.0,230.0,460.0,155.0,0.8703588135737073,0.8547105835467042,22567.101000000024,529.9013671875,528.96142578125,0.6526811122894287,0.2843246161937713,0.488724410533905,0.2850489914417266,0.0,0.0,1.0,0.2706353111722807,0.17352666043030865,490.0,192.5,529.431396484375,149.998226026613,-1748.28023186535,,,,,,,,,101.0,101.0,22508.01005,22574.62825,66.6182000000044,8.5746947569088,179.115658460303,5278.65271388207,-4969.24377850608,183.925907703684
1378,22566.3013,,,,,,Frage 1,,,,,,1.0,470.0,238.0,377.0,162.0,0.8644151992770809,0.848855832788747,22583.75600000005,532.0972900390625,531.1571044921875,0.6522886753082275,0.2842335700988769,0.488445907831192,0.2849396169185638,0.0,0.0,1.0,0.22143665158371037,0.18054256314312436,423.5,200.0,531.627197265625,67.2364647443483,-4969.24377850608,,,,,,,,,101.0,101.0,22508.01005,22574.62825,66.6182000000044,8.5746947569088,179.115658460303,5278.65271388207,-4969.24377850608,183.925907703684
1379,22582.9552,,,,,,Frage 1,,,,,,1.0,465.0,228.0,367.0,152.0,0.8591452004181395,0.8529241614261381,22600.410999999964,531.9552612304688,531.0181274414064,0.6523800492286682,0.2844015955924987,0.4885205030441284,0.2850970923900604,0.0,0.0,1.0,0.2697720365905035,0.17118802619270343,416.0,190.0,531.486694335938,14.0471443343169,-3193.80567975235,77.0,76.0,421.8,187.45,22574.62825,22741.17515,166.546899999998,0.132198251599535,,,,,,,,,,
1380,22599.6103,,,,,,Frage 1,,,,,,1.0,467.0,224.0,364.0,149.0,0.8645849455064678,0.8546409479018245,22617.06500000006,531.0855102539064,530.1629028320312,0.6528394222259521,0.2843291461467742,0.4889315962791442,0.2850009500980377,0.0,0.0,1.0,0.2169117647058823,0.1679139382600561,415.5,186.5,530.624206542969,7.04816819233855,-420.23020828325,77.0,76.0,421.8,187.45,22574.62825,22741.17515,166.546899999998,0.132198251599535,,,,,,,,,,
1381,22616.265,,,,,,Frage 1,,,,,,1.0,476.0,224.0,370.0,150.0,0.8639508934143457,0.8530098668352206,22633.71999999997,530.7640380859375,529.8565673828125,0.6531921029090881,0.284216433763504,0.4892633557319641,0.2848294079303741,0.0,0.0,1.0,0.22115384615384612,0.16838166510757713,423.0,187.0,530.310302734375,8.57502271125325,91.6770952893046,77.0,76.0,421.8,187.45,22574.62825,22741.17515,166.546899999998,0.132198251599535,,,,,,,,,,
1382,22632.9209,,,,,,Frage 1,,,,,,1.0,477.0,219.0,372.0,149.0,0.8626428489408335,0.8527259676676344,22650.375,531.0245971679688,530.1220092773438,0.65321546792984,0.2840783298015594,0.4892941117286682,0.2846246361732482,0.0,0.0,1.0,0.26739027329399134,0.16557530402245085,424.5,184.0,530.573303222656,4.45787423969729,-247.188592123847,77.0,76.0,421.8,187.45,22574.62825,22741.17515,166.546899999998,0.132198251599535,,,,,,,,,,
1383,22649.5771,,,,,,Frage 1,,,,,,1.0,477.0,228.0,375.0,154.0,0.8612349537441527,0.8510627470726247,22667.02899999998,531.2360229492188,530.3433227539064,0.6533641815185546,0.2838696837425231,0.4894429445266723,0.2843576371669769,0.0,0.0,1.0,0.22285067873303163,0.1721234798877455,426.0,191.0,530.789672851563,2.43324073947808,-121.554346142548,77.0,76.0,421.8,187.45,22574.62825,22741.17515,166.546899999998,0.132198251599535,,,,,,,,,,
1384,22666.2282,,,,,,Frage 1,,,,,,1.0,480.0,231.0,371.0,142.0,0.8621261214484347,0.8527072196093977,22683.68400000001,531.5107421875,530.6246337890625,0.6534478664398193,0.2839257717132568,0.4895219206809997,0.2843771874904632,0.0,0.0,1.0,0.22256787330316738,0.1679139382600561,425.5,186.5,531.067687988281,5.76015175025553,199.801275037499,77.0,76.0,421.8,187.45,22574.62825,22741.17515,166.546899999998,0.132198251599535,,,,,,,,,,
1385,22682.8849,,,,,,Frage 1,,,,,,1.0,471.0,226.0,370.0,149.0,0.8630098003484791,0.8514894536936802,22700.33900000004,531.4567260742188,530.5775756835938,0.6535630226135253,0.2840938568115234,0.4896331131458282,0.2844694256782531,0.0,0.0,1.0,0.21973981900452486,0.16884939195509818,420.5,187.5,531.017150878906,3.5254778448281,-134.160662401765,77.0,76.0,421.8,187.45,22574.62825,22741.17515,166.546899999998,0.132198251599535,,,,,,,,,,
1386,22699.5379,,,,,,Frage 1,,,,,,1.0,464.0,226.0,380.0,150.0,0.8626827892301011,0.8577075945705622,22716.993000000017,531.5494995117188,530.6741333007812,0.6535912752151489,0.2843904793262481,0.489677608013153,0.2847177684307098,0.0,0.0,1.0,0.2205882352941176,0.16931711880261924,422.0,188.0,531.11181640625,3.0019540760517,-31.4372046343876,77.0,76.0,421.8,187.45,22574.62825,22741.17515,166.546899999998,0.132198251599535,,,,,,,,,,
1387,22716.1934,,,,,,Frage 1,,,,,,1.0,474.0,229.0,372.0,142.0,0.8644801022471406,0.8552890950580119,22733.648000000045,531.4874267578125,530.615478515625,0.653668224811554,0.2849109172821044,0.4897558391094207,0.2852202951908111,0.0,0.0,1.0,0.22115384615384612,0.16697848456501402,423.0,185.5,531.051452636719,0.462818558324157,-152.450272746386,77.0,76.0,421.8,187.45,22574.62825,22741.17515,166.546899999998,0.132198251599535,,,,,,,,,,
1388,22732.8484,,,,,,Frage 1,,,,,,1.0,478.0,229.0,366.0,148.0,0.8648320760463107,0.855173928414557,22750.30300000008,531.4739990234375,530.60400390625,0.6537181735038757,0.2856926321983337,0.4898152351379394,0.2860079407691955,0.0,0.0,1.0,0.2205882352941176,0.1697848456501403,422.0,188.5,531.039001464844,8.43329481496693,478.563569897528,77.0,76.0,421.8,187.45,22574.62825,22741.17515,166.546899999998,0.132198251599535,,,,,,,,,,
1389,22749.5019,,,,,,Frage 1,,,,,,1.0,459.0,232.0,379.0,155.0,0.8538934057650035,0.8528036381946157,22766.957000000053,531.507568359375,530.6719970703125,0.6550700664520263,0.2873984277248382,0.4905252456665039,0.2879703342914581,0.0,0.0,1.0,0.2188914027149321,0.3122426389917371,419.0,193.5,531.089782714844,,,,,,,,,,,,,,,,,,,,
1390,22766.158,,,,,,Frage 1,,,,,,1.0,-1.0,-1.0,-1.0,-1.0,0.0,0.0,22783.611999999965,-1.0,-1.0,-1.0,-1.0,-1.0,-1.0,4.0,4.0,1.0,0.4759322966953752,0.3954061960765668,508.875,,531.120666503906,,,,,,,,,,,,,,,,,,,,
1391,22782.8114,,,,,,Frage 1,,,,,,1.0,-1.0,-1.0,-1.0,-1.0,0.0,0.018097082863962055,22800.267,-1.0,-1.0,-1.0,-1.0,-1.0,-1.0,4.0,4.0,1.0,0.47307184518740275,0.394481298666511,598.75,,531.151550292969,,,,,,,,,,,,,,,,,,,,
1392,22799.4671,,,,,,Frage 1,,,,,,1.0,-1.0,-1.0,-1.0,-1.0,0.0,0.0,22816.92200000002,-1.0,-1.0,-1.0,-1.0,-1.0,-1.0,4.0,4.0,1.0,0.4759322966953752,0.3954061960765668,688.625,,531.182434082031,,,,,,,,,,,,,,,,,,,,
1393,22816.122,,,,,,Frage 1,,,,,,1.0,824.0,-1.0,733.0,-1.0,0.8746174469168593,0.8506076235677511,22833.576,531.6342163085938,530.7924194335938,0.6538503170013427,0.296931654214859,0.4871322214603424,0.2938476204872131,0.0,0.0,1.0,0.42222850678733026,0.37812374609850447,778.5,,531.213317871094,,,,,,,,,,,,,,,,,,,,
1394,22832.7753,,,,,,Frage 1,,,,,,1.0,817.0,-1.0,721.0,-1.0,0.8589055792131346,0.8578174046259495,22850.23100000003,530.4179077148438,529.5715942382812,0.6535599827766418,0.2996200323104858,0.4884625673294067,0.2974263429641723,0.0,0.0,1.0,0.4168552036199094,0.3763830389503982,769.0,,529.994750976563,,,,,,,,,,,,,,,,,,,,
1395,22849.432,,,,,,Frage 1,,,,,,1.0,810.0,-1.0,709.0,-1.0,0.8564473065456172,0.8553292694685193,22866.886000000057,530.1792602539064,529.3287963867188,0.6532782316207885,0.2999192178249359,0.4891812801361084,0.2983191609382629,0.0,0.0,1.0,0.3489634226034041,0.35438595342294216,759.5,,529.754028320313,,,,,,,,,,,,,,,,,,,,
1396,22866.0849,,,,,,Frage 1,,,,,,1.0,800.0,-1.0,697.0,-1.0,0.8633817442922831,0.8509877548396774,22883.54000000004,530.4597778320312,529.6019897460938,0.6529225707054138,0.3002389371395111,0.4895354509353637,0.2990675568580627,0.0,0.0,1.0,0.405260180995475,0.372625723103082,748.5,,530.030883789063,,,,,,,,,,,,,,,,,,,,
1397,22882.7402,,,,,,Frage 1,,,,,,1.0,794.0,-1.0,696.0,-1.0,0.8593877153655286,0.851327898181974,22900.195000000065,530.486083984375,529.58837890625,0.6520100235939025,0.3003472983837127,0.4886240065097808,0.2991633117198944,0.0,0.0,1.0,0.40328054298642524,0.371984228787199,745.0,,530.037231445313,,,,,,,,,,,,,,,,,,,,
1398,22899.3966,,,,,,Frage 1,,,,,,1.0,792.0,-1.0,708.0,-1.0,0.8523469470035484,0.851009181191948,22916.849999999977,530.8349609375,529.965087890625,0.6525753736495971,0.3014024198055267,0.4897213578224182,0.3006737530231475,0.0,0.0,1.0,0.40610859728506776,0.3729002436251993,750.0,,530.400024414063,,,,,,,,,,,,,,,,,,,,
1399,22916.0488,,,,,,Frage 1,,,,,,1.0,787.0,-1.0,696.0,-1.0,0.8608879724811408,0.8537705023408291,22933.50400000008,530.2339477539064,529.3516235351562,0.6523841619491577,0.3016950488090515,0.489828735589981,0.3012503683567047,0.0,0.0,1.0,0.40130090497737547,0.3713431353034217,741.5,,529.792785644531,,,,,,,,,,,,,,,,,,,,
1400,22932.7048,,,,,,Frage 1,,,,,,1.0,785.0,-1.0,684.0,-1.0,0.8599144279302443,0.8543249092058324,22950.158999999985,530.542724609375,529.6375732421875,0.6518556475639343,0.3020401000976562,0.4895026683807373,0.3018316328525543,0.0,0.0,1.0,0.39734162895927594,0.37006036636408657,734.5,,530.090148925781,,,,,,,,,,,,,,,,,,,,
1401,22949.3585,,,,,,Frage 1,,,,,,1.0,789.0,-1.0,697.0,-1.0,0.8569014323586239,0.8397461993558911,22966.814000000013,529.9942016601562,529.0652465820312,0.6514729261398315,0.3023032844066619,0.489242136478424,0.3023311793804168,0.0,0.0,1.0,0.351430802849021,0.35518377320137334,743.0,,529.529724121094,,,,,,,,,,,,,,,,,,,,
1402,22966.0137,,,,,,Frage 1,,,,,,1.0,897.0,-1.0,708.0,-1.0,0.8580097753857984,0.8581816526145507,22983.468,533.7396240234375,532.6551513671875,0.6481987237930297,0.3034934699535369,0.4859054088592529,0.3045870959758758,0.0,0.0,1.0,0.4358031674208144,0.38252213385249156,802.5,,533.197387695313,,,,,,,,,,,,,,,,,,,,
1403,22982.669,,,,,,Frage 1,,,,,,1.0,969.0,-1.0,-1.0,-1.0,0.863526527840878,0.0,23000.12300000002,533.8827514648438,-1.0,0.6459075212478637,0.3073261678218841,-1.0,-1.0,0.0,4.0,1.0,0.5299773755656108,0.41294530495759185,969.0,,533.882751464844,,,,,,,,,,,,,,,,,,,,
1404,22999.3229,,,,,,Frage 1,,,,,,1.0,1355.0,-1.0,-1.0,-1.0,0.8733368613922188,0.8221519621561348,23016.77800000005,532.1605834960938,-1.0,0.6447476744651794,0.304060935974121,-1.0,-1.0,0.0,4.0,1.0,0.7483031674208144,0.4837680156477775,1355.0,,532.160583496094,,,,,,,,,,,,,,,,,,,,
1405,23015.9777,,,,,,Frage 1,,,,,,1.0,1355.0,-1.0,1248.0,-1.0,0.8733368613922188,0.8316290455631382,23033.43200000003,532.2796020507812,531.2345581054688,0.6500030159950256,0.3109401762485504,0.4877957999706268,0.3132206201553344,0.0,0.0,1.0,0.7180429864253393,0.473964787381363,1301.5,,531.757080078125,,,,,,,,,,,,,,,,,,,,
1406,23032.6314,,,,,,Frage 1,,,,,,1.0,-1.0,-1.0,1248.0,-1.0,0.0,0.8316290455631382,23050.087000000058,-1.0,530.9476928710938,-1.0,-1.0,0.4814167320728302,0.3094483613967895,4.0,0.0,1.0,0.6877828054298641,0.464131592703399,1248.0,,530.947692871094,,,,,,,,,,,,,,,,,,,,
1407,23049.2874,,,,,,Frage 1,,,,,,1.0,-1.0,-1.0,1272.0,-1.0,0.0,0.8592288655817789,23066.74199999997,-1.0,530.456298828125,-1.0,-1.0,0.477247416973114,0.3081060647964477,4.0,0.0,1.0,0.7013574660633484,0.4685326128289136,1272.0,,530.456298828125,,,,,,,,,,,,,,,,,,,,
1408,23062.4175,,,,,,Frage 1,1.0,2.37215161323547,29.4203051530099,1.93328869342804,211.546875,,,,,,0.6585048574425887,0.6495113533451946,,,,,,,,,,,0.37959439571535225,0.3642823432120883,,,,,,,,,,,,,,,,,,,,,,,
1409,23065.9425,,,,,,Frage 1,,,,,,1.0,1361.0,-1.0,1272.0,-1.0,0.8684142207399936,0.8592288655817789,23083.397,532.070068359375,530.3692016601562,0.6351791024208068,0.3081326782703399,0.4726420640945434,0.3101134002208709,0.0,0.0,1.0,0.7265271493212668,0.4767163372558939,1316.5,,531.219635009766,,,,,,,,,,,,,,,,,,,,
1410,23082.5954,,,,,,Frage 1,,,,,,1.0,1366.0,-1.0,1244.0,-1.0,0.8684641461015783,0.8559827732127743,23100.050999999978,531.915771484375,530.1494750976562,0.6343091130256652,0.3046278357505798,0.4719630181789398,0.3077421486377716,0.0,0.0,1.0,0.720022624434389,0.47460855385289097,1305.0,,531.032623291016,,,,,,,,,,,,,,,,,,,,
1411,23099.2514,,,,,,Frage 1,,,,,,1.0,1358.0,-1.0,1244.0,-1.0,0.8574294795033272,0.8559827732127743,23116.70600000001,531.866455078125,529.99462890625,0.6319087147712708,0.3033381700515747,0.4695580899715423,0.3064264059066772,0.0,0.0,1.0,0.717760180995475,0.47387516238377175,1301.0,,530.930541992188,,,,,,,,,,,,,,,,,,,,
1412,23115.9054,,,,,,Frage 1,,,,,,1.0,1348.0,-1.0,1239.0,-1.0,0.8690407840278783,0.84915848001457,23133.36100000004,531.5415649414064,529.5774536132812,0.6299093961715698,0.304706186056137,0.4675137996673584,0.3078525960445404,0.0,0.0,1.0,0.7135180995475112,0.47250041605175364,1293.5,,530.559509277344,,,,,,,,,,,,,,,,,,,,
1413,23132.56,,,,,,Frage 1,,,,,,1.0,1353.0,-1.0,1239.0,-1.0,0.869510082426772,0.84915848001457,23150.01500000001,531.6970825195312,529.6072998046875,0.6270744800567627,0.3021457195281982,0.4646979570388793,0.3053521215915679,0.0,0.0,1.0,0.7149321266968325,0.47295857242929185,1296.0,,530.652191162109,,,,,,,,,,,,,,,,,,,,
1414,23149.2149,,,,,,Frage 1,,,,,,1.0,1353.0,-1.0,-1.0,-1.0,0.869510082426772,0.0,23166.67000000004,531.6970825195312,-1.0,0.6270785927772522,0.3021468520164489,-1.0,-1.0,0.0,4.0,1.0,0.7471719457013574,0.4833159310123759,1353.0,,531.697082519531,,,,,,,,,,,,,,,,,,,,
1415,23165.8698,,,,,,Frage 1,,,,,,1.0,1348.0,-1.0,1253.0,-1.0,0.8710228208827802,0.8544829285538283,23183.32500000007,531.6310424804688,529.2791137695312,0.6219689846038818,0.3020050823688507,0.4596156477928161,0.3065499365329742,0.0,0.0,1.0,0.7174773755656108,0.4737838294381522,1300.5,,530.455078125,,,,,,,,,,,,,,,,,,,,
1416,23182.5248,,,,,,Frage 1,,,,,,1.0,1348.0,-1.0,1253.0,-1.0,0.8710228208827802,0.8544829285538283,23199.97900000005,531.6310424804688,529.2791137695312,0.6219731569290161,0.3020068705081939,0.4596115052700042,0.3065481483936309,0.0,0.0,1.0,0.7174773755656108,0.4737838294381522,1300.5,,530.455078125,,,,,,,,,,,,,,,,,,,,
1417,23199.1788,,,,,,Frage 1,,,,,,1.0,1367.0,-1.0,-1.0,-1.0,0.8694326981163161,0.0,23216.63399999996,531.1595458984375,-1.0,0.6172991394996643,0.3013025820255279,-1.0,-1.0,0.0,4.0,1.0,0.7550904977375564,0.4858815169467077,1367.0,,531.159545898438,,,,,,,,,,,,,,,,,,,,
1418,23215.8345,,,,,,Frage 1,,,,,,1.0,1366.0,-1.0,1260.0,-1.0,0.8684267020803897,0.850797327673129,23233.28899999999,532.327392578125,529.6123046875,0.614767014980316,0.3032705783843994,0.4523382186889648,0.3094607591629028,0.0,0.0,1.0,0.3497947385722609,0.3546552239852319,1313.0,,530.969848632813,,,,,,,,,,,,,,,,,,,,
1419,23232.4892,,,,,,Frage 1,,,,,,1.0,1382.0,-1.0,1260.0,-1.0,0.867685310460861,0.8869304607737057,23249.94299999997,532.197998046875,529.3699340820312,0.6129570007324218,0.3034442663192749,0.4505237638950347,0.310812622308731,0.0,0.0,1.0,0.7290723981900451,0.4775438454989592,1321.0,,530.783966064453,,,,,,,,,,,,,,,,,,,,
1420,23249.1428,,,,,,Frage 1,,,,,,1.0,1393.0,-1.0,1399.0,-1.0,0.8574286390788394,0.8563496994954094,23266.598,532.5233154296875,529.6006469726562,0.6107299327850341,0.3057509064674377,0.4482896625995636,0.3131006956100463,0.0,0.0,1.0,0.348811557296742,0.35433688810938535,1396.0,,531.061981201172,,,,,,,,,,,,,,,,,,,,
1421,23265.7987,,,,,,Frage 1,,,,,,1.0,1484.0,-1.0,1397.0,-1.0,0.8715819849325258,0.8519733670441276,23283.253000000022,529.6151123046875,526.6143798828125,0.6100377440452575,0.303459495306015,0.4475736320018768,0.3121813833713531,0.0,0.0,1.0,0.7966628959276016,0.49943947220208423,1440.5,,528.11474609375,,,,,,,,,,,,,,,,,,,,
1422,23282.4517,,,,,,Frage 1,,,,,,1.0,1488.0,-1.0,1392.0,-1.0,0.8690457765640368,0.8488719025529502,23299.907000000007,530.9744873046875,527.8875122070312,0.60853111743927,0.3030681312084198,0.4461914300918579,0.3127933144569397,0.0,0.0,1.0,0.7963800904977374,0.4993474375473439,1440.0,,529.430999755859,,,,,,,,,,,,,,,,,,,,
1423,23299.108,,,,,,Frage 1,,,,,,1.0,1481.0,-1.0,1386.0,-1.0,0.8659179526607722,0.8462552092818959,23316.562000000034,529.8729248046875,526.7490844726562,0.6082537174224854,0.3025735318660736,0.4459578394889831,0.3131569325923919,0.0,0.0,1.0,0.7927036199095021,0.4981558957119576,1433.5,,528.311004638672,,,,,,,,,,,,,,,,,,,,
1424,23315.7625,,,,,,Frage 1,,,,,,1.0,1474.0,-1.0,1388.0,-1.0,0.8665669823613698,0.8463141317506401,23333.217000000062,529.8729248046875,526.7490844726562,0.6082582473754882,0.3025782704353332,0.4459532797336578,0.3131521642208099,0.0,0.0,1.0,0.7912895927601808,0.4976977825695895,1431.0,,528.311004638672,,,,,,,,,,,,,,,,,,,,
1425,23332.4166,,,,,,Frage 1,,,,,,1.0,1479.0,-1.0,1372.0,-1.0,0.8630622219781428,0.8436679772452139,23349.87199999997,528.7250366210938,525.5613403320312,0.6079322099685668,0.301591157913208,0.4456748068332672,0.3130356967449188,0.0,0.0,1.0,0.7881787330316741,0.4966894814853898,1425.5,,527.143188476563,,,,,,,,,,,,,,,,,,,,
1426,23349.0716,,,,,,Frage 1,,,,,,1.0,1480.0,-1.0,1360.0,-1.0,0.862660322817388,0.8495146931210699,23366.52600000007,528.7959594726562,525.6130981445312,0.6078084111213684,0.3005721867084503,0.4456762671470642,0.3126410841941833,0.0,0.0,1.0,0.7850678733031673,0.49568216601997583,1420.0,,527.204528808594,,,,,,,,,,,,,,,,,,,,
1427,23365.7258,,,,,,Frage 1,,,,,,1.0,1474.0,-1.0,1364.0,-1.0,0.8602913644102068,0.8463864456895538,23383.180999999982,527.9627075195312,524.7767944335938,0.6080833077430725,0.2993396818637847,0.4460243284702301,0.3119250237941741,0.0,0.0,1.0,0.7845022624434388,0.49549850597107786,1419.0,,526.369750976563,,,,,,,,,,,,,,,,,,,,
1428,23382.3821,,,,,,Frage 1,,,,,,1.0,1509.0,-1.0,1378.0,-1.0,0.8651191468754212,0.8408504119216224,23399.83600000001,527.908447265625,524.7152099609375,0.6082016825675964,0.2978235483169555,0.4462364017963409,0.3108855485916137,0.0,0.0,1.0,0.7983597285067872,0.49998787070735795,1443.5,,526.311828613281,,,,,,,,,,,,,,,,,,,,
1429,23399.0352,,,,,,Frage 1,,,,,,1.0,1508.0,-1.0,1380.0,-1.0,0.864305363481595,0.8390934510354284,23416.48999999999,527.33837890625,524.1461791992188,0.6085314154624939,0.2963018119335174,0.4466302990913391,0.3097995221614837,0.0,0.0,1.0,0.7986425339366514,0.50007928926468,1444.0,,525.742279052734,,,,,,,,,,,,,,,,,,,,
1430,23415.6895,,,,,,Frage 1,,,,,,1.0,1477.0,-1.0,1375.0,-1.0,0.8594750847483014,0.8362999903581416,23433.14500000001,527.6939697265625,524.5014038085938,0.6088066697120667,0.2945654392242431,0.4469636082649231,0.3084836602210998,0.0,0.0,1.0,0.7884615384615383,0.496780224864247,1426.0,,526.097686767578,,,,,,,,,,,,,,,,,,,,
1431,23432.345,,,,,,Frage 1,,,,,,1.0,1482.0,-1.0,1370.0,-1.0,0.8593827228293703,0.8344332194165605,23449.800000000047,526.7440795898438,523.5732421875,0.6096675992012023,0.2929320037364959,0.4477932751178741,0.3071823716163635,0.0,0.0,1.0,0.7884615384615383,0.49678002778857766,1426.0,,525.158660888672,,,,,,,,,,,,,,,,,,,,
1432,23448.9994,,,,,,Frage 1,,,,,,1.0,1477.0,-1.0,1373.0,-1.0,0.8578200590117775,0.8041474684541655,23466.454000000027,526.7440185546875,523.5733032226562,0.6096729040145874,0.2929384410381317,0.4477879106998443,0.3071759045124054,0.0,0.0,1.0,0.7878959276018098,0.49659357205838356,1425.0,,525.158660888672,,,,,,,,,,,,,,,,,,,,
1433,23465.6544,,,,,,Frage 1,,,,,,1.0,1321.0,-1.0,-1.0,-1.0,0.8611700507740928,0.0,23483.10900000005,524.315185546875,-1.0,0.6134804487228394,0.2896138429641723,-1.0,-1.0,0.0,4.0,1.0,0.7290723981900451,0.4774514519594433,1321.0,,524.315185546875,,,,,,,,,,,,,,,,,,,,
1434,23482.3081,,,,,,Frage 1,,,,,,1.0,1321.0,-1.0,-1.0,-1.0,0.8611700507740928,0.0,23499.763999999966,524.3578491210938,-1.0,0.6160832047462463,0.2926346361637115,-1.0,-1.0,0.0,4.0,1.0,0.7290723981900451,0.4774514519594433,1321.0,,524.357849121094,,,,,,,,,,,,,,,,,,,,
1435,23498.9633,,,,,,Frage 1,,,,,,1.0,-1.0,-1.0,-1.0,-1.0,0.0,0.0,23516.418000000063,-1.0,-1.0,-1.0,-1.0,-1.0,-1.0,4.0,4.0,1.0,0.4759322966953752,0.3954061960765668,987.833333333333,,523.884704589844,,,,,,,,,,,,,,,,,,,,
1436,23515.6176,,,,,,Frage 1,,,,,,1.0,-1.0,-1.0,-1.0,-1.0,0.0,0.0,23533.07299999997,-1.0,-1.0,-1.0,-1.0,-1.0,-1.0,4.0,4.0,1.0,0.4759322966953752,0.3954061960765668,654.666666666667,,523.411560058594,,,,,,,,,,,,,,,,,,,,
1437,23532.2726,,,,,,Frage 1,,,,,,1.0,378.0,-1.0,265.0,-1.0,0.8582394320490868,0.840839698745487,23549.728000000003,524.2095336914064,521.6672973632812,0.6268414258956909,0.2895161807537078,0.4633897244930267,0.3054503798484802,0.0,0.0,1.0,0.16374434389140266,0.2943740484641772,321.5,,522.938415527344,,,,,,,,,,,,,,,,,,,,
1438,23548.9285,,,,,,Frage 1,,,,,,1.0,383.0,-1.0,295.0,-1.0,0.8576627941227866,0.8403281445850252,23566.381999999983,525.6534423828125,523.353759765625,0.6323793530464172,0.2834717035293579,0.4687797725200653,0.2989473044872283,0.0,0.0,1.0,0.17364253393665152,0.29758096179143134,339.0,,524.503601074219,,,,,,,,,,,,,,,,,,,,
1439,23565.582,,,,,,Frage 1,,,,,,1.0,389.0,-1.0,314.0,-1.0,0.8586887603033466,0.8420904620592868,23583.037000000008,525.8040771484375,523.6527709960938,0.6357483863830566,0.2825509011745452,0.4719354510307312,0.2977338731288909,0.0,0.0,1.0,0.18071266968325786,0.2998718830127636,351.5,,524.728424072266,,,,,,,,,,,,,,,,,,,,
1440,23582.238,,,,,,Frage 1,,,,,,1.0,386.0,-1.0,310.0,-1.0,0.8458974731625781,0.844530387924108,23599.69200000004,525.0089721679688,523.0119018554688,0.6394164562225341,0.2814770936965942,0.4752914607524871,0.2963882982730865,0.0,0.0,1.0,0.1787330316742081,0.29923031498919267,348.0,,524.010437011719,,,,,,,,,,,,,,,,,,,,
1441,23598.8914,,,,,,Frage 1,,,,,,1.0,387.0,-1.0,319.0,-1.0,0.8624131922775451,0.8466757014452075,23616.347000000067,525.471435546875,523.5966796875,0.642152428627014,0.2806968390941619,0.4778268635272979,0.2953581809997558,0.0,0.0,1.0,0.18156108597285062,0.3001473676264762,353.0,,524.534057617188,,,,,,,,,,,,,,,,,,,,
1442,23615.547,,,,,,Frage 1,,,,,,1.0,383.0,-1.0,309.0,-1.0,0.8596772824627185,0.8457356202393325,23633.001000000047,523.9462280273438,522.20849609375,0.6455195546150208,0.279794305562973,0.4808693528175354,0.2942224740982055,0.0,0.0,1.0,0.17760180995475108,0.2988643848836062,346.0,,523.077362060547,,,,,,,,,,,,,,,,,,,,
1443,23632.2017,,,,,,Frage 1,,,,,,1.0,384.0,-1.0,299.0,-1.0,0.8594326481909547,0.8568760961410913,23649.656000000075,524.8483276367188,523.20166015625,0.6474356055259703,0.2791401743888855,0.48259037733078,0.2932713627815246,0.0,0.0,1.0,0.17505656108597278,0.2980408811310016,341.5,,524.024993896484,,,,,,,,,,,,,,,,,,,,
1444,23648.8581,,,,,,Frage 1,,,,,,1.0,396.0,-1.0,304.0,-1.0,0.8499635706227483,0.8487567359094952,23666.310999999987,523.8091430664064,522.2723388671875,0.650073766708374,0.2786487638950347,0.484930008649826,0.2925212979316711,0.0,0.0,1.0,0.1798642533936651,0.29959740180275196,350.0,,523.040740966797,,,,,,,,,,,,,,,,,,,,
1445,23665.5142,,,,,,Frage 1,,,,,,1.0,403.0,-1.0,315.0,-1.0,0.8594800772844597,0.8499003674619418,23682.964999999967,524.4945068359375,523.0333862304688,0.651637315750122,0.2783535420894622,0.4862983226776123,0.2919353544712066,0.0,0.0,1.0,0.18495475113122167,0.30124714335595476,359.0,,523.763946533203,,,,,,,,,,,,,,,,,,,,
1446,23682.1676,,,,,,Frage 1,,,,,,1.0,396.0,-1.0,310.0,-1.0,0.8607781366856551,0.8490138521367431,23699.619999999995,523.8167724609375,522.4553833007812,0.6539726853370667,0.2786165177822113,0.4885876178741455,0.2921774983406066,0.0,0.0,1.0,0.18156108597285062,0.3001475563679924,353.0,,523.136077880859,,,,,,,,,,,,,,,,,,,,
1447,23698.8232,,,,,,Frage 1,,,,,,1.0,395.0,-1.0,292.0,-1.0,0.8615719499348475,0.8588078073871366,23716.275000000023,523.6655883789064,522.3525390625,0.6550166010856628,0.2782497704029083,0.4893244504928588,0.2914152443408966,0.0,0.0,1.0,0.17618778280542982,0.2984076655262086,343.5,,523.009063720703,,,,,,,,,,,,,,,,,,,,
1448,23715.4751,,,,,,Frage 1,,,,,,1.0,408.0,-1.0,302.0,-1.0,0.8542837482181375,0.8532455567101979,23732.929000000004,522.822021484375,521.5848999023438,0.656801700592041,0.2785989940166473,0.4908069968223571,0.2914696335792541,0.0,0.0,1.0,0.18269230769230763,0.30051429329108026,355.0,,522.203460693359,,,,,,,,,,,,,,,,,,,,
1449,23732.1281,,,,,,Frage 1,,,,,,1.0,415.0,-1.0,307.0,-1.0,0.8653313296621551,0.8539579829231972,23749.58400000003,522.715087890625,521.5345458984375,0.658044159412384,0.278919368982315,0.4918442666530609,0.2915603518486022,0.0,0.0,1.0,0.1860859728506787,0.30161427187333434,361.0,,522.124816894531,,,,,,,,,,,,,,,,,,,,
1450,23748.7869,,,,,,Frage 1,,,,,,1.0,415.0,-1.0,299.0,-1.0,0.8653013744452044,0.852991118776984,23766.23900000006,522.1580200195312,521.05078125,0.6597302556037902,0.2797466814517974,0.4935012757778167,0.2923520505428314,0.0,0.0,1.0,0.18382352941176464,0.3008811451081846,357.0,,521.604400634766,,,,,,,,,,,,,,,,,,,,
1451,23765.4377,,,,,,Frage 1,,,,,,1.0,413.0,-1.0,293.0,-1.0,0.8654037214364525,0.8547239750168732,23782.89300000004,522.044189453125,520.971435546875,0.6604461669921875,0.2798649966716766,0.4939907789230346,0.2921662628650665,0.0,0.0,1.0,0.18156108597285062,0.30014830331128034,353.0,,521.5078125,,,,,,,,,,,,,,,,,,,,
1452,23782.0939,,,,,,Frage 1,,,,,,1.0,421.0,-1.0,293.0,-1.0,0.867178568040779,0.8547239750168732,23799.548000000068,521.59619140625,520.5855712890625,0.6618748903274536,0.2806167006492614,0.4953849613666534,0.2928834855556488,0.0,0.0,1.0,0.18382352941176464,0.30088138749551074,357.0,,521.090881347656,,,,,,,,,,,,,,,,,,,,
1453,23798.7479,,,,,,Frage 1,,,,,,1.0,420.0,-1.0,304.0,-1.0,0.8682744297275573,0.8565827110763528,23816.20299999998,521.372314453125,520.3934326171875,0.6624918580055236,0.2807595431804657,0.4958185851573944,0.2926876842975616,0.0,0.0,1.0,0.18665158371040722,0.30179789864499257,362.0,,520.882873535156,,,,,,,,,,,,,,,,,,,,
1454,23815.4026,,,,,,Frage 1,,,,,,1.0,414.0,-1.0,305.0,-1.0,0.8694127279716823,0.854948951715715,23832.85699999996,520.6248779296875,519.694580078125,0.6635674238204956,0.2813092172145843,0.4967602789402008,0.2929645478725433,0.0,0.0,1.0,0.18523755656108593,0.301339625821038,359.5,,520.159729003906,,,,,,,,,,,,,,,,,,,,
1455,23832.0562,,,,,,Frage 1,,,,,,1.0,487.0,-1.0,396.0,-1.0,0.8733892830218822,0.8601127026129436,23849.511999999988,524.3475952148438,523.4074096679688,0.6625303626060485,0.2820118069648742,0.4958110749721527,0.2933532893657684,0.0,0.0,1.0,0.23161764705882346,0.3163673128135053,441.5,,523.877502441406,,,,,,,,,,,,,,,,,,,,
1456,23848.7118,,,,,,Frage 1,,,,,,1.0,524.0,-1.0,563.0,-1.0,0.869971892021428,0.8573126543561003,23866.167000000016,521.1119995117188,520.1495971679688,0.6624640226364135,0.2827130258083343,0.4954932034015655,0.2938279509544372,0.0,0.0,1.0,0.2893099547511312,0.335059053206014,543.5,,520.630798339844,,,,,,,,,,,,,,,,,,,,
1457,23865.3671,,,,,,Frage 1,,,,,,1.0,996.0,-1.0,883.0,-1.0,0.8697583998046503,0.8691706930353642,23882.822000000044,518.0186157226562,517.0433349609375,0.6625295281410217,0.2830868065357208,0.4954863190650939,0.2940292060375213,0.0,0.0,1.0,0.346903475346633,0.3537204165713366,939.5,,517.530975341797,,,,,,,,,,,,,,,,,,,,
1458,23882.0204,,,,,,Frage 1,,,,,,1.0,1004.0,-1.0,920.0,-1.0,0.8838062097164741,0.864719368351135,23899.476000000024,520.551513671875,519.578369140625,0.662061333656311,0.2833842039108276,0.4952059984207153,0.2942745685577392,0.0,0.0,1.0,0.5260180995475112,0.4117530526499632,962.0,,520.06494140625,,,,,,,,,,,,,,,,,,,,
1459,23898.6765,,,,,,Frage 1,,,,,,1.0,992.0,-1.0,900.0,-1.0,0.8831646688201139,0.8651318256323451,23916.13100000005,520.4536743164064,519.519775390625,0.6629077792167662,0.2836708128452301,0.4960897564888,0.2945265769958496,0.0,0.0,1.0,0.5169683257918551,0.4088209730811419,946.0,,519.986724853516,,,,,,,,,,,,,,,,,,,,
1460,23915.3302,,,,,,Frage 1,,,,,,1.0,976.0,-1.0,893.0,-1.0,0.8818266691296511,0.8669905616918246,23932.785999999964,520.6461791992188,519.7467651367188,0.6636475324630737,0.2836098968982696,0.4968292713165283,0.29445281624794,0.0,0.0,1.0,0.5104638009049773,0.40671367415722653,934.5,,520.196472167969,,,,,,,,,,,,,,,,,,,,
1461,23931.9848,,,,,,Frage 1,,,,,,1.0,973.0,-1.0,878.0,-1.0,0.8848920863309353,0.8684716582925339,23949.44000000006,521.1044311523438,520.2242431640625,0.6640094518661499,0.2832790911197662,0.4972724318504333,0.2941736876964569,0.0,0.0,1.0,0.5053733031674207,0.4050646229161269,925.5,,520.664337158203,,,,,,,,,,,,,,,,,,,,
1462,23948.6409,,,,,,Frage 1,,,,,,1.0,975.0,-1.0,868.0,-1.0,0.8852141049131549,0.8661602905413367,23966.09499999997,521.3380126953125,520.4845581054688,0.6645401716232299,0.283147245645523,0.4978781938552856,0.2940466105937957,0.0,0.0,1.0,0.5031108597285067,0.4043313680989303,921.5,,520.911285400391,,,,,,,,,,,,,,,,,,,,
1463,23965.2943,,,,,,Frage 1,,,,,,1.0,968.0,-1.0,878.0,-1.0,0.8885066825096481,0.8685386156433798,23982.75,521.508056640625,520.6800537109375,0.6650378108024597,0.2831868529319763,0.498481661081314,0.2941024303436279,0.0,0.0,1.0,0.5039592760180994,0.4046066090204189,923.0,,521.094055175781,,,,,,,,,,,,,,,,,,,,
1464,23981.95,,,,,,Frage 1,,,,,,1.0,967.0,-1.0,886.0,-1.0,0.8903139805990045,0.8726203357509401,23999.40399999998,521.5555419921875,520.7546997070312,0.6655967235565186,0.2834542989730835,0.4991547763347625,0.294407844543457,0.0,0.0,1.0,0.5059389140271492,0.4052484903277024,926.5,,521.155120849609,,,,,,,,,,,,,,,,,,,,
1465,23998.6035,,,,,,Frage 1,,,,,,1.0,979.0,-1.0,887.0,-1.0,0.8745796398653285,0.8740210835306342,24016.05900000001,521.8826293945312,521.1015625,0.665952444076538,0.2836471498012542,0.4996082186698913,0.2946326434612274,0.0,0.0,1.0,0.5096153846153846,0.40643927985535,933.0,,521.492095947266,,,,,,,,,,,,,,,,,,,,
1466,24015.2593,,,,,,Frage 1,,,,,,1.0,977.0,-1.0,884.0,-1.0,0.8928601740398104,0.8781349431666006,24032.71400000004,521.4153442382812,520.6528930664064,0.6664333343505859,0.2838591933250427,0.5001692771911621,0.2949056327342987,0.0,0.0,1.0,0.5082013574660633,0.4059821732336424,930.5,,521.034118652344,,,,,,,,,,,,,,,,,,,,
1467,24031.9131,,,,,,Frage 1,,,,,,1.0,970.0,-1.0,872.0,-1.0,0.8945476512613643,0.8791767995457613,24049.368000000017,521.2621459960938,520.5103149414064,0.6666963696479797,0.2838842570781707,0.5005106329917907,0.2949999272823333,0.0,0.0,1.0,0.34555992019120974,0.35328697103913514,921.0,,520.88623046875,,,,,,,,,,,,,,,,,,,,
1468,24048.5673,,,,,,Frage 1,,,,,,1.0,976.0,-1.0,872.0,-1.0,0.8987488704386941,0.8776233890061386,24066.023000000045,521.109130859375,520.3714599609375,0.667055606842041,0.2837413251399993,0.5009456872940063,0.2949352860450744,0.0,0.0,1.0,0.5045248868778279,0.40479114939320554,924.0,,520.740295410156,,,,,,,,,,,,,,,,,,,,
1469,24065.2234,,,,,,Frage 1,,,,,,1.0,977.0,-1.0,870.0,-1.0,0.9004113849794557,0.8802909698638355,24082.67800000008,520.9773559570312,520.2509765625,0.6673643589019775,0.2835106551647186,0.5013244152069091,0.2948052585124969,0.0,0.0,1.0,0.5042420814479637,0.4046998536401684,923.5,,520.614166259766,,,,,,,,,,,,,,,,,,,,
1470,24081.8765,,,,,,Frage 1,,,,,,1.0,976.0,-1.0,866.0,-1.0,0.9005312058472583,0.8806766442047074,24099.332000000053,521.0151977539064,520.3025512695312,0.6677033901214598,0.2831794619560241,0.5017341375350952,0.2945669591426849,0.0,0.0,1.0,0.5028280542986424,0.4042417568949577,921.0,,520.658874511719,,,,,,,,,,,,,,,,,,,,
1471,24085.1967,,,,,,Frage 1,1.0,8.1466760635376,29.4144221136429,0.572490453720093,211.609375,,,,,,0.6585048574425887,0.6495113533451946,,,,,,,,,,,0.37959439571535225,0.3642823432120883,,,,,,,,,,,,,,,,,,,,,,,
1472,24098.5318,,,,,,Frage 1,,,,,,1.0,974.0,-1.0,875.0,-1.0,0.901112836309717,0.8815711944120073,24115.986999999965,520.6756591796875,519.9796142578125,0.6681775450706481,0.2830453515052795,0.5022832751274108,0.2945598363876342,0.0,0.0,1.0,0.5048076923076922,0.4048832662910428,924.5,,520.32763671875,,,,,,,,,,,,,,,,,,,,
1473,24115.1871,,,,,,Frage 1,,,,,,1.0,967.0,-1.0,878.0,-1.0,0.9006685005916155,0.8826746515539461,24132.642,520.7322387695312,520.0542602539064,0.6686367392539978,0.2829175889492034,0.5028328895568847,0.294584572315216,0.0,0.0,1.0,0.5036764705882352,0.40451685358330247,922.5,,520.393249511719,,,,,,,,,,,,,,,,,,,,
1474,24131.8414,,,,,,Frage 1,,,,,,1.0,966.0,-1.0,886.0,-1.0,0.9019216271673848,0.884865496073621,24149.29700000002,520.0410766601562,519.3905639648438,0.6694217324256897,0.2829057276248931,0.5036733150482177,0.2947025895118713,0.0,0.0,1.0,0.3447315722232959,0.3530194245574833,926.0,,519.7158203125,,,,,,,,,,,,,,,,,,,,
1475,24148.4963,,,,,,Frage 1,,,,,,1.0,969.0,-1.0,892.0,-1.0,0.901157769135143,0.8836147327598213,24165.951,520.1846313476562,519.5645141601562,0.6701438426971436,0.2829797863960266,0.5044612884521484,0.2949151992797851,0.0,0.0,1.0,0.5082013574660633,0.40598301809351833,930.5,,519.874572753906,,,,,,,,,,,,,,,,,,,,
1476,24165.15,,,,,,Frage 1,,,,,,1.0,959.0,-1.0,875.0,-1.0,0.9009705490292014,0.8690228691441011,24182.60600000003,519.9111328125,519.3240966796875,0.6709870100021362,0.2830628454685211,0.5053406357765197,0.2951050996780395,0.0,0.0,1.0,0.5005656108597284,0.4035075350289843,917.0,,519.617614746094,,,,,,,,,,,,,,,,,,,,
1477,24181.806,,,,,,Frage 1,,,,,,1.0,959.0,-1.0,866.0,-1.0,0.8834456043330671,0.88325048477122,24199.261000000057,520.3331298828125,519.7864990234375,0.6718573570251464,0.2831904888153076,0.5062120556831359,0.2952724397182464,0.0,0.0,1.0,0.4980203619909501,0.4026837786751847,912.5,,520.059814453125,,,,,,,,,,,,,,,,,,,,
1478,24198.4599,,,,,,Frage 1,,,,,,1.0,871.0,-1.0,740.0,-1.0,0.9015896235128482,0.8866920926046945,24215.91500000004,518.7600708007812,518.3027954101562,0.6741147637367249,0.2836608588695526,0.5086702108383178,0.2958804368972778,0.0,0.0,1.0,0.43749999999999994,0.3830763120506149,805.5,,518.531433105469,,,,,,,,,,,,,,,,,,,,
1479,24215.1146,,,,,,Frage 1,,,,,,1.0,826.0,-1.0,746.0,-1.0,0.8951517481365359,0.869702103078174,24232.570000000065,517.94873046875,517.5643920898438,0.6758539676666259,0.2837059795856475,0.5106237530708313,0.2960041165351867,0.0,0.0,1.0,0.42647058823529405,0.37950083439645993,786.0,,517.756561279297,,,,,,,,,,,,,,,,,,,,
1480,24231.7715,,,,,,Frage 1,,,,,,1.0,851.0,-1.0,735.0,-1.0,0.888718865296382,0.8860519803306087,24249.224999999977,518.6658935546875,518.3319091796875,0.6768131256103515,0.2832162380218505,0.511627972126007,0.295424610376358,0.0,0.0,1.0,0.4304298642533936,0.3807851143917988,793.0,,518.498901367188,,,,,,,,,,,,,,,,,,,,
1481,24248.4236,,,,,,Frage 1,,,,,,1.0,851.0,-1.0,732.0,-1.0,0.8883244549398649,0.8830683607769196,24265.87900000008,519.1012573242188,518.8328857421875,0.6782227754592896,0.2825412452220916,0.5130372643470764,0.2947030961513519,0.0,0.0,1.0,0.4295814479638008,0.3805099067379591,791.5,,518.967071533203,,,,,,,,,,,,,,,,,,,,
1482,24265.0792,,,,,,Frage 1,,,,,,1.0,856.0,-1.0,743.0,-1.0,0.8902515738970239,0.8837727521078174,24282.533999999985,519.2828369140625,519.08056640625,0.679639160633087,0.2821261584758758,0.5144435763359069,0.2941773831844329,0.0,0.0,1.0,0.43410633484162886,0.3819760944680038,799.5,,519.181701660156,,,,,,,,,,,,,,,,,,,,
1483,24281.7346,,,,,,Frage 1,,,,,,1.0,865.0,-1.0,745.0,-1.0,0.8923134913304611,0.8856877323420075,24299.189000000013,519.1605834960938,519.027099609375,0.681184709072113,0.2816510796546936,0.515939950942993,0.2935891151428222,0.0,0.0,1.0,0.43721719457013564,0.3829842716819805,805.0,,519.093841552734,,,,,,,,,,,,,,,,,,,,
1484,24298.3879,,,,,,Frage 1,,,,,,1.0,865.0,-1.0,746.0,-1.0,0.8905661036750059,0.8863653407325669,24315.843,519.29541015625,519.2208251953125,0.6824519634246826,0.281302124261856,0.5171685814857482,0.2931262850761413,0.0,0.0,1.0,0.43749999999999994,0.3830759122789484,805.5,,519.258117675781,,,,,,,,,,,,,,,,,,,,
1485,24315.043,,,,,,Frage 1,,,,,,1.0,856.0,-1.0,741.0,-1.0,0.887525649154514,0.8844958914969521,24332.49800000002,519.36083984375,519.3541259765625,0.6839109659194946,0.2810628712177276,0.5185734629631042,0.2927363514900207,0.0,0.0,1.0,0.43354072398190036,0.38179282284203186,798.5,,519.357482910156,,,,,,,,,,,,,,,,,,,,
1486,24331.6977,,,,,,Frage 1,,,,,,1.0,853.0,-1.0,738.0,-1.0,0.8865196531185877,0.8610773581714651,24349.15300000005,519.354736328125,519.4117431640625,0.6852785348892211,0.2808173596858978,0.5198671221733093,0.2923105359077453,0.0,0.0,1.0,0.43184389140271484,0.3812405866410079,795.5,,519.383239746094,,,,,,,,,,,,,,,,,,,,
1487,24348.3525,,,,,,Frage 1,,,,,,1.0,853.0,-1.0,743.0,-1.0,0.8838786014907714,0.8584577691163656,24365.80700000003,519.6864013671875,519.8162841796875,0.6867821812629699,0.2805452644824981,0.5213038325309753,0.2918544709682464,0.0,0.0,1.0,0.4332579185520361,0.38169836755243064,798.0,,519.751342773438,,,,,,,,,,,,,,,,,,,,
1488,24365.0079,,,,,,Frage 1,,,,,,1.0,858.0,-1.0,736.0,-1.0,0.8844623366250294,0.8843726899713957,24382.462000000058,519.8897705078125,520.0855712890625,0.6881715059280396,0.2801299095153808,0.5225974321365356,0.2912680506706237,0.0,0.0,1.0,0.4326923076923076,0.3815178239002084,797.0,,519.987670898438,,,,,,,,,,,,,,,,,,,,
1489,24381.6615,,,,,,Frage 1,,,,,,1.0,847.0,-1.0,733.0,-1.0,0.8791182182636957,0.8848681743676549,24399.11699999997,520.0093383789064,520.2765502929688,0.689707338809967,0.2794564962387085,0.5240285396575927,0.290416270494461,0.0,0.0,1.0,0.42873303167420806,0.380234903800715,790.0,,520.142944335938,,,,,,,,,,,,,,,,,,,,
1490,24398.3179,,,,,,Frage 1,,,,,,1.0,852.0,-1.0,739.0,-1.0,0.8799170240490467,0.8848012170168089,24415.772,520.0748291015625,520.408203125,0.6911210417747496,0.2789036929607391,0.5253313779830932,0.2896746098995208,0.0,0.0,1.0,0.43184389140271484,0.38124283311888163,795.5,,520.241516113281,,,,,,,,,,,,,,,,,,,,
1491,24414.9708,,,,,,Frage 1,,,,,,1.0,857.0,-1.0,744.0,-1.0,0.8843079596003974,0.8871527591785137,24432.425999999978,519.7716674804688,520.1747436523438,0.6926759481430053,0.2783194482326507,0.5267656445503234,0.2888747155666351,0.0,0.0,1.0,0.43467194570135737,0.3821595048311812,800.5,,519.973205566406,,,,,,,,,,,,,,,,,,,,
1492,24431.6267,,,,,,Frage 1,,,,,,1.0,858.0,-1.0,737.0,-1.0,0.8835690642489479,0.8875812862239268,24449.08100000001,520.1962280273438,520.6548461914064,0.6937276721000671,0.2778869271278381,0.5277440547943115,0.2882209718227386,0.0,0.0,1.0,0.43297511312217185,0.3816097558824998,797.5,,520.425537109375,,,,,,,,,,,,,,,,,,,,
1493,24448.2813,,,,,,Frage 1,,,,,,1.0,862.0,-1.0,732.0,-1.0,0.8844702170255468,0.8871688289427165,24465.73600000004,519.9143676757812,520.4321899414064,0.6950289607048034,0.277570903301239,0.5289387106895446,0.2876955568790435,0.0,0.0,1.0,0.4326923076923076,0.3815181147601829,797.0,,520.173278808594,,,,,,,,,,,,,,,,,,,,
1494,24464.9344,,,,,,Frage 1,,,,,,1.0,861.0,-1.0,738.0,-1.0,0.8846624296676469,0.8881330147948963,24482.39000000001,519.837890625,520.4076538085938,0.6960979700088501,0.27735236287117,0.529938519001007,0.2872626483440399,0.0,0.0,1.0,0.43410633484162886,0.3819763621490646,799.5,,520.122772216797,,,,,,,,,,,,,,,,,,,,
1495,24481.59,,,,,,Frage 1,,,,,,1.0,865.0,-1.0,733.0,-1.0,0.8817817363042252,0.8871581157665812,24499.04500000004,519.5720825195312,520.19873046875,0.6973233222961425,0.2772270739078521,0.5310842990875244,0.2869258821010589,0.0,0.0,1.0,0.4338235294117646,0.3818845370733831,799.0,,519.885406494141,,,,,,,,,,,,,,,,,,,,
1496,24498.2441,,,,,,Frage 1,,,,,,1.0,861.0,-1.0,727.0,-1.0,0.882545594336467,0.8873536312310512,24515.70000000007,519.5743408203125,520.2479248046875,0.6982901096343994,0.2771693170070648,0.5320090055465698,0.2867082953453064,0.0,0.0,1.0,0.4309954751131221,0.3809683011334835,794.0,,519.9111328125,,,,,,,,,,,,,,,,,,,,
1497,24514.8998,,,,,,Frage 1,,,,,,1.0,863.0,-1.0,731.0,-1.0,0.8880748281319429,0.8842334186816365,24532.35400000005,519.467529296875,520.194091796875,0.6994104981422424,0.2769133150577545,0.5330873131752014,0.2862814962863922,0.0,0.0,1.0,0.4326923076923076,0.38151792930561296,797.0,,519.830810546875,,,,,,,,,,,,,,,,,,,,
1498,24531.5548,,,,,,Frage 1,,,,,,1.0,869.0,-1.0,743.0,-1.0,0.8883943504460833,0.8855859571687218,24549.00899999996,519.3128662109375,520.0885009765625,0.7004452943801879,0.2767174243927002,0.5340741872787474,0.285907506942749,0.0,0.0,1.0,0.4377828054298642,0.38316738737049216,806.0,,519.70068359375,,,,,,,,,,,,,,,,,,,,
1499,24548.2079,,,,,,Frage 1,,,,,,1.0,870.0,-1.0,752.0,-1.0,0.8867468135137968,0.8917888861510771,24565.66399999999,518.9580078125,519.7738647460938,0.7014780640602111,0.2761779427528381,0.5350750684738159,0.2854019999504089,0.0,0.0,1.0,0.44061085972850667,0.3840842589663091,811.0,,519.365936279297,,,,,,,,,,,,,,,,,,,,
1500,24564.8724,,,,,,Frage 1,,,,,,1.0,870.0,-1.0,744.0,-1.0,0.8883419288164195,0.8937708237361129,24582.31799999997,519.4754028320312,520.3233032226562,0.70191091299057,0.2766824066638946,0.5354776382446289,0.2856532037258148,0.0,0.0,1.0,0.4383484162895927,0.3833514925932054,807.0,,519.899353027344,,,,,,,,,,,,,,,,,,,,
1501,24581.5175,,,,,,Frage 1,,,,,,1.0,864.0,-1.0,729.0,-1.0,0.8879350371195064,0.89260844412543,24598.973,518.6629638671875,519.5418090820312,0.7026623487472534,0.2771447896957397,0.5361551642417907,0.2859094440937042,0.0,0.0,1.0,0.3433734727862355,0.35257974474555354,796.5,,519.102386474609,,,,,,,,,,,,,,,,,,,,
1502,24598.1723,,,,,,Frage 1,,,,,,1.0,868.0,-1.0,726.0,-1.0,0.886691895616054,0.8933985408654103,24615.628000000022,519.0404663085938,519.9303588867188,0.7027226090431213,0.27763032913208,0.536182165145874,0.2862379848957061,0.0,0.0,1.0,0.4326923076923076,0.38151883593052377,797.0,,519.485412597656,,,,,,,,,,,,,,,,,,,,
1503,24614.827,,,,,,Frage 1,,,,,,1.0,860.0,-1.0,732.0,-1.0,0.8967032019588304,0.8970999432201665,24632.282000000007,518.2984008789064,519.1981811523438,0.7030583024024963,0.2782199084758758,0.5364471077919006,0.2867318093776702,0.0,0.0,1.0,0.4321266968325791,0.3813362965128222,796.0,,518.748291015625,,,,,,,,,,,,,,,,,,,,
1504,24631.4817,,,,,,Frage 1,,,,,,1.0,857.0,-1.0,734.0,-1.0,0.8978132099994433,0.8982542879487481,24648.937000000034,518.203369140625,519.1032104492188,0.7030321359634399,0.2786597609519958,0.5364025831222534,0.287103533744812,0.0,0.0,1.0,0.43184389140271484,0.3812448251566637,795.5,,518.653289794922,,,,,,,,,,,,,,,,,,,,
1505,24648.1373,,,,,,Frage 1,,,,,,1.0,864.0,-1.0,735.0,-1.0,0.8856659294354939,0.8994354156176682,24665.592000000062,517.8921508789064,518.792724609375,0.7031159400939941,0.2789844274520874,0.5364695191383361,0.2874208986759185,0.0,0.0,1.0,0.43410633484162886,0.3819775700912684,799.5,,518.342437744141,,,,,,,,,,,,,,,,,,,,
1506,24664.7916,,,,,,Frage 1,,,,,,1.0,814.0,-1.0,716.0,-1.0,0.8952491025916257,0.9013825353802641,24682.24699999997,516.537109375,517.447998046875,0.7036972045898438,0.2784096002578735,0.5370013713836669,0.2868732213973999,0.0,0.0,1.0,0.4145927601809954,0.375655747372764,765.0,,516.992553710938,,,,,,,,,,,,,,,,,,,,
1507,24681.4461,,,,,,Frage 1,,,,,,1.0,794.0,-1.0,700.0,-1.0,0.8984257703790772,0.8989185048691385,24698.90100000007,516.56396484375,517.5199584960938,0.7045454978942871,0.2806758880615234,0.5373709201812744,0.2887133657932281,0.0,0.0,1.0,0.40441176470588225,0.37235698291809183,747.0,,517.041961669922,,,,,,,,,,,,,,,,,,,,
1508,24698.1012,,,,,,Frage 1,,,,,,1.0,-1.0,-1.0,-1.0,-1.0,0.0,0.0,24715.555999999982,-1.0,-1.0,-1.0,-1.0,-1.0,-1.0,4.0,4.0,1.0,0.4759322966953752,0.3954061960765668,591.25,,516.97380065918,,,,,,,,,,,,,,,,,,,,
1509,24714.7556,,,,,,Frage 1,,,,,,1.0,474.0,567.0,397.0,613.0,0.9228703088882121,0.9270111309900047,24732.21100000001,516.4490966796875,517.3621826171875,0.7040908932685852,0.2764565348625183,0.5360404253005981,0.2846795320510864,0.0,0.0,1.0,0.22822398190045243,0.3152763695516198,435.5,590.0,516.905639648438,,,,,,,,,,,,,,,,,,,,
1510,24731.4108,,,,,,Frage 1,,,,,,1.0,468.0,569.0,412.0,610.0,0.9102220177158606,0.9190378496512861,24748.86499999999,517.7777709960938,518.7592163085938,0.7051365375518798,0.2704358100891113,0.5378364920616149,0.2786199748516082,0.0,0.0,1.0,0.2307692307692307,0.5449017773620205,440.0,589.5,518.268493652344,11.1989475984668,,78.0,77.0,458.785714285714,600.285714285714,24723.0832,24839.66585,116.58265,0.524633264243015,,,,,,,,,,
1511,24748.0642,,,,,,Frage 1,,,,,,1.0,472.0,566.0,422.0,608.0,0.9193231119476383,0.9165173121858329,24765.52000000001,518.104248046875,519.0759887695312,0.704655110836029,0.2706121206283569,0.5377402901649475,0.2787173986434936,0.0,0.0,1.0,0.2347285067873303,0.5425631431244153,447.0,587.0,518.590118408203,18.9093273353309,462.991325306809,78.0,77.0,458.785714285714,600.285714285714,24723.0832,24839.66585,116.58265,0.524633264243015,,,,,,,,,,
1512,24764.7203,,,,,,Frage 1,,,,,,1.0,481.0,577.0,439.0,604.0,0.918394500222168,0.9183816676129972,24782.175000000047,517.6333618164064,518.6021118164064,0.7046304941177368,0.2702818214893341,0.5379671454429626,0.2784105241298675,0.0,0.0,1.0,0.24208144796380085,0.5458372310570626,460.0,590.5,518.117736816406,19.0094351174835,6.01027744506133,78.0,77.0,458.785714285714,600.285714285714,24723.0832,24839.66585,116.58265,0.524633264243015,,,,,,,,,,
1513,24781.3748,,,,,,Frage 1,,,,,,1.0,488.0,592.0,438.0,605.0,0.7053575764843791,0.713381116313802,24798.829000000027,517.2644653320312,518.2239379882812,0.7044982314109802,0.269817054271698,0.5379731655120848,0.2779870927333831,0.0,0.0,1.0,0.24377828054298636,0.5533208606173994,463.0,598.5,517.744201660156,16.4565293432178,-153.286245415091,78.0,77.0,458.785714285714,600.285714285714,24723.0832,24839.66585,116.58265,0.524633264243015,,,,,,,,,,
1514,24798.0285,,,,,,Frage 1,,,,,,1.0,488.0,603.0,436.0,611.0,0.920321619179327,0.9179906366840577,24815.48400000005,516.87890625,517.8324584960938,0.704455554485321,0.2693649232387542,0.5380171537399292,0.2775746285915374,0.0,0.0,1.0,0.24321266968325786,0.5612722170252572,462.0,607.0,517.355682373047,15.7019971539659,-45.3071803414251,78.0,77.0,458.785714285714,600.285714285714,24723.0832,24839.66585,116.58265,0.524633264243015,,,,,,,,,,
1515,24814.6842,,,,,,Frage 1,,,,,,1.0,501.0,610.0,438.0,616.0,0.9224359582424275,0.9186602101925158,24832.138999999966,516.5260620117188,517.4734497070312,0.7043953537940979,0.2687554955482482,0.5379971861839294,0.2769722938537597,0.0,0.0,1.0,0.24745475113122165,0.5668849391955098,469.5,613.0,516.999755859375,12.1765948598923,-211.663412169632,78.0,77.0,458.785714285714,600.285714285714,24723.0832,24839.66585,116.58265,0.524633264243015,,,,,,,,,,
1516,24831.3381,,,,,,Frage 1,,,,,,1.0,501.0,609.0,439.0,624.0,0.9219766449158509,0.9184030939652679,24848.793000000063,516.73046875,517.6671142578125,0.7041043639183044,0.2681443989276886,0.5377465486526489,0.2763644754886627,0.0,0.0,1.0,0.2477375565610859,0.5701590271281571,470.0,616.5,517.198791503906,1.75501650913437,-625.774043963107,78.0,77.0,458.785714285714,600.285714285714,24723.0832,24839.66585,116.58265,0.524633264243015,,,,,,,,,,
1517,24847.9936,,,,,,Frage 1,,,,,,1.0,495.0,603.0,442.0,626.0,0.9197025446956799,0.9155507108192368,24865.44799999997,516.4107055664064,517.3357543945312,0.7039000988006591,0.2675409018993377,0.5375513434410095,0.2757346630096435,0.0,0.0,1.0,0.24688914027149314,0.5682881197380729,468.5,614.5,516.873229980469,107.412704111446,6343.71154287213,,,,,,,,,102.0,102.0,24839.66585,24906.2846,66.6187499999978,8.08327205074686,183.645790161279,6343.71154287213,-5021.57093072111,238.007591379447
1518,24864.6483,,,,,,Frage 1,,,,,,1.0,428.0,522.0,390.0,528.0,0.9229177379817174,0.9179397490974149,24882.103000000003,515.1309814453125,516.0540771484375,0.704181432723999,0.266430526971817,0.5379160642623901,0.2746892273426055,0.0,0.0,1.0,0.213235294117647,0.4845650140318054,409.0,525.0,515.592529296875,183.645790161279,4577.27164403064,,,,,,,,,102.0,102.0,24839.66585,24906.2846,66.6187499999978,8.08327205074686,183.645790161279,6343.71154287213,-5021.57093072111,238.007591379447
1519,24881.3017,,,,,,Frage 1,,,,,,1.0,384.0,455.0,340.0,461.0,0.9211528764497077,0.9224526745444221,24898.756999999983,513.962158203125,514.8796997070312,0.7042859196662902,0.2653027474880218,0.5381466150283813,0.2735503613948822,0.0,0.0,1.0,0.18665158371040722,0.3018064991684674,362.0,458.0,514.420928955078,121.58430989797,-3726.65523336447,,,,,,,,,102.0,102.0,24839.66585,24906.2846,66.6187499999978,8.08327205074686,183.645790161279,6343.71154287213,-5021.57093072111,238.007591379447
1520,24897.9579,,,,,,Frage 1,,,,,,1.0,379.0,418.0,310.0,414.0,0.7304242002051132,0.7374936568133025,24915.412000000008,515.0999145507812,515.9905395507812,0.7033019065856932,0.2650570571422576,0.5372816920280457,0.2732014060020446,0.0,0.0,1.0,0.17675339366515835,0.382600561272217,344.5,416.0,515.545227050781,37.9440201616867,-5021.57093072111,,,,,,,,,102.0,102.0,24839.66585,24906.2846,66.6187499999978,8.08327205074686,183.645790161279,6343.71154287213,-5021.57093072111,238.007591379447
1521,24914.6113,,,,,,Frage 1,,,,,,1.0,387.0,423.0,322.0,416.0,0.9170090714381999,0.9212527988172653,24932.06700000004,515.4468994140625,516.31640625,0.7027305364608764,0.2649307250976562,0.5367136597633361,0.2730591595172882,0.0,0.0,1.0,0.18240950226244337,0.3858746492048643,354.5,419.5,515.881652832031,10.2687579843591,-1661.83855412882,79.0,78.0,328.777777777778,417.722222222222,24906.2846,25206.06955,299.784950000001,0.552877558285739,,,,,,,,,,
1522,24931.2674,,,,,,Frage 1,,,,,,1.0,391.0,419.0,320.0,409.0,0.9187339926809421,0.9229642287048843,24948.722000000067,515.4729614257812,516.3251953125,0.7023617029190063,0.2646363377571106,0.5363454222679138,0.2728004157543182,0.0,0.0,1.0,0.18297511312217188,0.38072965388213276,355.5,414.0,515.899078369141,14.3924552693428,247.578802059526,79.0,78.0,328.777777777778,417.722222222222,24906.2846,25206.06955,299.784950000001,0.552877558285739,,,,,,,,,,
1523,24947.9213,,,,,,Frage 1,,,,,,1.0,387.0,414.0,306.0,399.0,0.9178228548320261,0.9221607404947344,24965.376000000047,515.7636108398438,516.5982666015625,0.7019031047821044,0.2643580138683319,0.5358899235725402,0.2725248634815216,0.0,0.0,1.0,0.17788461538461534,0.3737137511693171,346.5,406.5,516.180938720703,12.2229125803736,-130.272349958208,79.0,78.0,328.777777777778,417.722222222222,24906.2846,25206.06955,299.784950000001,0.552877558285739,,,,,,,,,,
1524,24964.5751,,,,,,Frage 1,,,,,,1.0,380.0,411.0,309.0,402.0,0.9181997913119886,0.915031056063782,24982.031000000075,515.6878051757812,516.5093994140625,0.7016513347625732,0.2641061544418335,0.5356273651123046,0.2723022103309631,0.0,0.0,1.0,0.17675339366515835,0.3737137511693171,344.5,406.5,516.098602294922,5.20162112962098,-421.602964533871,79.0,78.0,328.777777777778,417.722222222222,24906.2846,25206.06955,299.784950000001,0.552877558285739,,,,,,,,,,
1525,24981.2314,,,,,,Frage 1,,,,,,1.0,379.0,421.0,308.0,401.0,0.9182222577247016,0.9210090740601866,24998.685999999987,516.1509399414064,516.9599609375,0.7012988328933715,0.2638135850429534,0.535305380821228,0.2720667719841003,0.0,0.0,1.0,0.17618778280542982,0.29841600993591016,343.5,411.0,516.555450439453,7.34199526826274,128.502376796855,79.0,78.0,328.777777777778,417.722222222222,24906.2846,25206.06955,299.784950000001,0.552877558285739,,,,,,,,,,
1526,24997.8841,,,,,,Frage 1,,,,,,1.0,377.0,424.0,304.0,402.0,0.9178627951212937,0.9211215624096076,25015.339999999967,516.361083984375,517.1614990234375,0.7011134028434753,0.2636999785900116,0.5351371169090271,0.2720333635807037,0.0,0.0,1.0,0.1744909502262443,0.29786624073319234,340.5,413.0,516.761291503906,6.25575160367472,-65.2292820136141,79.0,78.0,328.777777777778,417.722222222222,24906.2846,25206.06955,299.784950000001,0.552877558285739,,,,,,,,,,
1527,25014.5406,,,,,,Frage 1,,,,,,1.0,375.0,422.0,299.0,404.0,0.9174633922286183,0.9210787097050663,25031.994999999995,517.3936767578125,518.189208984375,0.7008230686187744,0.2638015449047088,0.5349195599555969,0.2722333669662475,0.0,0.0,1.0,0.17251131221719454,0.3797942001870907,337.0,413.0,517.791442871094,18.1480862270952,713.975602522725,79.0,78.0,328.777777777778,417.722222222222,24906.2846,25206.06955,299.784950000001,0.552877558285739,,,,,,,,,,
1528,25031.1958,,,,,,Frage 1,,,,,,1.0,369.0,424.0,272.0,405.0,0.9166471125667127,0.9211429887618783,25048.650000000023,518.0280151367188,518.82373046875,0.7007418274879454,0.2639757990837097,0.5348621606826782,0.2724945247173309,0.0,0.0,1.0,0.16317873303167418,0.3811973807296538,320.5,414.5,518.425872802734,22.2509719298371,246.342625891113,79.0,78.0,328.777777777778,417.722222222222,24906.2846,25206.06955,299.784950000001,0.552877558285739,,,,,,,,,,
1529,25047.8481,,,,,,Frage 1,,,,,,1.0,358.0,423.0,268.0,413.0,0.9169702814078736,0.9215206282206485,25065.304000000004,518.5936889648438,519.387939453125,0.7006318569183348,0.2641838788986206,0.5347763299942015,0.2727810144424438,0.0,0.0,1.0,0.15893665158371037,0.38447146866230114,313.0,418.0,518.990814208984,8.11826418643019,-848.694038866023,79.0,78.0,328.777777777778,417.722222222222,24906.2846,25206.06955,299.784950000001,0.552877558285739,,,,,,,,,,
1530,25064.504,,,,,,Frage 1,,,,,,1.0,355.0,427.0,278.0,417.0,0.9178593977732498,0.920237725378443,25081.95900000003,518.5161743164064,519.3141479492188,0.7008113265037536,0.2644563913345336,0.53497177362442,0.2731710076332092,0.0,0.0,1.0,0.3553261006946582,0.3882132834424695,316.5,422.0,518.915161132813,5.77500508070185,-140.686429777323,79.0,78.0,328.777777777778,417.722222222222,24906.2846,25206.06955,299.784950000001,0.552877558285739,,,,,,,,,,
1531,25081.159,,,,,,Frage 1,,,,,,1.0,353.0,430.0,272.0,418.0,0.9148647771581485,0.9179397490974149,25098.61400000006,518.7689208984375,519.56982421875,0.7008883953094482,0.264829009771347,0.5350898504257202,0.2736615240573883,0.0,0.0,1.0,0.15865384615384612,0.39008419083255375,312.5,424.0,519.169372558594,6.78654465593704,60.7348889363715,79.0,78.0,328.777777777778,417.722222222222,24906.2846,25206.06955,299.784950000001,0.552877558285739,,,,,,,,,,
1532,25097.8133,,,,,,Frage 1,,,,,,1.0,355.0,433.0,265.0,418.0,0.9118867293396372,0.9150739744812144,25115.26800000004,518.6300659179688,519.4401245117188,0.7011772990226744,0.2651470601558685,0.5353943109512329,0.2740625441074371,0.0,0.0,1.0,0.15723981900452486,0.39148737137511685,310.0,425.5,519.035095214844,4.89362570788302,-113.659472211609,79.0,78.0,328.777777777778,417.722222222222,24906.2846,25206.06955,299.784950000001,0.552877558285739,,,,,,,,,,
1533,25107.6235,,,,,,Frage 1,1.0,2.76621317863464,29.4142526433731,1.14622485637665,211.578125,,,,,,0.6585048574425887,0.6495113533451946,,,,,,,,,,,0.37959439571535225,0.3642823432120883,,,,,,,,,,,,,,,,,,,,,,,
1534,25114.4681,,,,,,Frage 1,,,,,,1.0,358.0,423.0,269.0,415.0,0.9120015576712814,0.9128536687271674,25131.923000000068,519.182861328125,520.0088500976562,0.7013919949531555,0.2655366361141204,0.5356641411781311,0.2744547426700592,0.0,0.0,1.0,0.15921945701357462,0.38540692235734325,313.5,419.0,519.595855712891,10.0248709572284,308.094077944281,79.0,78.0,328.777777777778,417.722222222222,24906.2846,25206.06955,299.784950000001,0.552877558285739,,,,,,,,,,
1535,25131.1221,,,,,,Frage 1,,,,,,1.0,356.0,421.0,275.0,412.0,0.9086116256196985,0.90987808405558,25148.57799999998,519.100830078125,519.9480590820312,0.7018685936927795,0.2656883597373962,0.5361858606338501,0.2745983898639679,0.0,0.0,1.0,0.16035067873303163,0.293283357177942,315.5,416.5,519.524444580078,7.44333646691238,-155.009876925402,79.0,78.0,328.777777777778,417.722222222222,24906.2846,25206.06955,299.784950000001,0.552877558285739,,,,,,,,,,
1536,25147.7771,,,,,,Frage 1,,,,,,1.0,354.0,428.0,286.0,420.0,0.905146805525739,0.9120287541647473,25165.23199999996,519.6544189453125,520.5247192382812,0.7022596597671508,0.2656231820583343,0.5366365313529968,0.2745438516139984,0.0,0.0,1.0,0.16289592760180988,0.39008419083255375,320.0,424.0,520.089569091797,9.40922466068534,118.035916768124,79.0,78.0,328.777777777778,417.722222222222,24906.2846,25206.06955,299.784950000001,0.552877558285739,,,,,,,,,,
1537,25164.431,,,,,,Frage 1,,,,,,1.0,358.0,430.0,287.0,418.0,0.9025456941871901,0.909398669423524,25181.886999999988,519.7586059570312,520.656982421875,0.7028289437294006,0.2655391097068786,0.5372541546821594,0.2744236588478088,0.0,0.0,1.0,0.16430995475113114,0.39008419083255375,322.5,424.0,520.207794189453,7.63274996603179,-106.670191045547,79.0,78.0,328.777777777778,417.722222222222,24906.2846,25206.06955,299.784950000001,0.552877558285739,,,,,,,,,,
1538,25181.0877,,,,,,Frage 1,,,,,,1.0,376.0,427.0,281.0,422.0,0.9060210982153362,0.9102369754561136,25198.542000000016,520.2304077148438,521.161865234375,0.7033768892288208,0.2653720080852508,0.5378692150115966,0.274150937795639,0.0,0.0,1.0,0.1677036199095022,0.3905519176800748,328.5,424.5,520.696136474609,1.02652348230385,-396.610762259518,79.0,78.0,328.777777777778,417.722222222222,24906.2846,25206.06955,299.784950000001,0.552877558285739,,,,,,,,,,
1539,25197.743,,,,,,Frage 1,,,,,,1.0,376.0,425.0,271.0,422.0,0.9023959181024368,0.9080996968171154,25215.197000000044,520.6217651367188,521.5850219726562,0.703912615776062,0.2652357518672943,0.5384553670883178,0.2739027738571167,0.0,0.0,1.0,0.16487556561085964,0.3896164639850327,323.5,423.5,521.103393554688,17.8246070966268,1008.57286355241,79.0,78.0,328.777777777778,417.722222222222,24906.2846,25206.06955,299.784950000001,0.552877558285739,,,,,,,,,,
1540,25214.3961,,,,,,Frage 1,,,,,,1.0,351.0,427.0,274.0,399.0,0.8980973444700173,0.8943600484235561,25231.851000000024,519.5979614257812,520.5846557617188,0.7045226693153381,0.2645186483860015,0.5391340255737304,0.2730022668838501,0.0,0.0,1.0,0.15865384615384612,0.3797942001870907,312.5,413.0,520.09130859375,275.113324849027,15449.8992831575,,,,,,,,,103.0,103.0,25206.06955,25239.3784,33.3088500000013,9.7119475935651,285.267041569038,15449.8992831575,,310.502848385332
1541,25231.0512,,,,,,Frage 1,,,,,,1.0,514.0,224.0,480.0,170.0,0.8927852859974338,0.8866117437836796,25248.50600000005,520.3734741210938,521.3572998046875,0.7041124701499939,0.2636229991912841,0.538968801498413,0.2719686329364776,0.0,0.0,1.0,0.2630090497737556,0.1777362020579981,497.0,197.0,520.865386962891,285.267041569038,609.646097592415,,,,,,,,,103.0,103.0,25206.06955,25239.3784,33.3088500000013,9.7119475935651,285.267041569038,15449.8992831575,,310.502848385332
1542,25247.7056,,,,,,Frage 1,,,,,,1.0,525.0,211.0,478.0,157.0,0.894577606478315,0.8905890104239204,25265.160999999964,522.3840942382812,523.3846435546875,0.703941524028778,0.2634152472019195,0.5390352606773376,0.2717265784740448,0.0,0.0,1.0,0.2655542986425339,0.16557530402245085,501.5,184.0,522.884368896484,19.449802971765,-15960.7814509848,80.0,79.0,492.708333333333,182.125,25239.3784,25439.23495,199.856549999997,0.190054983893115,,,,,,,,,,
1543,25264.3592,,,,,,Frage 1,,,,,,1.0,523.0,200.0,466.0,153.0,0.8954712704506763,0.8915933706866075,25281.81500000006,522.84765625,523.8858032226562,0.7045674324035645,0.2635954022407531,0.5397369265556335,0.2717846035957336,0.0,0.0,1.0,0.26159502262443435,0.15855940130963514,494.5,176.5,523.366729736328,13.6958817298883,-345.506151335297,80.0,79.0,492.708333333333,182.125,25239.3784,25439.23495,199.856549999997,0.190054983893115,,,,,,,,,,
1544,25281.0161,,,,,,Frage 1,,,,,,1.0,520.0,199.0,456.0,156.0,0.8955885950503998,0.8912210878159048,25298.46999999997,522.6446533203125,523.7062377929688,0.7050489783287048,0.2633982896804809,0.5402488112449646,0.2714759707450866,0.0,0.0,1.0,0.25791855203619907,0.15949485500467725,488.0,177.5,523.175445556641,4.13402526757289,-574.047779737789,80.0,79.0,492.708333333333,182.125,25239.3784,25439.23495,199.856549999997,0.190054983893115,,,,,,,,,,
1545,25297.6689,,,,,,Frage 1,,,,,,1.0,525.0,206.0,457.0,152.0,0.8936964238463497,0.8893623517564252,25315.125,522.9793701171875,524.0534057617188,0.7052072882652282,0.263110727071762,0.5404528379440307,0.2711347937583923,0.0,0.0,1.0,0.2596153846153846,0.16089803554724036,491.0,179.0,523.516387939453,8.46970303603882,260.35728336772,80.0,79.0,492.708333333333,182.125,25239.3784,25439.23495,199.856549999997,0.190054983893115,,,,,,,,,,
1546,25314.3242,,,,,,Frage 1,,,,,,1.0,530.0,209.0,461.0,157.0,0.8935965731231809,0.8867269104271343,25331.77899999998,522.8426513671875,523.9291381835938,0.7054923772811889,0.2628684043884277,0.5407511591911315,0.2708583176136016,0.0,0.0,1.0,0.26216063348416285,0.16463985032740874,495.5,183.0,523.385894775391,5.80609456030474,-159.92557778811,80.0,79.0,492.708333333333,182.125,25239.3784,25439.23495,199.856549999997,0.190054983893115,,,,,,,,,,
1547,25330.9779,,,,,,Frage 1,,,,,,1.0,529.0,205.0,462.0,162.0,0.8922485883604012,0.8750248310495506,25348.43400000001,523.1693115234375,524.2619018554688,0.7055264711380004,0.2626398205757141,0.5408269762992858,0.2706024050712585,0.0,0.0,1.0,0.26216063348416285,0.1651075771749298,495.5,183.5,523.715606689453,3.30969848800325,-149.900386839027,80.0,79.0,492.708333333333,182.125,25239.3784,25439.23495,199.856549999997,0.190054983893115,,,,,,,,,,
1548,25347.6343,,,,,,Frage 1,,,,,,1.0,528.0,204.0,463.0,155.0,0.8921162861522025,0.8829049848408558,25365.08900000004,523.279541015625,524.3795776367188,0.7056403160095214,0.2623758614063262,0.5409691929817199,0.2703093588352203,0.0,0.0,1.0,0.26216063348416285,0.3262661443978217,495.5,179.5,523.829559326172,3.09079603650637,-13.142242711323,80.0,79.0,492.708333333333,182.125,25239.3784,25439.23495,199.856549999997,0.190054983893115,,,,,,,,,,
1549,25364.2888,,,,,,Frage 1,,,,,,1.0,521.0,212.0,466.0,160.0,0.8910928162397216,0.8825648414985591,25381.743000000017,523.514892578125,524.6199340820312,0.7056765556335449,0.2621277570724487,0.5410491824150085,0.2700428366661071,0.0,0.0,1.0,0.26102941176470584,0.16744621141253505,493.5,186.0,524.067413330078,7.13187311536746,242.641753211555,80.0,79.0,492.708333333333,182.125,25239.3784,25439.23495,199.856549999997,0.190054983893115,,,,,,,,,,
1550,25380.9451,,,,,,Frage 1,,,,,,1.0,524.0,214.0,466.0,160.0,0.891367405728436,0.8739430274528407,25398.398000000045,523.66748046875,524.7791137695312,0.7057595252990722,0.261959820985794,0.5411654114723204,0.2698448002338409,0.0,0.0,1.0,0.26595644930941875,0.16838166510757713,495.0,187.0,524.223297119141,3.0906788169264,-242.622569144437,80.0,79.0,492.708333333333,182.125,25239.3784,25439.23495,199.856549999997,0.190054983893115,,,,,,,,,,
1551,25397.5989,,,,,,Frage 1,,,,,,1.0,523.0,206.0,461.0,160.0,0.8865636657062926,0.8812872952444211,25415.05300000008,523.83154296875,524.9492797851562,0.7058202028274536,0.2619757950305938,0.5412344336509703,0.2698123455047607,0.0,0.0,1.0,0.2632943375924389,0.16463985032740874,492.0,183.0,524.390411376953,10.8226860574763,464.278857711147,80.0,79.0,492.708333333333,182.125,25239.3784,25439.23495,199.856549999997,0.190054983893115,,,,,,,,,,
1552,25414.2513,,,,,,Frage 1,,,,,,1.0,509.0,207.0,458.0,162.0,0.888449268343826,0.8814694192387217,25431.707000000053,523.927734375,525.0512084960938,0.705908179283142,0.2619919776916503,0.5413148403167723,0.2698010206222534,0.0,0.0,1.0,0.2553733031674208,0.1660430308699719,483.5,184.5,524.489471435547,4.68997491911344,-368.277914196346,80.0,79.0,492.708333333333,182.125,25239.3784,25439.23495,199.856549999997,0.190054983893115,,,,,,,,,,
1553,25430.9076,,,,,,Frage 1,,,,,,1.0,508.0,207.0,466.0,157.0,0.88519144066744,0.8798999389348959,25448.361999999965,524.034423828125,525.1616821289064,0.7059569358825682,0.2620047926902771,0.5413876175880432,0.2698047757148742,0.0,0.0,1.0,0.25735294117647056,0.1637043966323667,487.0,182.0,524.598052978516,8.11532185452634,205.648729634622,80.0,79.0,492.708333333333,182.125,25239.3784,25439.23495,199.856549999997,0.190054983893115,,,,,,,,,,
1554,25447.5623,,,,,,Frage 1,,,,,,1.0,518.0,205.0,466.0,169.0,0.8862250934852396,0.8781483346367698,25465.017,523.949462890625,525.0802001953125,0.7060285210609436,0.2619510889053344,0.5414769053459167,0.2697242200374603,0.0,0.0,1.0,0.2601809954751131,0.3256240574230264,492.0,187.0,524.514831542969,35.1047478477449,1620.52909948627,,,,,,,,,104.0,104.0,25439.23495,25489.1984,49.9634500000029,2.28516333090044,62.6129227025481,1651.69622953606,-1489.31136107532,169.695153531234
1555,25464.2168,,,,,,Frage 1,,,,,,1.0,479.0,211.0,422.0,170.0,0.8840508439882375,0.8787429159122805,25481.67200000002,522.8843383789064,524.0296630859375,0.7065971493721008,0.2620019018650054,0.5420348644256591,0.2697622179985046,0.0,0.0,1.0,0.23670814479638005,0.17165575304022448,450.5,190.5,523.457000732422,62.6129227025481,1651.69622953606,,,,,,,,,104.0,104.0,25439.23495,25489.1984,49.9634500000029,2.28516333090044,62.6129227025481,1651.69622953606,-1489.31136107532,169.695153531234
1556,25480.8713,,,,,,Frage 1,,,,,,1.0,455.0,221.0,397.0,177.0,0.8819889265548007,0.8831058568933932,25498.326,522.088623046875,523.2473754882812,0.7070645689964294,0.2619354128837585,0.5424990057945251,0.2696689665317535,0.0,0.0,1.0,0.22285067873303163,0.1796071094480823,426.0,199.0,522.667999267578,37.8091866395185,-1489.31136107532,,,,,,,,,104.0,104.0,25439.23495,25489.1984,49.9634500000029,2.28516333090044,62.6129227025481,1651.69622953606,-1489.31136107532,169.695153531234
1557,25497.5255,,,,,,Frage 1,,,,,,1.0,452.0,226.0,382.0,198.0,0.8798271583981947,0.8795115862999905,25514.98100000003,522.8560791015625,524.0115966796875,0.7067334055900573,0.2618044912815094,0.542197585105896,0.2694403231143951,0.0,0.0,1.0,0.21776018099547506,0.19176800748362954,417.0,212.0,523.433837890625,6.33295208827339,-1889.98778393699,81.0,80.0,411.857142857143,199.642857142857,25489.1984,25605.78225,116.583849999999,0.294763032055154,,,,,,,,,,
1558,25514.1819,,,,,,Frage 1,,,,,,1.0,456.0,220.0,383.0,182.0,0.8801067404230675,0.8774573347760409,25531.636000000057,523.23974609375,524.3972778320312,0.706649661064148,0.2617989182472229,0.5421154499053955,0.2693827152252197,0.0,0.0,1.0,0.21917420814479635,0.18147801683816647,419.5,201.0,523.818511962891,15.3264432616964,539.942074723413,81.0,80.0,411.857142857143,199.642857142857,25489.1984,25605.78225,116.583849999999,0.294763032055154,,,,,,,,,,
1559,25530.8351,,,,,,Frage 1,,,,,,1.0,452.0,217.0,373.0,175.0,0.8795900129306686,0.8785259740955402,25548.29000000004,523.639404296875,524.7988891601562,0.7065790891647338,0.2617212533950805,0.5420328974723815,0.2692720293998718,0.0,0.0,1.0,0.21521493212669676,0.17680074836295598,412.5,196.0,524.219146728516,11.4624154748175,-232.029146763305,81.0,80.0,411.857142857143,199.642857142857,25489.1984,25605.78225,116.583849999999,0.294763032055154,,,,,,,,,,
1560,25547.4899,,,,,,Frage 1,,,,,,1.0,442.0,222.0,372.0,182.0,0.8803506175039895,0.8760324823500423,25564.945000000065,523.9291381835938,525.0899658203125,0.706522226333618,0.2616676390171051,0.5419678688049316,0.2691823244094848,0.0,0.0,1.0,0.21210407239818999,0.18241347053320858,407.0,202.0,524.509552001953,4.79334336451655,-400.429432373904,81.0,80.0,411.857142857143,199.642857142857,25489.1984,25605.78225,116.583849999999,0.294763032055154,,,,,,,,,,
1561,25564.1556,,,,,,Frage 1,,,,,,1.0,446.0,225.0,382.0,177.0,0.8797248114069466,0.8754968235432758,25581.599999999977,524.2782592773438,525.4382934570312,0.706408679485321,0.2616865634918212,0.5418675541877745,0.2691887021064758,0.0,0.0,1.0,0.21606334841628952,0.18147801683816647,414.0,201.0,524.858276367188,10.3011263056996,330.486144667421,81.0,80.0,411.857142857143,199.642857142857,25489.1984,25605.78225,116.583849999999,0.294763032055154,,,,,,,,,,
1562,25580.7979,,,,,,Frage 1,,,,,,1.0,448.0,226.0,378.0,160.0,0.8780822670108188,0.8773743076609922,25598.25400000008,524.2608642578125,525.4164428710938,0.7063241600990295,0.2616883218288421,0.541782259941101,0.2692049145698547,0.0,0.0,1.0,0.21549773755656101,0.1739943872778297,413.0,193.0,524.838653564453,14.5478992408454,255.179448462352,81.0,80.0,411.857142857143,199.642857142857,25489.1984,25605.78225,116.583849999999,0.294763032055154,,,,,,,,,,
1563,25597.4545,,,,,,Frage 1,,,,,,1.0,438.0,223.0,362.0,162.0,0.878309427406028,0.8778403308228792,25614.908999999985,524.6589965820312,525.8070068359375,0.706059455871582,0.261679470539093,0.5415123105049133,0.2691941857337951,0.0,0.0,1.0,0.20814479638009045,0.17352666043030865,400.0,192.5,525.233001708984,10.2457190749256,-258.286815191589,81.0,80.0,411.857142857143,199.642857142857,25489.1984,25605.78225,116.583849999999,0.294763032055154,,,,,,,,,,
1564,25614.11,,,,,,Frage 1,,,,,,1.0,443.0,219.0,362.0,174.0,0.8802190724866326,0.8806739659106736,25631.564000000013,525.2401123046875,526.3847045898438,0.705850601196289,0.2616449892520904,0.5412953495979309,0.2691563069820404,0.0,0.0,1.0,0.20955882352941171,0.17726847521047703,402.5,196.5,525.812408447266,50.5956865627797,2422.6212054788,,,,,,,,,105.0,105.0,25605.78225,25672.39945,66.6172000000006,12.2560831657574,296.169902257753,10903.9383005288,-3345.60659536321,0.0789197565814523
1565,25630.7621,,,,,,Frage 1,,,,,,1.0,495.0,222.0,416.0,177.0,0.8807557701236651,0.8825782329687283,25648.218,528.2332763671875,529.3518676757812,0.7045472860336303,0.2615551948547363,0.5400577783584594,0.2690367400646209,0.0,0.0,1.0,0.23953619909502258,0.3189354805792711,455.5,199.5,528.792572021484,114.547363561183,3840.45717947919,,,,,,,,,105.0,105.0,25605.78225,25672.39945,66.6172000000006,12.2560831657574,296.169902257753,10903.9383005288,-3345.60659536321,0.0789197565814523
1566,25647.4187,,,,,,Frage 1,,,,,,1.0,506.0,227.0,549.0,177.0,0.877610472343846,0.8787080980898406,25664.87300000002,526.2782592773438,527.341064453125,0.70370614528656,0.261448711156845,0.5391193628311157,0.2688566744327545,0.0,0.0,1.0,0.28026018099547506,0.18241347053320858,527.5,202.0,526.809661865234,296.169902257753,10903.9383005288,,,,,,,,,105.0,105.0,25605.78225,25672.39945,66.6172000000006,12.2560831657574,296.169902257753,10903.9383005288,-3345.60659536321,0.0789197565814523
1567,25664.0721,,,,,,Frage 1,,,,,,1.0,782.0,221.0,749.0,173.0,0.8795126286202128,0.8775751797135296,25681.52800000005,523.2030029296875,524.2266235351562,0.7035556435585022,0.2612244784832,0.5388548970222473,0.2686395943164825,0.0,0.0,1.0,0.41487556561085964,0.1777362020579981,765.5,197.0,523.714813232422,240.454177382522,-3345.60659536321,,,,,,,,,105.0,105.0,25605.78225,25672.39945,66.6172000000006,12.2560831657574,296.169902257753,10903.9383005288,-3345.60659536321,0.0789197565814523
1568,25680.7268,,,,,,Frage 1,,,,,,1.0,794.0,224.0,757.0,183.0,0.8803813299117819,0.8776501719464769,25698.18200000003,524.4326782226562,525.4476928710938,0.7031260728836058,0.261148989200592,0.5384970307350158,0.2686426937580108,0.0,0.0,1.0,0.42053167420814475,0.18381665107577172,775.5,203.5,524.940185546875,13.69472144909,-13615.3431724044,82.0,81.0,773.8,194.95,25672.39945,25838.9473,166.547849999999,0.182375353763731,,,,,,,,,,
1569,25697.3829,,,,,,Frage 1,,,,,,1.0,807.0,219.0,751.0,182.0,0.8818150895975869,0.8750093740291184,25714.837000000058,525.2890014648438,526.2976684570312,0.7028385400772094,0.2610242366790771,0.5382192730903625,0.2685810625553131,0.0,0.0,1.0,0.42251131221719446,0.18101028999064542,779.0,200.5,525.793334960938,7.04384308718556,-399.305861630534,82.0,81.0,773.8,194.95,25672.39945,25838.9473,166.547849999999,0.182375353763731,,,,,,,,,,
1570,25714.0366,,,,,,Frage 1,,,,,,1.0,808.0,215.0,749.0,179.0,0.8774407261144589,0.8728024597452406,25731.49199999997,525.4849853515625,526.4818725585938,0.7025937438011169,0.2608607411384582,0.5379596948623657,0.2684955298900604,0.0,0.0,1.0,0.42222850678733026,0.3781261464638687,778.5,197.0,525.983428955078,5.5170621881953,-91.6781795631214,82.0,81.0,773.8,194.95,25672.39945,25838.9473,166.547849999999,0.182375353763731,,,,,,,,,,
1571,25730.6982,,,,,,Frage 1,,,,,,1.0,800.0,215.0,751.0,177.0,0.8797902811493531,0.8727863899810376,25748.147,525.8732299804688,526.8555908203125,0.7022463083267211,0.2607963383197784,0.5376119017601013,0.2685135304927825,0.0,0.0,1.0,0.42053167420814475,0.17680074836295598,775.5,196.0,526.364410400391,8.44417430274027,175.680133633329,82.0,81.0,773.8,194.95,25672.39945,25838.9473,166.547849999999,0.182375353763731,,,,,,,,,,
1572,25747.3452,,,,,,Frage 1,,,,,,1.0,806.0,210.0,742.0,169.0,0.8795051398159751,0.872462316402944,25764.800999999978,525.9234619140625,526.888427734375,0.7019190192222595,0.2607814669609069,0.5372645854949951,0.268582135438919,0.0,0.0,1.0,0.41968325791855193,0.3773015261731874,774.0,189.5,526.405944824219,4.78899646053974,-219.569762852187,82.0,81.0,773.8,194.95,25672.39945,25838.9473,166.547849999999,0.182375353763731,,,,,,,,,,
1573,25764.0017,,,,,,Frage 1,,,,,,1.0,806.0,212.0,738.0,173.0,0.8787862146091593,0.872205200175696,25781.45600000001,526.0564575195312,527.0040283203125,0.7015801072120667,0.2607262134552002,0.5369092226028442,0.2686290442943573,0.0,0.0,1.0,0.4185520361990949,0.17352666043030865,772.0,192.5,526.530242919922,4.36605008782552,-25.3922716485573,82.0,81.0,773.8,194.95,25672.39945,25838.9473,166.547849999999,0.182375353763731,,,,,,,,,,
1574,25780.6565,,,,,,Frage 1,,,,,,1.0,800.0,209.0,748.0,179.0,0.8784042855930384,0.871744533601877,25798.11100000004,526.3644409179688,527.2954711914064,0.7012226581573486,0.260660707950592,0.5365347266197203,0.2686613202095031,0.0,0.0,1.0,0.41968325791855193,0.17492984097287181,774.0,194.0,526.829956054688,2.19487824218805,-130.363129286298,82.0,81.0,773.8,194.95,25672.39945,25838.9473,166.547849999999,0.182375353763731,,,,,,,,,,
1575,25797.309,,,,,,Frage 1,,,,,,1.0,796.0,212.0,746.0,177.0,0.8786713862775151,0.8719641537126511,25814.76500000001,526.7282104492188,527.6422729492188,0.7008621096611022,0.2605289220809936,0.5361603498458862,0.2686488032341003,0.0,0.0,1.0,0.4179864253393664,0.17539756782039287,771.0,194.5,527.185241699219,6.16932459306503,238.669650255334,82.0,81.0,773.8,194.95,25672.39945,25838.9473,166.547849999999,0.182375353763731,,,,,,,,,,
1576,25813.9651,,,,,,Frage 1,,,,,,1.0,795.0,211.0,741.0,173.0,0.8791132257275375,0.8719534405365159,25831.42000000004,527.1488037109375,528.0447998046875,0.700468897819519,0.2603955864906311,0.535756766796112,0.2686443626880645,0.0,0.0,1.0,0.4162895927601809,0.17305893358278762,768.0,192.0,527.596801757813,4.37442916465924,-107.762046842044,82.0,81.0,773.8,194.95,25672.39945,25838.9473,166.547849999999,0.182375353763731,,,,,,,,,,
1577,25830.6199,,,,,,Frage 1,,,,,,1.0,797.0,208.0,744.0,172.0,0.8783729811349897,0.8711579872084676,25848.07500000007,527.25537109375,528.1389770507812,0.7002650499343872,0.2602558135986328,0.5355371832847595,0.268623799085617,0.0,0.0,1.0,0.41770361990950217,0.17118802619270343,770.5,190.0,527.697174072266,7.28189399501911,174.572185217465,82.0,81.0,773.8,194.95,25672.39945,25838.9473,166.547849999999,0.182375353763731,,,,,,,,,,
1578,25847.2747,,,,,,Frage 1,,,,,,1.0,790.0,204.0,747.0,165.0,0.8794776808671037,0.8483055359109181,25864.72900000005,527.4651489257812,528.3342895507812,0.6999870538711547,0.2601249814033508,0.5352483391761779,0.2685977518558502,0.0,0.0,1.0,0.41657239819004516,0.1660430308699719,768.5,184.5,527.899719238281,61.8789021596336,3278.15453590639,,,,,,,,,106.0,106.0,25838.9473,25905.5651,66.6178,6.01011573669695,126.192250278988,3861.38801713341,-3487.92361614597,2.88641854386461
1579,25863.9302,,,,,,Frage 1,,,,,,1.0,851.0,207.0,815.0,162.0,0.8825755495534177,0.8746665523927879,25881.38399999996,530.1240234375,530.9596557617188,0.6987038850784301,0.2602575421333313,0.533995509147644,0.2687927782535553,0.0,0.0,1.0,0.4530542986425339,0.1660430308699719,833.0,184.5,530.541839599609,126.192250278988,3861.38801713341,,,,,,,,,106.0,106.0,25838.9473,25905.5651,66.6178,6.01011573669695,126.192250278988,3861.38801713341,-3487.92361614597,2.88641854386461
1580,25880.5834,,,,,,Frage 1,,,,,,1.0,919.0,218.0,874.0,175.0,0.8868641381135203,0.8778858618214541,25898.03899999999,530.8819580078125,531.6752319335938,0.6976498961448669,0.2601857185363769,0.5329733490943908,0.2687973976135253,0.0,0.0,1.0,0.48897058823529405,0.17726847521047703,896.5,196.5,531.278594970703,112.597515475589,-816.343693908574,,,,,,,,,106.0,106.0,25838.9473,25905.5651,66.6178,6.01011573669695,126.192250278988,3861.38801713341,-3487.92361614597,2.88641854386461
1581,25897.2381,,,,,,Frage 1,,,,,,1.0,969.0,215.0,925.0,172.0,0.8886115257689753,0.8780278114052473,25914.69299999997,529.6751098632812,530.4578247070312,0.6977639198303222,0.2601951658725738,0.53301602602005,0.2688989341259002,0.0,0.0,1.0,0.5175339366515836,0.17446211412535076,947.0,193.5,530.066467285156,54.5071940257659,-3487.92361614597,,,,,,,,,106.0,106.0,25838.9473,25905.5651,66.6178,6.01011573669695,126.192250278988,3861.38801713341,-3487.92361614597,2.88641854386461
1582,25913.8921,,,,,,Frage 1,,,,,,1.0,971.0,217.0,931.0,160.0,0.8897023949195952,0.8752718468444339,25931.348,529.6505737304688,530.41845703125,0.6974818110466003,0.2603473365306854,0.532724618911743,0.2691111266613006,0.0,0.0,1.0,0.5197963800904977,0.1697848456501403,951.0,188.5,530.034515380859,2.03786269918747,-3150.55430086293,83.0,82.0,945.85,190.35,25905.5651,26072.1124,166.547299999998,0.171812483173214,,,,,,,,,,
1583,25930.5477,,,,,,Frage 1,,,,,,1.0,976.0,224.0,922.0,164.0,0.8881896564635869,0.8471784714336013,25948.003000000022,529.889404296875,530.6407470703125,0.6970999240875244,0.2603894472122192,0.5323360562324523,0.2691990733146667,0.0,0.0,1.0,0.5186651583710407,0.17492984097287181,949.0,194.0,530.265075683594,8.61398218136002,394.82933560924,83.0,82.0,945.85,190.35,25905.5651,26072.1124,166.547299999998,0.171812483173214,,,,,,,,,,
1584,25947.2026,,,,,,Frage 1,,,,,,1.0,972.0,213.0,914.0,171.0,0.8768983590494701,0.8764261915730158,25964.657000000007,530.0471801757812,530.7818603515625,0.6967372894287109,0.2603912651538848,0.5319522619247437,0.2692447006702423,0.0,0.0,1.0,0.5152714932126696,0.40827216997663895,943.0,192.0,530.414520263672,10.7909978575977,130.713224110471,83.0,82.0,945.85,190.35,25905.5651,26072.1124,166.547299999998,0.171812483173214,,,,,,,,,,
1585,25963.8562,,,,,,Frage 1,,,,,,1.0,964.0,208.0,917.0,166.0,0.8838261798611078,0.8760619435844145,25981.312000000034,530.2827758789064,531.0006103515625,0.6963564157485961,0.2603443562984466,0.5315723419189453,0.2692556381225585,0.0,0.0,1.0,0.5138574660633484,0.16838166510757713,940.5,187.0,530.641693115234,5.9972167548458,-287.852542558516,83.0,82.0,945.85,190.35,25905.5651,26072.1124,166.547299999998,0.171812483173214,,,,,,,,,,
1586,25980.5124,,,,,,Frage 1,,,,,,1.0,965.0,210.0,924.0,162.0,0.8856834033120486,0.8735577386627813,25997.967000000062,530.5315551757812,531.2310791015625,0.6959476470947265,0.2602075040340423,0.5311707854270935,0.2691850066184997,0.0,0.0,1.0,0.5161199095022624,0.16744621141253505,944.5,186.0,530.881317138672,5.03030699028183,-58.0510419281646,83.0,82.0,945.85,190.35,25905.5651,26072.1124,166.547299999998,0.171812483173214,,,,,,,,,,
1587,25997.1668,,,,,,Frage 1,,,,,,1.0,962.0,206.0,929.0,170.0,0.8865645859440137,0.8745701338075699,26014.62199999997,530.6613159179688,531.34619140625,0.6956342458724974,0.2601156532764434,0.5308586359024047,0.2691461741924285,0.0,0.0,1.0,0.5166855203619909,0.16931711880261924,945.5,188.0,531.003753662109,3.4525150254108,-94.7372445042203,83.0,82.0,945.85,190.35,25905.5651,26072.1124,166.547299999998,0.171812483173214,,,,,,,,,,
1588,26013.8216,,,,,,Frage 1,,,,,,1.0,966.0,208.0,928.0,169.0,0.8869864552494021,0.8763217381056961,26031.27600000007,530.96826171875,531.63671875,0.6952630281448364,0.260031372308731,0.5304972529411315,0.2691313922405242,0.0,0.0,1.0,0.5175339366515836,0.1697848456501403,947.0,188.5,531.302490234375,2.46675981038798,-59.1874543688787,83.0,82.0,945.85,190.35,25905.5651,26072.1124,166.547299999998,0.171812483173214,,,,,,,,,,
1589,26030.4765,,,,,,Frage 1,,,,,,1.0,971.0,205.0,921.0,166.0,0.8888886115257689,0.8477225126472804,26047.930999999982,531.0387573242188,531.6950073242188,0.6950388550758361,0.2599659264087677,0.5302568078041076,0.2691390514373779,0.0,0.0,1.0,0.5169683257918551,0.16697848456501402,946.0,185.5,531.366882324219,10.6479286757198,491.216931073204,83.0,82.0,945.85,190.35,25905.5651,26072.1124,166.547299999998,0.171812483173214,,,,,,,,,,
1590,26047.1301,,,,,,Frage 1,,,,,,1.0,971.0,216.0,923.0,183.0,0.8911851781586528,0.8810275007231393,26064.58600000001,531.408935546875,532.052490234375,0.6947404742240905,0.2598955631256103,0.5299542546272277,0.269140601158142,0.0,0.0,1.0,0.5175339366515836,0.18007483629560334,947.0,199.5,531.730712890625,8.75577249413619,-113.618447758071,83.0,82.0,945.85,190.35,25905.5651,26072.1124,166.547299999998,0.171812483173214,,,,,,,,,,
1591,26063.7853,,,,,,Frage 1,,,,,,1.0,968.0,213.0,922.0,176.0,0.8911060663377157,0.8833656514146749,26081.23999999999,531.4505004882812,532.0869750976562,0.6946297287940979,0.2599362730979919,0.5298346281051635,0.2692529559135437,0.0,0.0,1.0,0.5164027149321266,0.17539756782039287,945.0,194.5,531.768737792969,10.521344694952,106.007265047296,83.0,82.0,945.85,190.35,25905.5651,26072.1124,166.547299999998,0.171812483173214,,,,,,,,,,
1592,26080.4395,,,,,,Frage 1,,,,,,1.0,966.0,203.0,916.0,178.0,0.8896649508984069,0.883204953772645,26097.89500000001,531.7703247070312,532.4005126953125,0.6944621801376342,0.2599668800830841,0.5296591520309448,0.2693299353122711,0.0,0.0,1.0,0.5141402714932126,0.17165575304022448,941.0,190.5,532.085418701172,79.9840944322983,4170.8848060755,,,,,,,,,107.0,107.0,26072.1124,26138.73205,66.6196500000006,7.33617431873076,157.860106713526,4675.74959809996,-4906.08595735158,180.65552951359
1593,26097.0948,,,,,,Frage 1,,,,,,1.0,884.0,199.0,844.0,177.0,0.8931372597966041,0.8864055151430744,26114.550000000047,529.6065063476562,530.2632446289064,0.6955637335777282,0.2601368725299835,0.5307097434997557,0.2695733308792114,0.0,0.0,1.0,0.2646824793058605,0.16931711880261924,864.0,188.0,529.934875488281,157.860106713526,4675.74959809996,,,,,,,,,107.0,107.0,26072.1124,26138.73205,66.6196500000006,7.33617431873076,157.860106713526,4675.74959809996,-4906.08595735158,180.65552951359
1594,26113.7498,,,,,,Frage 1,,,,,,1.0,805.0,192.0,757.0,168.0,0.8917718011572698,0.8856448796374662,26131.204000000027,528.6932373046875,529.3761596679688,0.6964098215103149,0.2601139545440673,0.5315515398979187,0.269646018743515,0.0,0.0,1.0,0.4236425339366515,0.16183348924228247,781.0,180.0,529.034698486328,138.89688937714,-1138.59005322022,,,,,,,,,107.0,107.0,26072.1124,26138.73205,66.6196500000006,7.33617431873076,157.860106713526,4675.74959809996,-4906.08595735158,180.65552951359
1595,26115.5698,,,,,,Frage 1,1.0,2.53195977210999,29.4220966958624,0.968556046485901,211.578125,,,,,,0.6585048574425887,0.6495113533451946,,,,,,,,,,,0.37959439571535225,0.3642823432120883,,,,,,,,,,,,,,,,,,,,,,,
1596,26130.4037,,,,,,Frage 1,,,,,,1.0,751.0,201.0,694.0,175.0,0.8881721825870325,0.8815845858821765,26147.85900000005,530.8792114257812,531.546875,0.6956111788749694,0.2600355148315429,0.5308606624603271,0.2696014940738678,0.0,0.0,1.0,0.3905542986425338,0.16931711880261924,722.5,188.0,531.213043212891,57.1914244520146,-4906.08595735158,,,,,,,,,107.0,107.0,26072.1124,26138.73205,66.6196500000006,7.33617431873076,157.860106713526,4675.74959809996,-4906.08595735158,180.65552951359
1597,26147.0604,,,,,,Frage 1,,,,,,1.0,753.0,210.0,694.0,172.0,0.8888237085557092,0.8791446600173554,26164.513999999966,531.03564453125,531.6926879882812,0.6954144239425659,0.2597549259662628,0.5306490659713745,0.2694010734558105,0.0,0.0,1.0,0.3911199095022624,0.1721234798877455,723.5,191.0,531.364166259766,3.27884069935851,-3236.69056611799,84.0,83.0,722.541666666667,188.5625,26138.73205,26538.4442,399.712149999999,0.218291645120765,,,,,,,,,,
1598,26163.7125,,,,,,Frage 1,,,,,,1.0,755.0,209.0,696.0,164.0,0.8898596598085862,0.8806445046763013,26181.168000000063,530.7330932617188,531.3853149414064,0.6954612135887146,0.2595918774604797,0.5306684970855712,0.2693392932415008,0.0,0.0,1.0,0.39225113122171934,0.1679139382600561,725.5,186.5,531.059204101563,8.62617973964088,321.121002172784,84.0,83.0,722.541666666667,188.5625,26138.73205,26538.4442,399.712149999999,0.218291645120765,,,,,,,,,,
1599,26180.3682,,,,,,Frage 1,,,,,,1.0,747.0,201.0,700.0,163.0,0.8908057454106112,0.8820452524559957,26197.82299999997,530.6756591796875,531.3229370117188,0.6954124569892883,0.2595079839229583,0.5306192636489868,0.2693148851394653,0.0,0.0,1.0,0.3911199095022624,0.3680484528805241,723.5,182.0,530.999298095703,3.25920757820677,-322.230357261137,84.0,83.0,722.541666666667,188.5625,26138.73205,26538.4442,399.712149999999,0.218291645120765,,,,,,,,,,
1600,26197.024,,,,,,Frage 1,,,,,,1.0,746.0,208.0,702.0,171.0,0.891085327435484,0.8820372175738941,26214.478000000003,530.16748046875,530.8165893554688,0.695593774318695,0.2594050168991088,0.5307676196098327,0.2692429721355438,0.0,0.0,1.0,0.3914027149321266,0.17072029934518235,724.0,189.5,530.492034912109,4.81787997338198,93.5813587564191,84.0,83.0,722.541666666667,188.5625,26138.73205,26538.4442,399.712149999999,0.218291645120765,,,,,,,,,,
1601,26213.9606,,,,,,Frage 1,,,,,,1.0,746.0,201.0,699.0,153.0,0.8886689399347975,0.880569512443354,26231.131999999983,530.14453125,530.7975463867188,0.695711076259613,0.25943323969841,0.5308710932731628,0.2692994773387908,0.0,0.0,1.0,0.3905542986425338,0.1590271281571562,722.5,177.0,530.471038818359,15.8134004622282,649.216518595706,84.0,83.0,722.541666666667,188.5625,26138.73205,26538.4442,399.712149999999,0.218291645120765,,,,,,,,,,
1602,26230.3321,,,,,,Frage 1,,,,,,1.0,747.0,200.0,699.0,146.0,0.8883219586717856,0.8798651211124562,26247.787000000008,529.6603393554688,530.3238525390625,0.6960504055023193,0.2595032751560211,0.5311760902404785,0.269363522529602,0.0,0.0,1.0,0.39083710407239813,0.1552853133769878,723.0,173.0,529.992095947266,12.7487858960693,-187.192045088034,84.0,83.0,722.541666666667,188.5625,26138.73205,26538.4442,399.712149999999,0.218291645120765,,,,,,,,,,
1603,26246.9867,,,,,,Frage 1,,,,,,1.0,748.0,216.0,702.0,164.0,0.8898996000978537,0.8821309578650783,26264.44200000004,529.411376953125,530.084228515625,0.6963019371032714,0.259521484375,0.5314167141914367,0.2693647742271423,0.0,0.0,1.0,0.39196832579185514,0.17118802619270343,725.0,190.0,529.747802734375,19.6944817818045,417.04369277764,84.0,83.0,722.541666666667,188.5625,26138.73205,26538.4442,399.712149999999,0.218291645120765,,,,,,,,,,
1604,26263.6427,,,,,,Frage 1,,,,,,1.0,745.0,213.0,700.0,174.0,0.8894527681116731,0.8814908455909923,26281.097000000067,529.1461791992188,529.8297119140625,0.6965656280517578,0.2596251368522644,0.531672179698944,0.2694322764873504,0.0,0.0,1.0,0.3905542986425338,0.17446211412535076,722.5,193.5,529.487945556641,3.89309150627426,-948.690578502108,84.0,83.0,722.541666666667,188.5625,26138.73205,26538.4442,399.712149999999,0.218291645120765,,,,,,,,,,
1605,26280.2953,,,,,,Frage 1,,,,,,1.0,750.0,209.0,699.0,179.0,0.8879674886045362,0.8809391170200228,26297.751000000047,529.0593872070312,529.7556762695312,0.6968486905097961,0.2596589922904968,0.5319448709487915,0.2694374918937683,0.0,0.0,1.0,0.3916855203619909,0.17492984097287181,724.5,194.0,529.407531738281,0.486524515540276,-204.56667371664,84.0,83.0,722.541666666667,188.5625,26138.73205,26538.4442,399.712149999999,0.218291645120765,,,,,,,,,,
1606,26296.9518,,,,,,Frage 1,,,,,,1.0,747.0,208.0,699.0,179.0,0.8869040784027878,0.8811640937188647,26314.406000000075,529.1603393554688,529.8646850585938,0.6970040202140808,0.2596378624439239,0.5321099162101744,0.2694123685359954,0.0,0.0,1.0,0.39083710407239813,0.17446211412535076,723.0,193.5,529.512512207031,6.67756837795122,371.689362255692,84.0,83.0,722.541666666667,188.5625,26138.73205,26538.4442,399.712149999999,0.218291645120765,,,,,,,,,,
1607,26313.6067,,,,,,Frage 1,,,,,,1.0,752.0,213.0,708.0,167.0,0.888901092866165,0.880746279849587,26331.060999999987,529.2391967773438,529.9535522460938,0.6972057223320007,0.2595967948436737,0.5323224663734436,0.2693704962730407,0.0,0.0,1.0,0.39479638009049767,0.17118802619270343,730.0,190.0,529.596374511719,7.12888508936927,27.0981339676617,84.0,83.0,722.541666666667,188.5625,26138.73205,26538.4442,399.712149999999,0.218291645120765,,,,,,,,,,
1608,26330.2595,,,,,,Frage 1,,,,,,1.0,751.0,215.0,709.0,168.0,0.8894128278224055,0.8810114309589365,26347.714999999967,529.3882446289064,530.111083984375,0.6973518729209899,0.2595411837100982,0.5324810147285461,0.2693027853965759,0.0,0.0,1.0,0.39479638009049767,0.17259120673526657,730.0,191.5,529.749664306641,9.38245365026861,135.326705472916,84.0,83.0,722.541666666667,188.5625,26138.73205,26538.4442,399.712149999999,0.218291645120765,,,,,,,,,,
1609,26346.9155,,,,,,Frage 1,,,,,,1.0,741.0,212.0,700.0,164.0,0.8864259239740886,0.879803520349678,26364.369999999995,529.29833984375,530.0299682617188,0.6975421905517578,0.2594969272613525,0.5326631069183348,0.2692220211029052,0.0,0.0,1.0,0.38942307692307687,0.16931711880261924,720.5,188.0,529.664154052734,10.2948986640292,54.7817611527784,84.0,83.0,722.541666666667,188.5625,26138.73205,26538.4442,399.712149999999,0.218291645120765,,,,,,,,,,
1610,26363.5698,,,,,,Frage 1,,,,,,1.0,741.0,213.0,700.0,160.0,0.8874382797717413,0.8796053265911745,26381.025000000023,529.2975463867188,530.03564453125,0.6976647973060607,0.2595435082912445,0.5327780246734619,0.2692380845546722,0.0,0.0,1.0,0.38942307692307687,0.1679139382600561,720.5,186.5,529.666595458984,3.52785956686013,-406.323838117982,84.0,83.0,722.541666666667,188.5625,26138.73205,26538.4442,399.712149999999,0.218291645120765,,,,,,,,,,
1611,26380.2241,,,,,,Frage 1,,,,,,1.0,742.0,215.0,697.0,168.0,0.8889135742065614,0.8805266597388127,26397.679000000004,529.1520385742188,529.8967895507812,0.6978230476379395,0.2596364617347717,0.5329245328903198,0.2692990899085998,0.0,0.0,1.0,0.3888574660633483,0.17259120673526657,719.5,191.5,529.5244140625,6.25464488871882,163.728605937143,84.0,83.0,722.541666666667,188.5625,26138.73205,26538.4442,399.712149999999,0.218291645120765,,,,,,,,,,
1612,26396.8791,,,,,,Frage 1,,,,,,1.0,750.0,210.0,692.0,176.0,0.8893703912650588,0.8802829349817342,26414.33400000003,529.0802612304688,529.8314208984375,0.6979467272758483,0.2598012089729309,0.5330184698104858,0.2694113850593566,0.0,0.0,1.0,0.38970588235294107,0.1739943872778297,721.0,193.0,529.455841064453,2.56915373282835,-221.284368411332,84.0,83.0,722.541666666667,188.5625,26138.73205,26538.4442,399.712149999999,0.218291645120765,,,,,,,,,,
1613,26413.5332,,,,,,Frage 1,,,,,,1.0,750.0,207.0,691.0,181.0,0.8885141713138859,0.8795839002389038,26430.98900000006,528.9442749023438,529.70263671875,0.698093295097351,0.2599944770336151,0.5331280827522277,0.26953986287117,0.0,0.0,1.0,0.38942307692307687,0.17492984097287181,720.5,194.0,529.323455810547,2.13325042643619,-26.1739335294054,84.0,83.0,722.541666666667,188.5625,26138.73205,26538.4442,399.712149999999,0.218291645120765,,,,,,,,,,
1614,26430.1879,,,,,,Frage 1,,,,,,1.0,743.0,218.0,701.0,172.0,0.8885241563862026,0.878895578672209,26447.64300000004,528.816162109375,529.5784301757812,0.6982108950614929,0.2601133584976196,0.5332465171813964,0.2696650624275207,0.0,0.0,1.0,0.39027149321266963,0.17586529466791392,722.0,195.0,529.197296142578,9.84149555181395,462.827017321126,84.0,83.0,722.541666666667,188.5625,26138.73205,26538.4442,399.712149999999,0.218291645120765,,,,,,,,,,
1615,26446.8419,,,,,,Frage 1,,,,,,1.0,740.0,207.0,708.0,162.0,0.8869565000324516,0.8792009041920658,26464.298000000068,528.693359375,529.4593505859375,0.6983230113983154,0.2602966725826263,0.5333706140518188,0.2698613405227661,0.0,0.0,1.0,0.2641904460406212,0.1660430308699719,724.0,184.5,529.076354980469,6.73853113288519,-186.319467931369,84.0,83.0,722.541666666667,188.5625,26138.73205,26538.4442,399.712149999999,0.218291645120765,,,,,,,,,,
1616,26463.4975,,,,,,Frage 1,,,,,,1.0,742.0,207.0,702.0,169.0,0.8865446157993799,0.8576101911162156,26480.95299999998,528.7805786132812,529.54833984375,0.6983303427696228,0.2603465020656585,0.5333667397499084,0.2698889970779418,0.0,0.0,1.0,0.39027149321266963,0.16931711880261924,722.0,188.0,529.164459228516,10.1016768415209,201.922819270112,84.0,83.0,722.541666666667,188.5625,26138.73205,26538.4442,399.712149999999,0.218291645120765,,,,,,,,,,
1617,26480.153,,,,,,Frage 1,,,,,,1.0,749.0,217.0,700.0,173.0,0.890353920888272,0.8788714740259045,26497.60699999996,528.4808349609375,529.2495727539064,0.6983875036239624,0.2603873014450073,0.533402144908905,0.2698858976364135,0.0,0.0,1.0,0.3916855203619909,0.17586529466791392,724.5,195.0,528.865203857422,2.64116870036327,-447.930601972854,84.0,83.0,722.541666666667,188.5625,26138.73205,26538.4442,399.712149999999,0.218291645120765,,,,,,,,,,
1618,26496.8065,,,,,,Frage 1,,,,,,1.0,745.0,212.0,694.0,166.0,0.8897523202811798,0.8608153690715854,26514.261999999988,528.7189331054688,529.4799194335938,0.6981592774391174,0.2605594396591186,0.533168375492096,0.2700513005256652,0.0,0.0,1.0,0.3888574660633483,0.17025257249766135,719.5,189.0,529.099426269531,12.9026994571437,616.178626521763,84.0,83.0,722.541666666667,188.5625,26138.73205,26538.4442,399.712149999999,0.218291645120765,,,,,,,,,,
1619,26513.4627,,,,,,Frage 1,,,,,,1.0,740.0,217.0,688.0,156.0,0.8874033320186322,0.8775242921268869,26530.917000000016,528.618408203125,529.369873046875,0.6980174779891967,0.260691612958908,0.5330130457878112,0.2702450454235076,0.0,0.0,1.0,0.38574660633484154,0.36630693506059525,714.0,186.5,528.994140625,6.61128513233876,-377.722068947565,84.0,83.0,722.541666666667,188.5625,26138.73205,26538.4442,399.712149999999,0.218291645120765,,,,,,,,,,
1620,26530.1167,,,,,,Frage 1,,,,,,1.0,745.0,212.0,687.0,154.0,0.8875156640821973,0.8773019937220787,26547.572000000044,528.9091186523438,529.6478271484375,0.6977030634880065,0.2608980536460876,0.5326889157295227,0.2704962491989135,0.0,0.0,1.0,0.38687782805429854,0.16463985032740874,716.0,183.0,529.278472900391,6.95209319686427,20.4640365393019,84.0,83.0,722.541666666667,188.5625,26138.73205,26538.4442,399.712149999999,0.218291645120765,,,,,,,,,,
1621,26546.7717,,,,,,Frage 1,,,,,,1.0,751.0,203.0,686.0,159.0,0.8886789250071145,0.8763244163997301,26564.226000000024,528.957275390625,529.683349609375,0.6974412202835083,0.2612597048282623,0.5324034690856932,0.2708944976329803,0.0,0.0,1.0,0.3882918552036198,0.16276894293732458,718.5,181.0,529.3203125,34.333082265181,1644.01015120461,,,,,,,,,108.0,108.0,26538.4442,26571.75375,33.3095500000018,1.26510341369281,62.9223382830814,1716.57756429978,,87.7093899573615
1622,26563.4265,,,,,,Frage 1,,,,,,1.0,751.0,239.0,689.0,198.0,0.8905461335303722,0.8756494863032043,26580.88100000005,528.5716552734375,529.2896118164064,0.6973891258239746,0.2620282769203186,0.5323619842529296,0.2717536389827728,0.0,0.0,1.0,0.38914027149321256,0.19784845650140315,720.0,218.5,528.930633544922,62.9223382830814,1716.57756429978,,,,,,,,,108.0,108.0,26538.4442,26571.75375,33.3095500000018,1.26510341369281,62.9223382830814,1716.57756429978,,87.7093899573615
1623,26580.081,,,,,,Frage 1,,,,,,1.0,736.0,260.0,698.0,232.0,0.8887687906579663,0.8618891463320377,26597.535999999964,528.6310424804688,529.4014282226562,0.6984369158744812,0.2648355662822723,0.5334436297416687,0.274505615234375,0.0,0.0,1.0,0.38744343891402705,0.22357343311506078,717.0,246.0,529.016235351563,,,,,,,,,,,,,,,,,,,,
1624,26596.7358,,,,,,Frage 1,,,,,,1.0,-1.0,-1.0,-1.0,-1.0,0.0,0.0,26614.19000000006,-1.0,-1.0,-1.0,-1.0,-1.0,-1.0,4.0,4.0,1.0,0.4759322966953752,0.3954061960765668,782.833333333333,,529.108194986979,,,,,,,,,,,,,,,,,,,,
1625,26613.3895,,,,,,Frage 1,,,,,,1.0,-1.0,-1.0,-1.0,-1.0,0.0,0.0,26630.84499999997,-1.0,-1.0,-1.0,-1.0,-1.0,-1.0,4.0,4.0,1.0,0.4759322966953752,0.3954061960765668,848.666666666667,,529.200154622396,,,,,,,,,,,,,,,,,,,,
1626,26630.0452,,,,,,Frage 1,,,,,,1.0,929.0,-1.0,900.0,-1.0,0.8879525109960609,0.8684609451163987,26647.5,528.9501342773438,529.6340942382812,0.6973025202751159,0.2730512619018554,0.5321512818336486,0.2840780615806579,0.0,0.0,1.0,0.49915158371040713,0.4030489038246453,914.5,,529.292114257813,,,,,,,,,,,,,,,,,,,,
1627,26646.7002,,,,,,Frage 1,,,,,,1.0,941.0,-1.0,889.0,-1.0,0.8915895735874868,0.8720793203561059,26664.15399999998,529.7620849609375,530.3566284179688,0.6947428584098815,0.2726356983184814,0.5305256247520446,0.2835824787616729,0.0,0.0,1.0,0.4994343891402714,0.403141028732714,915.0,,530.059356689453,,,,,,,,,,,,,,,,,,,,
1628,26663.3534,,,,,,Frage 1,,,,,,1.0,961.0,-1.0,859.0,-1.0,0.8947623303161772,0.8749183120319681,26680.80900000001,529.2872924804688,529.8826293945312,0.6945971846580505,0.2728430032730102,0.5307372212409973,0.2836183607578277,0.0,0.0,1.0,0.49660633484162886,0.40222514746399274,910.0,,529.5849609375,,,,,,,,,,,,,,,,,,,,
1629,26680.0091,,,,,,Frage 1,,,,,,1.0,963.0,-1.0,851.0,-1.0,0.8933818940683678,0.8743317656385589,26697.46400000004,529.0426025390625,529.6345825195312,0.6943729519844055,0.2734154164791107,0.5306916236877441,0.2840290963649749,0.0,0.0,1.0,0.49490950226244335,0.40167527173089496,907.0,,529.338592529297,,,,,,,,,,,,,,,,,,,,
1630,26696.6629,,,,,,Frage 1,,,,,,1.0,965.0,-1.0,853.0,-1.0,0.8911502304055439,0.8724730295790794,26714.118000000017,529.226806640625,529.8076171875,0.6939820051193237,0.2737539708614349,0.5304090976715087,0.2842921018600463,0.0,0.0,1.0,0.49604072398190036,0.40204151714125463,909.0,,529.517211914063,,,,,,,,,,,,,,,,,,,,
1631,26713.3186,,,,,,Frage 1,,,,,,1.0,964.0,-1.0,860.0,-1.0,0.888956010763908,0.8729792271514736,26730.773000000045,528.9246215820312,529.4910888671875,0.6936864256858825,0.2739143669605255,0.5301322937011718,0.2844228148460388,0.0,0.0,1.0,0.49773755656108587,0.40259126589973,912.0,,529.207855224609,,,,,,,,,,,,,,,,,,,,
1632,26729.9729,,,,,,Frage 1,,,,,,1.0,949.0,-1.0,874.0,-1.0,0.8732979861568096,0.8727006845719549,26747.42800000008,529.1344604492188,529.6802978515625,0.6931925415992736,0.2740388810634613,0.5296691060066223,0.284584641456604,0.0,0.0,1.0,0.4974547511312216,0.40249908918266425,911.5,,529.407379150391,,,,,,,,,,,,,,,,,,,,
1633,26746.6263,,,,,,Frage 1,,,,,,1.0,948.0,-1.0,868.0,-1.0,0.8913898721411491,0.8703759253505887,26764.082000000053,528.875244140625,529.3963623046875,0.692761719226837,0.2741345763206481,0.5292020440101624,0.2847646176815033,0.0,0.0,1.0,0.49547511312217185,0.40185805082326503,908.0,,529.135803222656,,,,,,,,,,,,,,,,,,,,
1634,26763.2823,,,,,,Frage 1,,,,,,1.0,952.0,-1.0,868.0,-1.0,0.8707088242265898,0.8701589835338484,26780.736999999965,528.635498046875,529.1342163085938,0.6924033164978027,0.2741785943508148,0.5287747979164124,0.2849176228046417,0.0,0.0,1.0,0.3467563931992358,0.3536728966219863,910.0,,528.884857177734,,,,,,,,,,,,,,,,,,,,
1635,26779.9365,,,,,,Frage 1,,,,,,1.0,952.0,-1.0,866.0,-1.0,0.8891806748910379,0.8691305186248567,26797.392,528.370849609375,528.8438110351562,0.6919938325881958,0.2743569314479827,0.5282821059226989,0.2852202355861663,0.0,0.0,1.0,0.49604072398190036,0.40204110439995727,909.0,,528.607330322266,,,,,,,,,,,,,,,,,,,,
1636,26796.5923,,,,,,Frage 1,,,,,,1.0,952.0,-1.0,859.0,-1.0,0.8883469213525779,0.8675797863792678,26814.04700000002,528.0601196289064,528.5119018554688,0.6916930675506591,0.274586409330368,0.5278799533843994,0.2855640351772308,0.0,0.0,1.0,0.4940610859728506,0.40139951844122884,905.5,,528.286010742188,,,,,,,,,,,,,,,,,,,,
1637,26813.2466,,,,,,Frage 1,,,,,,1.0,955.0,-1.0,867.0,-1.0,0.8927528345124042,0.8677056661988579,26830.701,528.1044921875,528.5353393554688,0.6913032531738281,0.2748738527297973,0.527406632900238,0.2859448194503784,0.0,0.0,1.0,0.49717194570135737,0.40240758750165556,911.0,,528.319915771484,,,,,,,,,,,,,,,,,,,,
1638,26829.9003,,,,,,Frage 1,,,,,,1.0,958.0,-1.0,872.0,-1.0,0.8916245213405958,0.8674217670312717,26847.35600000003,527.83935546875,528.2547607421875,0.691116213798523,0.2752390801906585,0.5271124839782714,0.2864166498184204,0.0,0.0,1.0,0.4994343891402714,0.4031405458400221,915.0,,528.047058105469,,,,,,,,,,,,,,,,,,,,
1639,26846.5566,,,,,,Frage 1,,,,,,1.0,963.0,-1.0,873.0,-1.0,0.8867917463392229,0.8699688246574462,26864.011000000057,527.7517700195312,528.1509399414064,0.6908485889434814,0.2756230235099792,0.5267348289489746,0.2868707180023193,0.0,0.0,1.0,0.5011312217194569,0.4036904191421531,918.0,,527.951354980469,,,,,,,,,,,,,,,,,,,,
1640,26863.2097,,,,,,Frage 1,,,,,,1.0,957.0,-1.0,870.0,-1.0,0.885418798895651,0.8698268750736533,26880.66500000004,527.5930786132812,527.9788208007812,0.690638244152069,0.2758567333221435,0.5264222621917723,0.2871420979499816,0.0,0.0,1.0,0.4985859728506786,0.4028657053814483,913.5,,527.785949707031,,,,,,,,,,,,,,,,,,,,
1641,26879.8656,,,,,,Frage 1,,,,,,1.0,941.0,-1.0,870.0,-1.0,0.870752167336555,0.8700572083605626,26897.320000000065,528.757568359375,529.138671875,0.690363585948944,0.2760600745677948,0.5260832905769348,0.2873945832252502,0.0,0.0,1.0,0.4940610859728506,0.40139919203826263,905.5,,528.948120117188,,,,,,,,,,,,,,,,,,,,
1642,26896.5208,,,,,,Frage 1,,,,,,1.0,719.0,-1.0,642.0,-1.0,0.8758206481310441,0.8761449706994633,26913.974999999977,524.8767700195312,525.3278198242188,0.6929306983947753,0.2760283946990966,0.5283479690551757,0.2875201702117919,0.0,0.0,1.0,0.36679864253393657,0.3601673205678659,680.5,,525.102294921875,,,,,,,,,,,,,,,,,,,,
1643,26913.1738,,,,,,Frage 1,,,,,,1.0,590.0,-1.0,528.0,-1.0,0.8705310560711735,0.8754539708387346,26930.62900000008,525.0916137695312,525.4647216796875,0.6911183595657348,0.2814216017723083,0.5266202092170715,0.2931697368621826,0.0,0.0,1.0,0.298076923076923,0.3379014301458369,559.0,,525.278167724609,,,,,,,,,,,,,,,,,,,,
1644,26929.8296,,,,,,Frage 1,,,,,,1.0,244.0,-1.0,158.0,-1.0,0.8651690722370057,0.8708258787482724,26947.283999999985,525.1221313476562,525.5984497070312,0.6935904026031494,0.2843661606311798,0.5292852520942688,0.2965602278709411,0.0,0.0,1.0,0.09558823529411759,0.2722950080886002,201.0,,525.360290527344,,,,,,,,,,,,,,,,,,,,
1645,26946.4837,,,,,,Frage 1,,,,,,1.0,254.0,-1.0,175.0,-1.0,0.8692579593507705,0.8729176263886955,26963.939000000013,524.96826171875,525.4586181640625,0.693984866142273,0.2802828550338745,0.5293939113616943,0.2922060489654541,0.0,0.0,1.0,0.10322398190045246,0.27476932151099265,214.5,,525.213439941406,,,,,,,,,,,,,,,,,,,,
1646,26963.1378,,,,,,Frage 1,,,,,,1.0,268.0,-1.0,160.0,-1.0,0.8697447316262188,0.871024072506776,26980.593,524.1558837890625,524.6965942382812,0.695477783679962,0.2760742008686065,0.5307016372680664,0.28799968957901,0.0,0.0,1.0,0.1029411764705882,0.2746775127094445,214.0,,524.426239013672,,,,,,,,,,,,,,,,,,,,
1647,26979.793,,,,,,Frage 1,,,,,,1.0,268.0,-1.0,145.0,-1.0,0.870445237633214,0.8701322005935099,26997.24800000002,523.6835327148438,524.2330322265625,0.6957780718803405,0.2760683000087738,0.5308930873870848,0.28794527053833,0.0,0.0,1.0,0.09869909502262442,0.27330302085272473,206.5,,523.958282470703,,,,,,,,,,,,,,,,,,,,
1648,26996.4471,,,,,,Frage 1,,,,,,1.0,273.0,-1.0,155.0,-1.0,0.8676803179247026,0.8686886001092744,27013.90300000005,523.6387939453125,524.1907348632812,0.6958684921264648,0.276118516921997,0.530912160873413,0.2879979014396667,0.0,0.0,1.0,0.1029411764705882,0.27467720148028485,214.0,,523.914764404297,,,,,,,,,,,,,,,,,,,,
1649,27013.1027,,,,,,Frage 1,,,,,,1.0,278.0,-1.0,150.0,-1.0,0.8677227544820493,0.8656219534405365,27030.55700000003,523.3108520507812,523.8674926757812,0.6960327625274658,0.2761172354221344,0.5310516357421875,0.2879638373851776,0.0,0.0,1.0,0.1029411764705882,0.2746768841766133,214.0,,523.589172363281,,,,,,,,,,,,,,,,,,,,
1650,27029.7567,,,,,,Frage 1,,,,,,1.0,277.0,-1.0,153.0,-1.0,0.8665285021756203,0.8658121123169386,27047.212000000058,523.7701416015625,524.3103637695312,0.6955856084823608,0.2760727107524871,0.530549943447113,0.2879155278205871,0.0,0.0,1.0,0.34740331548982006,0.3538819071309174,215.0,,524.040252685547,,,,,,,,,,,,,,,,,,,,
1651,27046.4121,,,,,,Frage 1,,,,,,1.0,276.0,-1.0,153.0,-1.0,0.8687587057349263,0.8658121123169386,27063.86699999997,523.4119873046875,523.9419555664064,0.6954131722450256,0.2758904695510864,0.530349612236023,0.2876953482627868,0.0,0.0,1.0,0.10322398190045246,0.2747685664781246,214.5,,523.676971435547,,,,,,,,,,,,,,,,,,,,
1652,27063.0673,,,,,,Frage 1,,,,,,1.0,275.0,-1.0,161.0,-1.0,0.8679024857837533,0.8658362169632431,27080.522,523.583740234375,524.0809936523438,0.6947510242462158,0.2757882177829742,0.5296292304992675,0.2877120673656463,0.0,0.0,1.0,0.10520361990950222,0.27540993769540945,218.0,,523.832366943359,,,,,,,,,,,,,,,,,,,,
1653,27079.7203,,,,,,Frage 1,,,,,,1.0,265.0,-1.0,161.0,-1.0,0.8629399048422609,0.8658362169632431,27097.175999999978,523.48974609375,523.9666748046875,0.6943113803863525,0.2754774689674377,0.5291759967803955,0.2873806059360504,0.0,0.0,1.0,0.1023755656108597,0.2744934914053917,213.0,,523.728210449219,,,,,,,,,,,,,,,,,,,,
1654,27096.3764,,,,,,Frage 1,,,,,,1.0,264.0,-1.0,156.0,-1.0,0.8654830799826773,0.8649711279903153,27113.83100000001,523.4051513671875,523.8466796875,0.6936640739440918,0.2754231393337249,0.5284609794616699,0.2874789535999298,0.0,0.0,1.0,0.10067873303167413,0.2739437169278836,210.0,,523.625915527344,,,,,,,,,,,,,,,,,,,,
1655,27113.0301,,,,,,Frage 1,,,,,,1.0,270.0,-1.0,159.0,-1.0,0.8608355508514772,0.8665165036478365,27130.48600000004,523.38623046875,523.798095703125,0.6930858492851257,0.2753470540046691,0.5278488993644714,0.2875070571899414,0.0,0.0,1.0,0.10322398190045246,0.2747683767564628,214.5,,523.592163085938,,,,,,,,,,,,,,,,,,,,
1656,27129.6846,,,,,,Frage 1,,,,,,1.0,268.0,-1.0,156.0,-1.0,0.8601940099551172,0.8662218913041149,27147.14000000001,523.3516845703125,523.7377319335938,0.6925779581069946,0.275359034538269,0.5273106098175048,0.2876008450984954,0.0,0.0,1.0,0.1018099547511312,0.2743101840444867,212.0,,523.544708251953,,,,,,,,,,,,,,,,,,,,
1657,27137.9525,,,,,,Frage 1,1.0,1.42475557327271,29.3679146295937,1.71932709217072,202.71875,,,,,,0.6585048574425887,0.6495113533451946,,,,,,,,,,,0.37959439571535225,0.3642823432120883,,,,,,,,,,,,,,,,,,,,,,,
1658,27146.3406,,,,,,Frage 1,,,,,,1.0,266.0,-1.0,152.0,-1.0,0.8587536632734063,0.8645104614164961,27163.79500000004,522.07275390625,522.41015625,0.6918448209762573,0.2755748927593231,0.5264832377433776,0.2879307270050048,0.0,0.0,1.0,0.10011312217194568,0.27376018941584707,209.0,,522.241455078125,,,,,,,,,,,,,,,,,,,,
1659,27162.9945,,,,,,Frage 1,,,,,,1.0,-1.0,-1.0,-1.0,-1.0,0.0,0.0,27180.45000000007,-1.0,-1.0,-1.0,-1.0,-1.0,-1.0,4.0,4.0,1.0,0.4759322966953752,0.3954061960765668,492.333333333333,,522.304545084635,,,,,,,,,,,,,,,,,,,,
1660,27179.6496,,,,,,Frage 1,,,,,,1.0,-1.0,-1.0,-1.0,-1.0,0.6585048574425887,0.6495113533451946,27197.10400000005,-1.0,-1.0,-1.0,-1.0,-1.0,-1.0,4.0,4.0,1.0,0.37959439571535225,0.3642823432120883,775.666666666667,,522.367635091146,,,,,,,,,,,,,,,,,,,,
1661,27196.3034,,,,,,Frage 1,,,,,,1.0,1093.0,-1.0,1025.0,-1.0,0.8859904442857928,0.8654907170328787,27213.75899999996,522.3955078125,522.4659423828125,0.6856474876403807,0.2830500304698944,0.5190468430519104,0.294793277978897,0.0,0.0,1.0,0.5808823529411764,0.42952906849293987,1059.0,,522.430725097656,,,,,,,,,,,,,,,,,,,,
1662,27212.9599,,,,,,Frage 1,,,,,,1.0,1102.0,-1.0,1025.0,-1.0,0.8848945825990144,0.8654907170328787,27230.41399999999,522.4110107421875,522.3319091796875,0.6825759410858154,0.2754978239536285,0.5159561038017272,0.2873179614543914,0.0,0.0,1.0,0.5834276018099547,0.4303536855742061,1063.5,,522.371459960938,,,,,,,,,,,,,,,,,,,,
1663,27229.6137,,,,,,Frage 1,,,,,,1.0,1106.0,-1.0,1032.0,-1.0,0.8832620232752035,0.8613554310446417,27247.06799999997,523.802978515625,523.6607666015625,0.6809389591217041,0.2755972743034362,0.5148451328277587,0.2878018617630004,0.0,0.0,1.0,0.5865384615384615,0.431361111392909,1069.0,,523.731872558594,,,,,,,,,,,,,,,,,,,,
1664,27246.2672,,,,,,Frage 1,,,,,,1.0,1094.0,-1.0,1032.0,-1.0,0.8855810563208004,0.8672459639729035,27263.723,523.9805908203125,523.7469482421875,0.6788839697837828,0.2756839990615844,0.5130665302276611,0.2881239652633667,0.0,0.0,1.0,0.3473596002335353,0.3538685247837322,1063.0,,523.86376953125,,,,,,,,,,,,,,,,,,,,
1665,27262.9232,,,,,,Frage 1,,,,,,1.0,1087.0,-1.0,1030.0,-1.0,0.8882295967528545,0.8652175310414278,27280.378000000022,523.5884399414064,523.2799682617188,0.6773066520690918,0.2759960889816284,0.5116456151008606,0.2886106371879577,0.0,0.0,1.0,0.5805995475113122,0.4294374862460724,1058.5,,523.434204101563,,,,,,,,,,,,,,,,,,,,
1666,27279.5765,,,,,,Frage 1,,,,,,1.0,1093.0,-1.0,1027.0,-1.0,0.8881971452678247,0.8650782597516685,27297.032000000007,524.3467407226562,523.9589233398438,0.6754357814788818,0.276373416185379,0.5099125504493713,0.2891617119312286,0.0,0.0,1.0,0.5814479638009049,0.4297123551773152,1060.0,,524.15283203125,,,,,,,,,,,,,,,,,,,,
1667,27296.2325,,,,,,Frage 1,,,,,,1.0,1096.0,-1.0,1017.0,-1.0,0.8899794806763889,0.8661227944248631,27313.687000000034,523.9287719726562,523.4815063476562,0.6742321848869323,0.2767894864082336,0.5087859034538269,0.289745420217514,0.0,0.0,1.0,0.5794683257918551,0.42907112575500517,1056.5,,523.705139160156,,,,,,,,,,,,,,,,,,,,
1668,27312.8876,,,,,,Frage 1,,,,,,1.0,1103.0,-1.0,1013.0,-1.0,0.8934667671830615,0.8653969767416947,27330.342000000062,524.4580688476562,523.9463500976562,0.6726847290992736,0.2769431769847869,0.5072600245475769,0.2899072468280792,0.0,0.0,1.0,0.5803167420814479,0.42934605052902913,1058.0,,524.202209472656,,,,,,,,,,,,,,,,,,,,
1669,27329.5414,,,,,,Frage 1,,,,,,1.0,1098.0,-1.0,1012.0,-1.0,0.8956759644331724,0.8674619414417792,27346.99699999997,523.7689819335938,523.2263793945312,0.6722099184989929,0.277458906173706,0.506865918636322,0.290669709444046,0.0,0.0,1.0,0.5786199095022624,0.4287965694845619,1055.0,,523.497680664063,,,,,,,,,,,,,,,,,,,,
1670,27346.1959,,,,,,Frage 1,,,,,,1.0,1085.0,-1.0,1013.0,-1.0,0.8933095022940704,0.8697974138392809,27363.65100000007,524.7606811523438,524.1769409179688,0.6712067127227783,0.2774471044540405,0.5059731602668762,0.2908554077148437,0.0,0.0,1.0,0.5752262443438914,0.4276971957466154,1049.0,,524.468811035156,,,,,,,,,,,,,,,,,,,,
1671,27362.8499,,,,,,Frage 1,,,,,,1.0,1086.0,-1.0,1011.0,-1.0,0.8949195952051683,0.8715142003149674,27380.305999999982,524.0977783203125,523.4967041015625,0.6710267066955566,0.2773328125476837,0.5058114528656005,0.2909044325351715,0.0,0.0,1.0,0.5749434389140271,0.4276057994393669,1048.5,,523.797241210938,,,,,,,,,,,,,,,,,,,,
1672,27379.507,,,,,,Frage 1,,,,,,1.0,1095.0,-1.0,1014.0,-1.0,0.8994777807178269,0.8725158822836206,27396.96100000001,524.7750854492188,524.1519165039064,0.6705223321914672,0.277006983757019,0.5053738355636596,0.2907498776912689,0.0,0.0,1.0,0.5783371040723981,0.42870559273449543,1054.5,,524.463500976563,,,,,,,,,,,,,,,,,,,,
1673,27396.1605,,,,,,Frage 1,,,,,,1.0,1094.0,-1.0,1020.0,-1.0,0.8751827027479773,0.8745781686896714,27413.61499999999,524.5548706054688,523.9209594726562,0.6704177260398864,0.2767459750175476,0.5053027868270874,0.2906525731086731,0.0,0.0,1.0,0.5797511312217194,0.4291631416424738,1057.0,,524.237915039063,,,,,,,,,,,,,,,,,,,,
1674,27412.8147,,,,,,Frage 1,,,,,,1.0,1093.0,-1.0,1015.0,-1.0,0.8987788256556449,0.8780438811694502,27430.27000000001,525.3699951171875,524.7274169921875,0.6701541543006897,0.2765920460224151,0.5050958395004272,0.2906112670898437,0.0,0.0,1.0,0.5780542986425339,0.42861451589555005,1054.0,,525.048706054688,,,,,,,,,,,,,,,,,,,,
1675,27429.4699,,,,,,Frage 1,,,,,,1.0,1091.0,-1.0,1017.0,-1.0,0.9008532244294779,0.8818898459406018,27446.925000000047,524.9024047851562,524.2687377929688,0.6705025434494019,0.2764732241630554,0.5054517984390258,0.2906014621257782,0.0,0.0,1.0,0.3451916467474579,0.3531681426948533,1054.0,,524.585571289063,,,,,,,,,,,,,,,,,,,,
1676,27446.1237,,,,,,Frage 1,,,,,,1.0,1062.0,-1.0,989.0,-1.0,0.9034967723253737,0.8773876991311613,27463.579000000027,527.1416015625,526.526123046875,0.6705491542816162,0.2766301333904266,0.505617082118988,0.2908290326595306,0.0,0.0,1.0,0.5619343891402714,0.42339179909805047,1025.5,,526.833862304688,,,,,,,,,,,,,,,,,,,,
1677,27462.7789,,,,,,Frage 1,,,,,,1.0,804.0,-1.0,718.0,-1.0,0.8984518145372667,0.8881410496769977,27480.23400000005,523.3916625976562,522.8751831054688,0.6735504269599915,0.2766527235507965,0.5085046291351318,0.2910425066947937,0.0,0.0,1.0,0.41233031674208137,0.3749214522001658,761.0,,523.133422851563,,,,,,,,,,,,,,,,,,,,
1678,27479.434,,,,,,Frage 1,,,,,,1.0,647.0,-1.0,607.0,-1.0,0.8954213450890919,0.8941136453724435,27496.888999999966,520.3095092773438,519.8634643554688,0.6757381558418273,0.2765887081623077,0.5106377601623535,0.2910705804824829,0.0,0.0,1.0,0.3432074340856921,0.35252635353996925,627.0,,520.086486816406,,,,,,,,,,,,,,,,,,,,
1679,27496.0876,,,,,,Frage 1,,,,,,1.0,588.0,-1.0,536.0,-1.0,0.8855369906144096,0.8855779222866202,27513.543000000063,522.8818359375,522.4285888671875,0.6750077009201049,0.276718646287918,0.5100339651107788,0.2910835146903991,0.0,0.0,1.0,0.3444616725418767,0.3529315081439111,562.0,,522.655212402344,,,,,,,,,,,,,,,,,,,,
1680,27512.7431,,,,,,Frage 1,,,,,,1.0,596.0,-1.0,515.0,-1.0,0.8908307080914034,0.8765018459390188,27530.19799999997,523.5091552734375,523.076904296875,0.6753621101379395,0.2766944766044616,0.5104138851165771,0.2910518944263458,0.0,0.0,1.0,0.29609728506787325,0.33726081556336934,555.5,,523.293029785156,,,,,,,,,,,,,,,,,,,,
1681,27529.3972,,,,,,Frage 1,,,,,,1.0,608.0,-1.0,529.0,-1.0,0.884848482501429,0.8849029921900945,27546.853000000003,523.3096923828125,522.905029296875,0.676062524318695,0.276315689086914,0.511107861995697,0.2907135784626007,0.0,0.0,1.0,0.3034502262443438,0.33964382234371343,568.5,,523.107360839844,,,,,,,,,,,,,,,,,,,,
1682,27546.0519,,,,,,Frage 1,,,,,,1.0,607.0,-1.0,533.0,-1.0,0.8939984722839356,0.8876509218688063,27563.506999999983,523.2210083007812,522.8450317382812,0.676711916923523,0.2758684158325195,0.5117510557174682,0.2902158796787262,0.0,0.0,1.0,0.30429864253393657,0.33991929605445076,570.0,,523.033020019531,,,,,,,,,,,,,,,,,,,,
1683,27562.7076,,,,,,Frage 1,,,,,,1.0,604.0,-1.0,525.0,-1.0,0.8937812969610432,0.8881249799127948,27580.162000000008,522.779541015625,522.4345703125,0.6774737238883972,0.2755564451217651,0.5124648213386535,0.2898332178592681,0.0,0.0,1.0,0.3011877828054298,0.3389114283469056,564.5,,522.607055664063,,,,,,,,,,,,,,,,,,,,
1684,27579.3609,,,,,,Frage 1,,,,,,1.0,612.0,-1.0,520.0,-1.0,0.8958756658795102,0.8857520113988195,27596.81700000004,522.9520874023438,522.6434936523438,0.6782404780387878,0.2754165530204772,0.5132074952125549,0.2896299362182617,0.0,0.0,1.0,0.30203619909502255,0.33918613571141837,566.0,,522.797790527344,,,,,,,,,,,,,,,,,,,,
1685,27596.0173,,,,,,Frage 1,,,,,,1.0,624.0,-1.0,521.0,-1.0,0.8958082666413714,0.8852243874741544,27613.472000000067,522.376953125,522.11376953125,0.6793336868286132,0.2755078375339508,0.5142223834991455,0.2896301746368408,0.0,0.0,1.0,0.3057126696832579,0.34037724472999886,572.5,,522.245361328125,,,,,,,,,,,,,,,,,,,,
1686,27612.6699,,,,,,Frage 1,,,,,,1.0,617.0,-1.0,520.0,-1.0,0.8925606218703039,0.8775259988049072,27630.126000000047,522.1661987304688,521.9509887695312,0.6803869605064392,0.2759062945842742,0.5152260661125183,0.2899174988269805,0.0,0.0,1.0,0.3034502262443438,0.33964331158950567,568.5,,522.05859375,,,,,,,,,,,,,,,,,,,,
1687,27629.3261,,,,,,Frage 1,,,,,,1.0,618.0,-1.0,523.0,-1.0,0.8920164354290335,0.8857038021062104,27646.781000000075,521.8722534179688,521.7029418945312,0.6813862323760986,0.2764723896980285,0.5161763429641723,0.2903498709201812,0.0,0.0,1.0,0.3045814479638008,0.3400106560806416,570.5,,521.78759765625,,,,,,,,,,,,,,,,,,,,
1688,27645.981,,,,,,Frage 1,,,,,,1.0,614.0,-1.0,533.0,-1.0,0.8923659129601247,0.8871929335890211,27663.435999999987,521.5137939453125,521.394287109375,0.6824591159820556,0.2770518958568573,0.5172149538993835,0.2907654047012329,0.0,0.0,1.0,0.3062782805429864,0.3405605914059175,573.5,,521.454040527344,,,,,,,,,,,,,,,,,,,,
1689,27662.6343,,,,,,Frage 1,,,,,,1.0,607.0,-1.0,532.0,-1.0,0.8921761965861037,0.8865367515507322,27680.089999999967,521.7450561523438,521.6631469726562,0.6831410527229309,0.2774623036384582,0.5178879499435424,0.2910072207450866,0.0,0.0,1.0,0.3040158371040724,0.33982749162785075,569.5,,521.7041015625,,,,,,,,,,,,,,,,,,,,
1690,27679.2913,,,,,,Frage 1,,,,,,1.0,604.0,-1.0,530.0,-1.0,0.8912600662010295,0.8863894453788714,27696.744999999995,521.1935424804688,521.1513061523438,0.6840428709983825,0.2778078615665435,0.5187348127365112,0.2911961376667022,0.0,0.0,1.0,0.30260180995475106,0.339369305112995,567.0,,521.172424316406,,,,,,,,,,,,,,,,,,,,
1691,27695.945,,,,,,Frage 1,,,,,,1.0,607.0,-1.0,533.0,-1.0,0.8910678535589294,0.8857091586942781,27713.400000000023,521.5643920898438,521.54541015625,0.6843906641006469,0.2779418230056762,0.5190697908401489,0.2911714911460876,0.0,0.0,1.0,0.30429864253393657,0.3399189969980867,570.0,,521.554901123047,,,,,,,,,,,,,,,,,,,,
1692,27712.5994,,,,,,Frage 1,,,,,,1.0,604.0,-1.0,530.0,-1.0,0.8896474770218523,0.8827737484331981,27730.054000000004,520.7916870117188,520.7938842773438,0.6849624514579772,0.2779751420021057,0.51956707239151,0.2910846471786499,0.0,0.0,1.0,0.30260180995475106,0.339368875825735,567.0,,520.792785644531,,,,,,,,,,,,,,,,,,,,
1693,27729.2547,,,,,,Frage 1,,,,,,1.0,605.0,-1.0,533.0,-1.0,0.8890009435893339,0.8705251595099658,27746.70900000003,521.3037109375,521.3057250976562,0.6848201155662536,0.2782790064811706,0.5194305181503295,0.2913441061973571,0.0,0.0,1.0,0.3468741317346915,0.3537116886507207,569.0,,521.304718017578,,,,,,,,,,,,,,,,,,,,
1694,27745.909,,,,,,Frage 1,,,,,,1.0,615.0,-1.0,531.0,-1.0,0.8894977009370992,0.883633480818058,27763.36400000006,521.3812866210938,521.3886108398438,0.6849071979522705,0.2786236703395843,0.5195142030715942,0.2916783988475799,0.0,0.0,1.0,0.34480703055995077,0.3530433325190496,573.0,,521.384948730469,,,,,,,,,,,,,,,,,,,,
1695,27762.5638,,,,,,Frage 1,,,,,,1.0,612.0,-1.0,527.0,-1.0,0.8904987044368669,0.8847262247838616,27780.01800000004,522.4966430664064,522.4985961914064,0.6845493912696838,0.2790249288082122,0.5191743969917297,0.2920606434345245,0.0,0.0,1.0,0.3040158371040724,0.3398272477953893,569.5,,522.497619628906,,,,,,,,,,,,,,,,,,,,
1696,27779.2171,,,,,,Frage 1,,,,,,1.0,610.0,-1.0,530.0,-1.0,0.8924008607132337,0.8899944291484098,27796.673000000068,522.0968017578125,522.0889892578125,0.68439382314682,0.279568076133728,0.5189805030822753,0.2925924956798553,0.0,0.0,1.0,0.30429864253393657,0.3399194865952398,570.0,,522.092895507813,,,,,,,,,,,,,,,,,,,,
1697,27795.872,,,,,,Frage 1,,,,,,1.0,612.0,-1.0,526.0,-1.0,0.8950094608560204,0.8911943048755666,27813.32799999998,522.1317138671875,522.1083984375,0.6840270161628723,0.2804616689682006,0.5186037421226501,0.2935096621513366,0.0,0.0,1.0,0.30373303167420806,0.33973644154066873,569.0,,522.120056152344,,,,,,,,,,,,,,,,,,,,
1698,27812.5285,,,,,,Frage 1,,,,,,1.0,601.0,-1.0,524.0,-1.0,0.8942106550706694,0.8884490534908884,27829.98199999996,521.547607421875,521.5030517578125,0.6836767792701721,0.2810854911804199,0.5182390809059143,0.2941926419734954,0.0,0.0,1.0,0.3000565610859728,0.3385449636323368,562.5,,521.525329589844,,,,,,,,,,,,,,,,,,,,
1699,27829.1818,,,,,,Frage 1,,,,,,1.0,591.0,-1.0,528.0,-1.0,0.894904617596693,0.8886552821314935,27846.636999999988,521.5120239257812,521.4415893554688,0.6831358671188354,0.2811619341373443,0.5177035331726074,0.2943319678306579,0.0,0.0,1.0,0.344065206202157,0.35280368485699415,559.5,,521.476806640625,,,,,,,,,,,,,,,,,,,,
1700,27845.8373,,,,,,Frage 1,,,,,,1.0,605.0,-1.0,535.0,-1.0,0.8973659379228055,0.8880499876798474,27863.292000000016,521.775390625,521.68017578125,0.6826002597808837,0.2811816036701202,0.5171825289726257,0.2944687008857727,0.0,0.0,1.0,0.30429864253393657,0.3399194492772863,570.0,,521.727783203125,,,,,,,,,,,,,,,,,,,,
1701,27862.4918,,,,,,Frage 1,,,,,,1.0,604.0,-1.0,525.0,-1.0,0.9003389932051583,0.8893998478728988,27879.947000000044,521.7301025390625,521.6138916015625,0.6822750568389891,0.280769258737564,0.516830563545227,0.2942256927490234,0.0,0.0,1.0,0.3011877828054298,0.33891177845755655,564.5,,521.671997070313,,,,,,,,,,,,,,,,,,,,
1702,27879.1465,,,,,,Frage 1,,,,,,1.0,596.0,-1.0,520.0,-1.0,0.901484780253521,0.8898256966242781,27896.601000000024,522.2169799804688,522.0785522460938,0.6818299293518066,0.2801291346549987,0.5163952708244323,0.2937681674957275,0.0,0.0,1.0,0.2975113122171945,0.3377206946476763,558.0,,522.147766113281,,,,,,,,,,,,,,,,,,,,
1703,27895.8023,,,,,,Frage 1,,,,,,1.0,597.0,-1.0,522.0,-1.0,0.9024458434640212,0.8873140045697011,27913.25600000005,521.7531127929688,521.6065063476562,0.6818868517875671,0.2796409726142883,0.5163968801498413,0.2934537529945373,0.0,0.0,1.0,0.29835972850678727,0.3379953499863866,559.5,,521.679809570313,,,,,,,,,,,,,,,,,,,,
1704,27912.456,,,,,,Frage 1,,,,,,1.0,608.0,-1.0,519.0,-1.0,0.8933776612227089,0.8937735020301468,27929.910999999964,522.031005859375,521.8751220703125,0.6817853450775146,0.2792677283287048,0.5162636041641235,0.2932671606540679,0.0,0.0,1.0,0.3006221719457013,0.3387287456730597,563.5,,521.953063964844,,,,,,,,,,,,,,,,,,,,
1705,27929.1099,,,,,,Frage 1,,,,,,1.0,611.0,-1.0,521.0,-1.0,0.9063574955441615,0.8907117334208662,27946.56500000006,521.3310546875,521.1805419921875,0.6821666359901428,0.2791053056716918,0.5165851116180419,0.2932586967945098,0.0,0.0,1.0,0.30203619909502255,0.33918699900476007,566.0,,521.255798339844,,,,,,,,,,,,,,,,,,,,
1706,27945.7642,,,,,,Frage 1,,,,,,1.0,600.0,-1.0,513.0,-1.0,0.9041532908302088,0.8924638162476028,27963.21999999997,521.4940795898438,521.3506469726562,0.6823877692222595,0.2792286872863769,0.516768455505371,0.2934905886650085,0.0,0.0,1.0,0.29666289592760176,0.3374461728949195,556.5,,521.42236328125,,,,,,,,,,,,,,,,,,,,
1707,27962.4205,,,,,,Frage 1,,,,,,1.0,593.0,-1.0,522.0,-1.0,0.9057758650817028,0.8932539129875834,27979.875,521.1611328125,521.0352783203125,0.6828476786613464,0.2798115611076355,0.5172150731086731,0.2941074669361114,0.0,0.0,1.0,0.29722850678733026,0.33762956517479875,557.5,,521.098205566406,,,,,,,,,,,,,,,,,,,,
1708,27979.0751,,,,,,Frage 1,,,,,,1.0,597.0,-1.0,526.0,-1.0,0.8956821447912318,0.8961705751904266,27996.52899999998,521.0935668945312,520.9869995117188,0.6834215521812439,0.2798863053321838,0.5177162289619445,0.2943216264247894,0.0,0.0,1.0,0.2994909502262443,0.3383625586277661,561.5,,521.040283203125,,,,,,,,,,,,,,,,,,,,
1709,27995.7286,,,,,,Frage 1,,,,,,1.0,603.0,-1.0,520.0,-1.0,0.8970886701619016,0.897632923732899,28013.18400000001,520.576171875,520.4927978515625,0.6841139197349548,0.2799195051193237,0.5183238387107849,0.2944134175777435,0.0,0.0,1.0,0.2994909502262443,0.3383627572826278,561.5,,520.534484863281,,,,,,,,,,,,,,,,,,,,
1710,28012.3843,,,,,,Frage 1,,,,,,1.0,599.0,-1.0,519.0,-1.0,0.9081198608080919,0.8970169161051176,28029.83900000004,520.477783203125,520.4217529296875,0.6847779750823973,0.2797596454620361,0.518925666809082,0.2942476272583007,0.0,0.0,1.0,0.3428704581317005,0.3524178974119832,559.0,,520.449768066406,,,,,,,,,,,,,,,,,,,,
1711,28029.0373,,,,,,Frage 1,,,,,,1.0,587.0,-1.0,526.0,-1.0,0.9081423272208049,0.8975043656192752,28046.493000000017,520.1012573242188,520.0739135742188,0.6855497360229492,0.2793829143047332,0.5196585059165953,0.2939002215862274,0.0,0.0,1.0,0.29666289592760176,0.33744682912674884,556.5,,520.087585449219,,,,,,,,,,,,,,,,,,,,
1712,28045.6922,,,,,,Frage 1,,,,,,1.0,592.0,-1.0,529.0,-1.0,0.9149845980259512,0.8973034935667378,28063.148000000045,519.7540893554688,519.7650756835938,0.6865007281303405,0.2790134251117706,0.5205174684524536,0.2934823930263519,0.0,0.0,1.0,0.34289106438549244,0.3524248313682365,560.5,,519.759582519531,,,,,,,,,,,,,,,,,,,,
1713,28062.3484,,,,,,Frage 1,,,,,,1.0,592.0,-1.0,526.0,-1.0,0.9149845980259512,0.8975177570894443,28079.80300000008,519.3933715820312,519.43408203125,0.6872927546501159,0.2785092890262603,0.5212733149528503,0.2930062413215637,0.0,0.0,1.0,0.298076923076923,0.33790519838159133,559.0,,519.413726806641,,,,,,,,,,,,,,,,,,,,
1714,28079.0018,,,,,,Frage 1,,,,,,1.0,610.0,-1.0,524.0,-1.0,0.9060529508384967,0.900667430873231,28096.457000000053,518.6300659179688,518.7172241210938,0.6884539127349854,0.2785093486309051,0.5222939252853394,0.2928662598133087,0.0,0.0,1.0,0.30260180995475106,0.3393712799005873,567.0,,518.673645019531,,,,,,,,,,,,,,,,,,,,
1715,28095.6568,,,,,,Frage 1,,,,,,1.0,555.0,-1.0,476.0,-1.0,0.9063674806164785,0.9015137717879219,28113.111999999965,517.3006591796875,517.4267578125,0.6895409226417542,0.2791778743267059,0.5234001278877258,0.2935143709182739,0.0,0.0,1.0,0.27347285067873295,0.32993367773503024,515.5,,517.363708496094,,,,,,,,,,,,,,,,,,,,
1716,28112.3126,,,,,,Frage 1,,,,,,1.0,523.0,-1.0,435.0,-1.0,0.9065472119181823,0.8873495868311407,28129.767,516.2060546875,516.3748168945312,0.6906094551086425,0.2801063656806945,0.5245834589004515,0.2944012582302093,0.0,0.0,1.0,0.34438335941471165,0.3529070162573358,479.0,,516.290435791016,,,,,,,,,,,,,,,,,,,,
1717,28128.966,,,,,,Frage 1,,,,,,1.0,488.0,-1.0,379.0,-1.0,0.9110679534096525,0.8953965482146492,28146.42200000002,516.4057006835938,516.5979614257812,0.6909300088882446,0.2807507812976837,0.5249319076538085,0.2948351204395294,0.0,0.0,1.0,0.22709276018099542,0.3149061795946719,433.5,,516.501831054688,,,,,,,,,,,,,,,,,,,,
1718,28145.6211,,,,,,Frage 1,,,,,,1.0,488.0,-1.0,372.0,-1.0,0.9110679534096525,0.8926057658313961,28163.076,515.6514282226562,515.8704223632812,0.6916060447692871,0.2812306880950927,0.5255435109138488,0.2951865792274475,0.0,0.0,1.0,0.22511312217194565,0.3142644924273306,430.0,,515.760925292969,,,,,,,,,,,,,,,,,,,,
1719,28148.1696,,,,,,Frage 1,1.0,2.17104625701904,29.3677693693624,0.775038003921509,202.71875,,,,,,0.6585048574425887,0.6495113533451946,,,,,,,,,,,0.37959439571535225,0.3642823432120883,,,,,,,,,,,,,,,,,,,,,,,
1720,28162.2769,,,,,,Frage 1,,,,,,1.0,502.0,-1.0,382.0,-1.0,0.9061802605105367,0.8925923743612268,28179.73100000003,515.6157836914064,515.8493041992188,0.6918746829032897,0.2815447747707366,0.5257906913757324,0.2953989803791046,0.0,0.0,1.0,0.34355116783043466,0.352637921231389,442.0,,515.732543945313,,,,,,,,,,,,,,,,,,,,
1721,28178.9302,,,,,,Frage 1,,,,,,1.0,502.0,-1.0,385.0,-1.0,0.9061802605105367,0.8970169161051176,28196.386000000057,515.5823974609375,515.83642578125,0.6922869086265564,0.2819982171058654,0.5261595249176025,0.2957568764686584,0.0,0.0,1.0,0.2327488687782805,0.31673874901606824,443.5,,515.709411621094,,,,,,,,,,,,,,,,,,,,
1722,28195.5854,,,,,,Frage 1,,,,,,1.0,510.0,-1.0,391.0,-1.0,0.9070414729978682,0.8968175612207189,28213.04000000004,515.3765258789064,515.6494750976562,0.6927266716957092,0.2822699546813964,0.5265564322471618,0.2959691882133483,0.0,0.0,1.0,0.23670814479638005,0.3180215511277027,450.5,,515.513000488281,,,,,,,,,,,,,,,,,,,,
1723,28212.2392,,,,,,Frage 1,,,,,,1.0,492.0,-1.0,389.0,-1.0,0.8972835610761911,0.8936128043881169,28229.695000000065,514.2601318359375,514.5447998046875,0.693179965019226,0.2823042869567871,0.5269420742988586,0.2959108650684356,0.0,0.0,1.0,0.23105203619909495,0.3161883310323193,440.5,,514.402465820313,,,,,,,,,,,,,,,,,,,,
1724,28228.8951,,,,,,Frage 1,,,,,,1.0,486.0,-1.0,374.0,-1.0,0.896764337315713,0.8922522310189301,28246.349999999977,513.9790649414064,514.2667236328125,0.6932473182678222,0.282001256942749,0.5269573926925659,0.2954741418361663,0.0,0.0,1.0,0.22511312217194565,0.3142639810229523,430.0,,514.122894287109,,,,,,,,,,,,,,,,,,,,
1725,28245.5503,,,,,,Frage 1,,,,,,1.0,501.0,-1.0,381.0,-1.0,0.89574835620747,0.891810312503348,28263.00400000008,513.9658813476562,514.263427734375,0.6934252977371215,0.2815980017185211,0.5270825624465942,0.2949446737766265,0.0,0.0,1.0,0.2313348416289592,0.31627972091747675,441.0,,514.114654541016,,,,,,,,,,,,,,,,,,,,
1726,28262.2039,,,,,,Frage 1,,,,,,1.0,513.0,-1.0,422.0,-1.0,0.8941432558325304,0.8837977777785304,28279.658999999985,514.89990234375,515.1921997070312,0.6930547356605529,0.2814058661460876,0.5267473459243774,0.2946679294109344,0.0,0.0,1.0,0.24632352941176464,0.3211351274443084,467.5,,515.046051025391,,,,,,,,,,,,,,,,,,,,
1727,28278.86,,,,,,Frage 1,,,,,,1.0,543.0,-1.0,461.0,-1.0,0.8946200430356617,0.8913817854579348,28296.314000000013,515.0382080078125,515.3285522460938,0.6929163336753845,0.2812882363796234,0.5266167521476744,0.2944523096084594,0.0,0.0,1.0,0.26583710407239813,0.32745827455572774,502.0,,515.183380126953,,,,,,,,,,,,,,,,,,,,
1728,28295.5133,,,,,,Frage 1,,,,,,1.0,600.0,-1.0,508.0,-1.0,0.8951118078472684,0.8922790139592685,28312.968,514.0287475585938,514.3311767578125,0.6933603882789611,0.2812312245368957,0.5269955992698669,0.2943049073219299,0.0,0.0,1.0,0.2952488687782805,0.33698771284528706,554.0,,514.179962158203,,,,,,,,,,,,,,,,,,,,
1729,28312.1685,,,,,,Frage 1,,,,,,1.0,586.0,-1.0,509.0,-1.0,0.8919914727482414,0.8944859282431462,28329.62300000002,513.9161376953125,514.2305297851562,0.6935917735099792,0.2813968658447265,0.5272209048271179,0.2943765819072723,0.0,0.0,1.0,0.2915723981900452,0.3357966725686029,547.5,,514.073333740234,,,,,,,,,,,,,,,,,,,,
1730,28328.8237,,,,,,Frage 1,,,,,,1.0,584.0,-1.0,511.0,-1.0,0.8934842410596159,0.8932539129875834,28346.27800000005,514.5663452148438,514.8825073242188,0.6933999061584472,0.2815739512443542,0.5270438194274902,0.2944214344024658,0.0,0.0,1.0,0.2915723981900452,0.3357965940642891,547.5,,514.724426269531,,,,,,,,,,,,,,,,,,,,
1731,28345.4766,,,,,,Frage 1,,,,,,1.0,605.0,-1.0,513.0,-1.0,0.9068193051388175,0.8918156690914156,28362.93200000003,514.2532348632812,514.5687255859375,0.693392276763916,0.2816056609153747,0.5270209312438964,0.2943626940250396,0.0,0.0,1.0,0.298076923076923,0.33790433480899745,559.0,,514.410980224609,,,,,,,,,,,,,,,,,,,,
1732,28362.1328,,,,,,Frage 1,,,,,,1.0,609.0,-1.0,516.0,-1.0,0.9049695704921145,0.8926941495345126,28379.587000000058,514.8792114257812,515.181640625,0.6929066777229309,0.2815795838832855,0.5265569686889648,0.2942569553852081,0.0,0.0,1.0,0.3000565610859728,0.3385457618507128,562.5,,515.030426025391,,,,,,,,,,,,,,,,,,,,
1733,28378.7865,,,,,,Frage 1,,,,,,1.0,601.0,-1.0,514.0,-1.0,0.8941782035856394,0.8795778880088403,28396.24199999997,514.5025634765625,514.7880859375,0.6925548315048217,0.2815749049186706,0.5262118577957153,0.2941923439502716,0.0,0.0,1.0,0.29722850678733026,0.337627758980754,557.5,,514.645324707031,,,,,,,,,,,,,,,,,,,,
1734,28395.4428,,,,,,Frage 1,,,,,,1.0,600.0,-1.0,510.0,-1.0,0.8938650780503099,0.8942850561906088,28412.897,514.8338012695312,515.09375,0.6918755173683167,0.2815328240394592,0.5255483984947203,0.294113665819168,0.0,0.0,1.0,0.295814479638009,0.33717113627936807,555.0,,514.963775634766,,,,,,,,,,,,,,,,,,,,
1735,28412.0959,,,,,,Frage 1,,,,,,1.0,598.0,-1.0,500.0,-1.0,0.8959979830153919,0.8927584285913246,28429.550999999978,514.7666625976562,515.001220703125,0.6912792921066284,0.2816462218761444,0.5249592065811157,0.2941957712173461,0.0,0.0,1.0,0.29242081447963797,0.3360715104696602,549.0,,514.883941650391,,,,,,,,,,,,,,,,,,,,
1736,28428.7519,,,,,,Frage 1,,,,,,1.0,595.0,-1.0,496.0,-1.0,0.8994303516243216,0.8940815058440377,28446.20600000001,514.7044067382812,514.91455078125,0.6907171010971069,0.2819380462169647,0.5244149565696716,0.2944805026054382,0.0,0.0,1.0,0.3432510006381091,0.3525405986776464,545.5,,514.809478759766,,,,,,,,,,,,,,,,,,,,
1737,28445.4055,,,,,,Frage 1,,,,,,1.0,603.0,-1.0,502.0,-1.0,0.9124783448744129,0.894394866245996,28462.86100000004,514.7183227539064,514.9020385742188,0.6900913715362548,0.2825149595737457,0.5238082408905029,0.29506716132164,0.0,0.0,1.0,0.29440045248868774,0.33671362456453735,552.5,,514.810180664063,,,,,,,,,,,,,,,,,,,,
1738,28462.0595,,,,,,Frage 1,,,,,,1.0,588.0,-1.0,500.0,-1.0,0.9121663113645101,0.8958518582004007,28479.51500000001,515.0781860351562,515.2323608398438,0.6893299221992492,0.2831397950649261,0.5230927467346191,0.2957240343093872,0.0,0.0,1.0,0.28959276018099545,0.33515608689918963,544.0,,515.1552734375,,,,,,,,,,,,,,,,,,,,
1739,28478.7159,,,,,,Frage 1,,,,,,1.0,587.0,-1.0,491.0,-1.0,0.9078302937109024,0.8989640358677137,28496.17000000004,515.2101440429688,515.3306274414064,0.6885005235671997,0.2836752831935882,0.5222715139389038,0.2962366938591003,0.0,0.0,1.0,0.3425599222895212,0.35231747742786873,539.0,,515.270385742188,,,,,,,,,,,,,,,,,,,,
1740,28495.3692,,,,,,Frage 1,,,,,,1.0,598.0,-1.0,500.0,-1.0,0.9086815211259167,0.9009941827453585,28512.82500000007,515.5639038085938,515.6597290039064,0.6878880858421325,0.2842036187648773,0.5217095613479614,0.2968480587005615,0.0,0.0,1.0,0.29242081447963797,0.3360727872991955,549.0,,515.61181640625,,,,,,,,,,,,,,,,,,,,
1741,28512.0242,,,,,,Frage 1,,,,,,1.0,599.0,-1.0,510.0,-1.0,0.8995707660566283,0.9002174774755471,28529.47900000005,515.7664794921875,515.8281860351562,0.6871243715286254,0.2844521403312683,0.520977795124054,0.2972100675106048,0.0,0.0,1.0,0.29553167420814475,0.3370803140079594,554.5,,515.797332763672,,,,,,,,,,,,,,,,,,,,
1742,28528.6794,,,,,,Frage 1,,,,,,1.0,589.0,-1.0,509.0,-1.0,0.9071238498444825,0.9026841862807066,28546.13399999996,515.9533081054688,515.9816284179688,0.6864205598831176,0.2845886051654815,0.5203332304954528,0.2975314557552337,0.0,0.0,1.0,0.29242081447963797,0.3360729112477443,549.0,,515.967468261719,,,,,,,,,,,,,,,,,,,,
1743,28545.3344,,,,,,Frage 1,,,,,,1.0,589.0,-1.0,521.0,-1.0,0.9166645864432673,0.9005683339939792,28562.78899999999,516.5196533203125,516.51416015625,0.6856540441513062,0.2845856547355651,0.5196415781974792,0.2977395951747894,0.0,0.0,1.0,0.295814479638009,0.33717254588703865,555.0,,516.516906738281,,,,,,,,,,,,,,,,,,,,
1744,28561.9891,,,,,,Frage 1,,,,,,1.0,598.0,-1.0,513.0,-1.0,0.918599194204664,0.9023493995264776,28579.44299999997,516.887451171875,516.853271484375,0.685012698173523,0.2844349145889282,0.5190224647521972,0.297718346118927,0.0,0.0,1.0,0.29609728506787325,0.3372644233507552,555.5,,516.870361328125,,,,,,,,,,,,,,,,,,,,
1745,28578.6421,,,,,,Frage 1,,,,,,1.0,598.0,-1.0,468.0,-1.0,0.918599194204664,0.9038657878888174,28596.098,518.9182739257812,518.8634033203125,0.6842186450958252,0.2844468653202056,0.5183000564575195,0.2978498935699462,0.0,0.0,1.0,0.28337104072398184,0.33314131371083094,533.0,,518.890838623047,,,,,,,,,,,,,,,,,,,,
1746,28595.2984,,,,,,Frage 1,,,,,,1.0,399.0,-1.0,331.0,-1.0,0.9248773084239063,0.9074006620742852,28612.753000000022,518.597900390625,518.5496826171875,0.6845738887786865,0.2844108939170837,0.5186945796012878,0.2980590462684631,0.0,0.0,1.0,0.3413901063769277,0.35193990288185134,365.0,,518.573791503906,,,,,,,,,,,,,,,,,,,,
1747,28611.9516,,,,,,Frage 1,,,,,,1.0,399.0,-1.0,301.0,-1.0,0.9248773084239063,0.9135982344685728,28629.407000000007,517.6328735351562,517.5723876953125,0.6845955848693847,0.2844773232936859,0.5187591910362243,0.2983461916446685,0.0,0.0,1.0,0.34041053643991054,0.3516231690922589,350.0,,517.602630615234,,,,,,,,,,,,,,,,,,,,
1748,28628.6079,,,,,,Frage 1,,,,,,1.0,402.0,-1.0,305.0,-1.0,0.92448040179931,0.9122001649829125,28646.062000000034,517.9340209960938,517.842529296875,0.6839041709899902,0.2845987975597381,0.5181140899658203,0.2986094653606414,0.0,0.0,1.0,0.18184389140271487,0.30024786533033926,353.5,,517.888275146484,,,,,,,,,,,,,,,,,,,,
1749,28645.2633,,,,,,Frage 1,,,,,,1.0,412.0,-1.0,286.0,-1.0,0.9230325663133615,0.9094843748326066,28662.717000000062,518.1315307617188,518.02294921875,0.6834813952445983,0.2845250368118286,0.517691433429718,0.2985336184501647,0.0,0.0,1.0,0.1792986425339366,0.29942288158916214,349.0,,518.077239990234,,,,,,,,,,,,,,,,,,,,
1750,28661.9168,,,,,,Frage 1,,,,,,1.0,410.0,-1.0,296.0,-1.0,0.9236990698905136,0.911152952015684,28679.37199999997,518.08837890625,517.9677124023438,0.6833168268203735,0.2849800288677215,0.5175544023513793,0.2991876304149627,0.0,0.0,1.0,0.18156108597285062,0.3001561024059828,353.0,,518.028045654297,,,,,,,,,,,,,,,,,,,,
1751,28678.5714,,,,,,Frage 1,,,,,,1.0,401.0,-1.0,308.0,-1.0,0.9173685340416078,0.9117662813494316,28696.02600000007,518.39306640625,518.2581787109375,0.6830223798751831,0.2850665748119354,0.5172953009605407,0.2994314134120941,0.0,0.0,1.0,0.34062800489486245,0.3516931886886966,354.5,,518.325622558594,,,,,,,,,,,,,,,,,,,,
1752,28695.2259,,,,,,Frage 1,,,,,,1.0,400.0,-1.0,305.0,-1.0,0.9180200600102846,0.9118760914048187,28712.680999999982,518.1220703125,517.9829711914064,0.6830620169639587,0.2849962413311004,0.517305314540863,0.2994690537452697,0.0,0.0,1.0,0.18127828054298636,0.30006436094339095,352.5,,518.052520751953,,,,,,,,,,,,,,,,,,,,
1753,28711.8818,,,,,,Frage 1,,,,,,1.0,395.0,-1.0,299.0,-1.0,0.9232597267085707,0.9093129640144414,28729.33600000001,518.3810424804688,518.2379150390625,0.6829764246940612,0.284985065460205,0.517209768295288,0.299526572227478,0.0,0.0,1.0,0.17816742081447962,0.2990563586697723,347.0,,518.309478759766,,,,,,,,,,,,,,,,,,,,
1754,28728.5364,,,,,,Frage 1,,,,,,1.0,367.0,-1.0,279.0,-1.0,0.9096592797055728,0.910836913319692,28745.98999999999,517.1198120117188,516.9950561523438,0.6837201118469238,0.2850788831710815,0.5178632140159606,0.2997162640094757,0.0,0.0,1.0,0.16459276018099545,0.2946579140057076,323.0,,517.057434082031,,,,,,,,,,,,,,,,,,,,
1755,28745.189,,,,,,Frage 1,,,,,,1.0,353.0,-1.0,242.0,-1.0,0.9271688825206317,0.9103949948041096,28762.64500000001,517.4053955078125,517.3008422851562,0.6841703057289124,0.2851125597953796,0.5183242559432983,0.2998230159282684,0.0,0.0,1.0,0.15016968325791857,0.28998541292908875,297.5,,517.353118896484,,,,,,,,,,,,,,,,,,,,
1756,28761.8452,,,,,,Frage 1,,,,,,1.0,295.0,-1.0,207.0,-1.0,0.9249896404874712,0.9107029986180002,28779.300000000047,517.9837646484375,517.8919677734375,0.684389054775238,0.2853258550167083,0.5185494422912597,0.3001052737236022,0.0,0.0,1.0,0.12386877828054299,0.28146395366772997,251.0,,517.937866210938,,,,,,,,,,,,,,,,,,,,
1757,28778.4985,,,,,,Frage 1,,,,,,1.0,295.0,-1.0,207.0,-1.0,0.9249896404874712,0.9141097886290348,28795.954000000027,517.9651489257812,517.8903198242188,0.684769868850708,0.2855399549007415,0.518917441368103,0.300309807062149,0.0,0.0,1.0,0.12386877828054299,0.281464307730228,251.0,,517.927734375,,,,,,,,,,,,,,,,,,,,
1758,28795.1547,,,,,,Frage 1,,,,,,1.0,297.0,-1.0,212.0,-1.0,0.9267844572364315,0.9138178545793472,28812.60900000005,517.5287475585938,517.4620361328125,0.685129404067993,0.2859911620616912,0.5192295312881469,0.3009028732776641,0.0,0.0,1.0,0.1258484162895927,0.2821057340761048,254.5,,517.495391845703,,,,,,,,,,,,,,,,,,,,
1759,28811.8102,,,,,,Frage 1,,,,,,1.0,291.0,-1.0,212.0,-1.0,0.9138987214114899,0.9138178545793472,28829.263999999966,517.5531005859375,517.5066528320312,0.6855814456939697,0.2861785292625427,0.5196690559387207,0.3010856807231903,0.0,0.0,1.0,0.12415158371040719,0.28155553750129425,251.5,,517.529876708984,,,,,,,,,,,,,,,,,,,,
1760,28828.4629,,,,,,Frage 1,,,,,,1.0,292.0,-1.0,209.0,-1.0,0.9138537885860639,0.9129179477839795,28845.918000000063,517.092041015625,517.056640625,0.6860140562057495,0.2865286767482757,0.5200512409210205,0.3015708625316619,0.0,0.0,1.0,0.12358597285067863,0.2813721861626728,250.5,,517.074340820313,,,,,,,,,,,,,,,,,,,,
1761,28845.1185,,,,,,Frage 1,,,,,,1.0,300.0,-1.0,195.0,-1.0,0.9207859250420622,0.9137803584628734,28862.57299999997,516.394287109375,516.3726196289064,0.6865040063858032,0.2867233455181121,0.5204841494560241,0.3018165826797485,0.0,0.0,1.0,0.12188914027149317,0.2808227368681935,247.5,,516.383453369141,,,,,,,,,,,,,,,,,,,,
1762,28861.7727,,,,,,Frage 1,,,,,,1.0,289.0,-1.0,197.0,-1.0,0.9195877163640359,0.9129152694899456,28879.228000000003,516.173095703125,516.15869140625,0.6867117285728453,0.2867760360240936,0.5206933617591857,0.3018742203712463,0.0,0.0,1.0,0.1193438914027149,0.27999795375137687,243.0,,516.165893554688,,,,,,,,,,,,,,,,,,,,
1763,28878.4276,,,,,,Frage 1,,,,,,1.0,288.0,-1.0,217.0,-1.0,0.9141683183640458,0.9100119987572716,28895.881999999983,516.26171875,516.2630004882812,0.6870192885398864,0.286701500415802,0.5210317969322203,0.3017627000808715,0.0,0.0,1.0,0.12471719457013569,0.2817384072325975,252.5,,516.262359619141,,,,,,,,,,,,,,,,,,,,
1764,28895.0831,,,,,,Frage 1,,,,,,1.0,297.0,-1.0,206.0,-1.0,0.9131273745750104,0.9100119987572716,28912.537000000008,517.3020629882812,517.3041381835938,0.6867589950561523,0.2865897715091705,0.5208209156990051,0.3015486299991607,0.0,0.0,1.0,0.12415158371040719,0.2815551163675357,251.5,,517.303100585938,,,,,,,,,,,,,,,,,,,,
1765,28911.7362,,,,,,Frage 1,,,,,,1.0,265.0,-1.0,194.0,-1.0,0.9173086236077065,0.9115654092968943,28929.19200000004,518.0299072265625,518.0431518554688,0.6868951320648193,0.2866370379924774,0.5209802389144897,0.3016402423381805,0.0,0.0,1.0,0.11170814479638008,0.2775237774898055,229.5,,518.036529541016,,,,,,,,,,,,,,,,,,,,
1766,28928.3926,,,,,,Frage 1,,,,,,1.0,229.0,-1.0,142.0,-1.0,0.9191608545224889,0.9155614239953719,28945.847000000067,518.8641357421875,518.89599609375,0.6870816349983215,0.2865348756313324,0.5211712121963501,0.3014102578163147,0.0,0.0,1.0,0.34004536225943927,0.3515048680209838,185.5,,518.880065917969,,,,,,,,,,,,,,,,,,,,
1767,28945.0451,,,,,,Frage 1,,,,,,1.0,230.0,-1.0,133.0,-1.0,0.9147524450945835,0.9176290669894903,28962.501000000047,518.0489501953125,518.0836181640625,0.6872540712356567,0.2866264879703521,0.5212964415550231,0.3014086782932281,0.0,0.0,1.0,0.08455882352941174,0.2687280194138534,181.5,,518.066284179688,,,,,,,,,,,,,,,,,,,,
1768,28961.7019,,,,,,Frage 1,,,,,,1.0,229.0,-1.0,114.0,-1.0,0.9145627287205628,0.8950353509694668,28979.156000000075,517.70654296875,517.7354736328125,0.6871659755706787,0.2867037951946258,0.5211815237998962,0.3014391362667083,0.0,0.0,1.0,0.34324552047326107,0.3525394244156571,171.5,,517.721008300781,,,,,,,,,,,,,,,,,,,,
1769,28978.3565,,,,,,Frage 1,,,,,,1.0,236.0,-1.0,114.0,-1.0,0.9258184014897729,0.9157087301672326,28995.810999999987,514.6181030273438,514.6207885742188,0.6872191429138182,0.2865920960903167,0.5210638046264648,0.301319807767868,0.0,0.0,1.0,0.08088235294117646,0.26753702096690163,175.0,,514.619445800781,,,,,,,,,,,,,,,,,,,,
1770,28995.0095,,,,,,Frage 1,,,,,,1.0,-1.0,-1.0,-1.0,-1.0,0.0,0.0,29012.464999999967,-1.0,-1.0,-1.0,-1.0,-1.0,-1.0,4.0,4.0,1.0,0.4759322966953752,0.3954061960765668,530.5,,514.750366210938,,,,,,,,,,,,,,,,,,,,
1771,29011.6648,,,,,,Frage 1,,,,,,1.0,886.0,-1.0,-1.0,-1.0,0.9413626628190855,0.0,29029.119999999995,514.8812866210938,-1.0,0.683356523513794,0.2952516973018646,-1.0,-1.0,0.0,4.0,1.0,0.4830316742081447,0.39773761323864704,886.0,,514.881286621094,,,,,,,,,,,,,,,,,,,,
1772,29028.3203,,,,,,Frage 1,,,,,,1.0,876.0,-1.0,822.0,-1.0,0.9384595030429508,0.9126447617925286,29045.775000000023,514.823974609375,514.6433715820312,0.6828569769859314,0.292744755744934,0.5158878564834594,0.3070375919342041,0.0,0.0,1.0,0.46210407239818996,0.39105188277937103,849.0,,514.733673095703,,,,,,,,,,,,,,,,,,,,
1773,29044.9742,,,,,,Frage 1,,,,,,1.0,880.0,-1.0,818.0,-1.0,0.9367894996979516,0.9127358237896789,29062.429000000004,514.2748413085938,514.1063842773438,0.683434009552002,0.286338984966278,0.5166524648666381,0.3007015585899353,0.0,0.0,1.0,0.46210407239818996,0.3910518368246482,849.0,,514.190612792969,,,,,,,,,,,,,,,,,,,,
1774,29061.6291,,,,,,Frage 1,,,,,,1.0,881.0,-1.0,797.0,-1.0,0.9364674811157321,0.9113270411278832,29079.08400000003,514.6663208007812,514.4783325195312,0.6828631162643432,0.286036729812622,0.516241431236267,0.3004087805747985,0.0,0.0,1.0,0.4564479638009049,0.3892191165099659,839.0,,514.572326660156,,,,,,,,,,,,,,,,,,,,
1775,29078.285,,,,,,Frage 1,,,,,,1.0,883.0,-1.0,793.0,-1.0,0.9376606972575999,0.9114850604758794,29095.73900000006,515.3912353515625,515.1885375976562,0.6823650598526001,0.285860925912857,0.5158409476280212,0.30024054646492,0.0,0.0,1.0,0.4558823529411764,0.3890359162076718,838.0,,515.289886474609,,,,,,,,,,,,,,,,,,,,
1776,29094.9382,,,,,,Frage 1,,,,,,1.0,876.0,-1.0,789.0,-1.0,0.939475484151194,0.9125510215013446,29112.39300000004,515.3639526367188,515.1564331054688,0.682254672050476,0.2858942747116088,0.5157741904258728,0.3002992868423461,0.0,0.0,1.0,0.4527714932126696,0.3880281774458772,832.5,,515.260192871094,,,,,,,,,,,,,,,,,,,,
1777,29111.5937,,,,,,Frage 1,,,,,,1.0,872.0,-1.0,788.0,-1.0,0.9403616593193178,0.9147043699045455,29129.048000000068,515.9611206054688,515.7489013671875,0.6819981336593627,0.2859914302825927,0.5155645012855529,0.3003697097301483,0.0,0.0,1.0,0.45135746606334837,0.3875702898436224,830.0,,515.855010986328,,,,,,,,,,,,,,,,,,,,
1778,29128.2493,,,,,,Frage 1,,,,,,1.0,869.0,-1.0,802.0,-1.0,0.9410356517007077,0.9169407454227955,29145.70299999998,515.599853515625,515.3951416015625,0.6822238564491272,0.2860572636127471,0.5157998204231262,0.3004315495491027,0.0,0.0,1.0,0.45446832579185514,0.38857845440176403,835.5,,515.497497558594,,,,,,,,,,,,,,,,,,,,
1779,29144.9016,,,,,,Frage 1,,,,,,1.0,857.0,-1.0,801.0,-1.0,0.940860912935162,0.9176210321073888,29162.35699999996,515.7332763671875,515.5340576171875,0.6823077201843261,0.2860467433929443,0.5158931016921997,0.3004003167152404,0.0,0.0,1.0,0.45079185520361986,0.38738735321390055,829.0,,515.633666992188,,,,,,,,,,,,,,,,,,,,
1780,29160.9153,,,,,,Frage 1,1.0,0.293885350227356,29.3676725292082,0.0,202.71875,,,,,,0.6585048574425887,0.6495113533451946,,,,,,,,,,,0.37959439571535225,0.3642823432120883,,,,,,,,,,,,,,,,,,,,,,,
1781,29161.5571,,,,,,Frage 1,,,,,,1.0,843.0,-1.0,787.0,-1.0,0.9402967563492579,0.9192280085276882,29179.011999999988,514.5896606445312,514.4113159179688,0.6830044984817504,0.2859632968902587,0.516568899154663,0.3003235459327697,0.0,0.0,1.0,0.44287330316742074,0.38482191300080143,815.0,,514.50048828125,,,,,,,,,,,,,,,,,,,,
1782,29178.2118,,,,,,Frage 1,,,,,,1.0,822.0,-1.0,772.0,-1.0,0.9398898646523447,0.916292598266608,29195.667000000016,514.4193725585938,514.2615356445312,0.6835113167762756,0.2857972979545593,0.5170670747756958,0.3001555800437927,0.0,0.0,1.0,0.34012879460796563,0.3515326637433622,797.0,,514.340454101563,,,,,,,,,,,,,,,,,,,,
1783,29194.8671,,,,,,Frage 1,,,,,,1.0,784.0,-1.0,724.0,-1.0,0.9392358424155887,0.9163193812069464,29212.322000000044,515.641845703125,515.4878540039064,0.6833598017692565,0.2855654656887054,0.5169294476509094,0.2998913526535034,0.0,0.0,1.0,0.40837104072398184,0.37364293988820657,754.0,,515.564849853516,,,,,,,,,,,,,,,,,,,,
1784,29211.522,,,,,,Frage 1,,,,,,1.0,783.0,-1.0,710.0,-1.0,0.9399472788181669,0.917618353813355,29228.976000000024,515.61279296875,515.4617309570312,0.6834565997123718,0.2854120135307312,0.5169786214828491,0.2997304201126098,0.0,0.0,1.0,0.33991980079180933,0.3514650900260357,746.5,,515.537261962891,,,,,,,,,,,,,,,,,,,,
1785,29228.1761,,,,,,Frage 1,,,,,,1.0,790.0,-1.0,710.0,-1.0,0.9404640063105657,0.914320433708776,29245.63100000005,515.7991333007812,515.6486206054688,0.683466613292694,0.28534796833992,0.5169544219970703,0.2996866106986999,0.0,0.0,1.0,0.40610859728506776,0.37290974761058443,750.0,,515.723876953125,,,,,,,,,,,,,,,,,,,,
1786,29244.8312,,,,,,Frage 1,,,,,,1.0,790.0,-1.0,718.0,-1.0,0.9391634506412914,0.9241908873723794,29262.285999999964,515.5577392578125,515.40771484375,0.6835211515426635,0.2854390442371368,0.5169779658317565,0.2997617423534393,0.0,0.0,1.0,0.40837104072398184,0.37364375555955237,754.0,,515.482727050781,,,,,,,,,,,,,,,,,,,,
1787,29261.4852,,,,,,Frage 1,,,,,,1.0,783.0,-1.0,719.0,-1.0,0.9387315962635859,0.9249863407004275,29278.94000000006,515.80078125,515.6461791992188,0.6833499073982238,0.2856652438640594,0.516797363758087,0.2999585270881652,0.0,0.0,1.0,0.4066742081447963,0.37309405493404124,751.0,,515.723480224609,,,,,,,,,,,,,,,,,,,,
1788,29278.1424,,,,,,Frage 1,,,,,,1.0,794.0,-1.0,718.0,-1.0,0.9401694466772175,0.9228490620614292,29295.59499999997,516.1406860351562,515.9832763671875,0.6832392811775208,0.285821110010147,0.5166743397712708,0.3001385629177093,0.0,0.0,1.0,0.33909518336127875,0.3511984672989169,756.0,,516.061981201172,,,,,,,,,,,,,,,,,,,,
1789,29294.7966,,,,,,Frage 1,,,,,,1.0,794.0,-1.0,721.0,-1.0,0.9396002975551551,0.9231034999946435,29312.25,516.1893920898438,516.0333251953125,0.683283507823944,0.2859911024570465,0.5167065262794494,0.3003425896167755,0.0,0.0,1.0,0.4103506787330316,0.37428505417127517,757.5,,516.111358642578,,,,,,,,,,,,,,,,,,,,
1790,29311.4491,,,,,,Frage 1,,,,,,1.0,775.0,-1.0,713.0,-1.0,0.9378329397550662,0.9235668448624963,29328.90399999998,516.6011352539064,516.44677734375,0.6832628846168518,0.2862713932991027,0.5166974067687988,0.3006695508956909,0.0,0.0,1.0,0.40271493212669673,0.3718110833351455,744.0,,516.523956298828,,,,,,,,,,,,,,,,,,,,
1791,29328.1042,,,,,,Frage 1,,,,,,1.0,765.0,-1.0,704.0,-1.0,0.9365248952815541,0.9224285698981176,29345.55900000001,515.9737548828125,515.8333129882812,0.6837509274482727,0.2863723933696746,0.5171360373497009,0.3008333146572113,0.0,0.0,1.0,0.39734162895927594,0.3700699865736822,734.5,,515.903533935547,,,,,,,,,,,,,,,,,,,,
1792,29344.7591,,,,,,Frage 1,,,,,,1.0,748.0,-1.0,694.0,-1.0,0.9339612279641936,0.9220187909109413,29362.21400000004,516.6966552734375,516.5758666992188,0.6840738654136657,0.2864981591701507,0.5174992084503173,0.3010059595108032,0.0,0.0,1.0,0.38970588235294107,0.36759589856978103,721.0,,516.636260986328,,,,,,,,,,,,,,,,,,,,
1793,29361.4137,,,,,,Frage 1,,,,,,1.0,716.0,-1.0,659.0,-1.0,0.9309282622479393,0.9199243649764846,29378.868000000017,517.7850952148438,517.6785278320312,0.6841925382614135,0.2865491211414337,0.5176461935043335,0.3010677695274353,0.0,0.0,1.0,0.37075791855203616,0.36145649347766057,687.5,,517.731811523438,,,,,,,,,,,,,,,,,,,,
1794,29378.0687,,,,,,Frage 1,,,,,,1.0,710.0,-1.0,657.0,-1.0,0.9333047094593582,0.920411814490642,29395.523000000045,517.9119262695312,517.8160400390625,0.6844102144241333,0.28671395778656,0.5178316831588745,0.301220417022705,0.0,0.0,1.0,0.36849547511312214,0.36072359771299795,683.5,,517.863983154297,,,,,,,,,,,,,,,,,,,,
1795,29394.7225,,,,,,Frage 1,,,,,,1.0,714.0,-1.0,666.0,-1.0,0.9174112890671934,0.918689671426888,29412.17800000008,517.966064453125,517.88134765625,0.6846680045127868,0.2868813574314117,0.5180792212486267,0.3014103472232818,0.0,0.0,1.0,0.3721719457013574,0.36191405740433563,690.0,,517.923706054688,,,,,,,,,,,,,,,,,,,,
1796,29411.3776,,,,,,Frage 1,,,,,,1.0,717.0,-1.0,663.0,-1.0,0.914191221826649,0.9153418038845977,29428.832000000053,517.953125,517.87890625,0.6848999857902526,0.2870348989963531,0.5183002352714537,0.3015529811382293,0.0,0.0,1.0,0.3721719457013574,0.36191360260840677,690.0,,517.916015625,,,,,,,,,,,,,,,,,,,,
1797,29428.031,,,,,,Frage 1,,,,,,1.0,721.0,-1.0,665.0,-1.0,0.9268418714022538,0.9109386884929774,29445.486999999965,517.695068359375,517.6326293945312,0.6852326989173889,0.2873142063617706,0.5186219215393066,0.3018719851970672,0.0,0.0,1.0,0.3408497563079123,0.35176526388037255,693.0,,517.663848876953,,,,,,,,,,,,,,,,,,,,
1798,29444.6875,,,,,,Frage 1,,,,,,1.0,720.0,-1.0,670.0,-1.0,0.9224134918297145,0.9131081066603817,29462.142,517.739013671875,517.69140625,0.6855198144912719,0.2876385450363159,0.5189225673675537,0.302161157131195,0.0,0.0,1.0,0.37499999999999994,0.36282992492566724,695.0,,517.715209960938,,,,,,,,,,,,,,,,,,,,
1799,29461.3433,,,,,,Frage 1,,,,,,1.0,719.0,-1.0,668.0,-1.0,0.9195702424874812,0.8972010090479157,29478.79700000002,517.3987426757812,517.3698120117188,0.6859802603721618,0.2878112196922302,0.5193685889244078,0.3022947013378143,0.0,0.0,1.0,0.3741515837104072,0.3625532928903023,693.5,,517.38427734375,,,,,,,,,,,,,,,,,,,,
1800,29477.9959,,,,,,Frage 1,,,,,,1.0,722.0,-1.0,670.0,-1.0,0.9203990034897828,0.9092326151934264,29495.451,517.52197265625,517.5145874023438,0.6864237189292907,0.2878086566925048,0.5198249816894531,0.3022679388523101,0.0,0.0,1.0,0.37556561085972845,0.3630127116230254,696.0,,517.518280029297,,,,,,,,,,,,,,,,,,,,
1801,29494.6514,,,,,,Frage 1,,,,,,1.0,719.0,-1.0,659.0,-1.0,0.9175832130964209,0.9068998210899587,29512.10600000003,517.6300048828125,517.642333984375,0.6868175864219666,0.2878617644309997,0.5202164649963378,0.3022720515727996,0.0,0.0,1.0,0.3716063348416289,0.36172958148680706,689.0,,517.636169433594,,,,,,,,,,,,,,,,,,,,
1802,29511.3061,,,,,,Frage 1,,,,,,1.0,715.0,-1.0,707.0,-1.0,0.9150994263575956,0.9052687400233548,29528.761000000057,515.3462524414064,515.3582153320312,0.6871956586837769,0.2879673838615417,0.5205734372138977,0.3023090064525604,0.0,0.0,1.0,0.384049773755656,0.3657609686222337,711.0,,515.352233886719,,,,,,,,,,,,,,,,,,,,
1803,29527.9599,,,,,,Frage 1,,,,,,1.0,971.0,-1.0,912.0,-1.0,0.9184269517071978,0.9009165122183773,29545.41500000004,514.90087890625,514.891357421875,0.6866981983184814,0.2880617678165435,0.5201033353805542,0.3022850155830383,0.0,0.0,1.0,0.5144230769230769,0.40800120885229185,941.5,,514.896118164063,,,,,,,,,,,,,,,,,,,,
1804,29544.6154,,,,,,Frage 1,,,,,,1.0,985.0,-1.0,948.0,-1.0,0.9183969964902471,0.8984256987669134,29562.070000000065,517.8368530273438,517.8364868164064,0.6862656474113464,0.2881907522678375,0.5197714567184448,0.3023427724838256,0.0,0.0,1.0,0.5285633484162895,0.412582357031628,966.5,,517.836669921875,,,,,,,,,,,,,,,,,,,,
1805,29561.2691,,,,,,Frage 1,,,,,,1.0,995.0,-1.0,936.0,-1.0,0.9196151753129072,0.8994648768520404,29578.724999999977,517.6080322265625,517.6514282226562,0.6872916221618652,0.2882322669029235,0.5207248330116272,0.3023253381252288,0.0,0.0,1.0,0.527997737556561,0.4123992491352001,965.5,,517.629730224609,,,,,,,,,,,,,,,,,,,,
1806,29577.9249,,,,,,Frage 1,,,,,,1.0,992.0,-1.0,931.0,-1.0,0.8994308296820227,0.8998425163108106,29595.37900000008,517.7660522460938,517.84228515625,0.6879574656486511,0.2885150015354156,0.5213316679000854,0.3025100231170654,0.0,0.0,1.0,0.525735294117647,0.4116655932836871,961.5,,517.804168701172,,,,,,,,,,,,,,,,,,,,
1807,29594.5785,,,,,,Frage 1,,,,,,1.0,987.0,-1.0,934.0,-1.0,0.9180924517845821,0.9000701713036864,29612.033999999985,517.2072143554688,517.322021484375,0.6889159679412841,0.2887430787086486,0.5222188234329223,0.3026714622974395,0.0,0.0,1.0,0.5251696832579185,0.41148297990335014,960.5,,517.264617919922,,,,,,,,,,,,,,,,,,,,
1808,29611.2343,,,,,,Frage 1,,,,,,1.0,995.0,-1.0,937.0,-1.0,0.9013163652996339,0.9018003492495421,29628.689000000013,517.155517578125,517.3123779296875,0.6898600459098815,0.2887406647205352,0.523103654384613,0.302600622177124,0.0,0.0,1.0,0.5282805429864252,0.41249051277649856,966.0,,517.233947753906,,,,,,,,,,,,,,,,,,,,
1809,29627.8892,,,,,,Frage 1,,,,,,1.0,999.0,-1.0,929.0,-1.0,0.9209381973948947,0.9015030586117866,29645.343,517.3685913085938,517.5626220703125,0.6905826330184937,0.2887758612632751,0.5237646102905273,0.302478015422821,0.0,0.0,1.0,0.5271493212669682,0.41212462038210435,964.0,,517.465606689453,,,,,,,,,,,,,,,,,,,,
1810,29644.5428,,,,,,Frage 1,,,,,,1.0,995.0,-1.0,934.0,-1.0,0.9201019475883554,0.8848983829917804,29661.99800000002,517.3018188476562,517.5381469726562,0.6914343833923339,0.2887468338012695,0.5245490074157714,0.3022183179855346,0.0,0.0,1.0,0.5274321266968325,0.41221449509350133,964.5,,517.419982910156,,,,,,,,,,,,,,,,,,,,
1811,29661.1985,,,,,,Frage 1,,,,,,1.0,995.0,-1.0,943.0,-1.0,0.9214649099596105,0.8859766521359513,29678.65300000005,517.8564453125,518.1236572265625,0.6918888688087463,0.288649708032608,0.5249726772308348,0.3018861711025238,0.0,0.0,1.0,0.5299773755656108,0.41303930583311993,969.0,,517.990051269531,,,,,,,,,,,,,,,,,,,,
1812,29677.8518,,,,,,Frage 1,,,,,,1.0,996.0,-1.0,943.0,-1.0,0.8996412522882448,0.9000567798335172,29695.30700000003,517.2894897460938,517.5864868164064,0.6925494670867919,0.2885323464870452,0.5255641937255859,0.3015297353267669,0.0,0.0,1.0,0.530260180995475,0.41313167310734156,969.5,,517.43798828125,,,,,,,,,,,,,,,,,,,,
1813,29694.5078,,,,,,Frage 1,,,,,,1.0,987.0,-1.0,934.0,-1.0,0.922158872485634,0.8870356043648634,29711.962000000058,517.9957275390625,518.3032836914064,0.6925072073936462,0.2884237468242645,0.5254988670349121,0.3011816143989563,0.0,0.0,1.0,0.5251696832579185,0.4114817601838451,960.5,,518.149505615234,,,,,,,,,,,,,,,,,,,,
1814,29711.1624,,,,,,Frage 1,,,,,,1.0,987.0,-1.0,925.0,-1.0,0.9233545848955811,0.9016128686671737,29728.61699999997,517.5826416015625,517.9021606445312,0.6927299499511718,0.288446307182312,0.5256580114364624,0.3009635508060455,0.0,0.0,1.0,0.5226244343891402,0.4106586614089821,956.0,,517.742401123047,,,,,,,,,,,,,,,,,,,,
1815,29727.8163,,,,,,Frage 1,,,,,,1.0,988.0,-1.0,939.0,-1.0,0.9244154988292503,0.9030778955036799,29745.272,518.2330322265625,518.546875,0.6923593282699585,0.2885579168796539,0.5253125429153442,0.3009243309497833,0.0,0.0,1.0,0.526866515837104,0.41203327128511535,963.5,,518.389953613281,,,,,,,,,,,,,,,,,,,,
1816,29744.4709,,,,,,Frage 1,,,,,,1.0,982.0,-1.0,940.0,-1.0,0.9235193385888097,0.9075452899521121,29761.925999999978,517.6593627929688,517.9649047851562,0.692256510257721,0.2887001931667327,0.5251646637916564,0.3009984493255615,0.0,0.0,1.0,0.5254524886877827,0.41157556503177245,961.0,,517.812133789063,,,,,,,,,,,,,,,,,,,,
1817,29761.1256,,,,,,Frage 1,,,,,,1.0,985.0,-1.0,930.0,-1.0,0.9245028682120231,0.9094442004220991,29778.58100000001,517.7044067382812,517.9920043945312,0.6918345093727111,0.2889131903648376,0.5247213840484619,0.3011979460716247,0.0,0.0,1.0,0.523472850678733,0.410934397895261,957.5,,517.848205566406,,,,,,,,,,,,,,,,,,,,
1818,29777.7825,,,,,,Frage 1,,,,,,1.0,978.0,-1.0,846.0,-1.0,0.925943214893734,0.8929118024979918,29795.23600000004,522.9515380859375,523.24951171875,0.6910055875778198,0.2892780900001525,0.5240625143051147,0.3016278445720672,0.0,0.0,1.0,0.49773755656108587,0.4025945648733642,912.0,,523.100524902344,,,,,,,,,,,,,,,,,,,,
1819,29794.4351,,,,,,Frage 1,,,,,,1.0,540.0,-1.0,559.0,-1.0,0.9158033739559358,0.922693721007467,29811.89000000001,523.7477416992188,524.103271484375,0.6922427415847778,0.2892492413520813,0.5253272056579589,0.3017798662185668,0.0,0.0,1.0,0.2927036199095022,0.3361669069969257,549.5,,523.925506591797,,,,,,,,,,,,,,,,,,,,
1820,29811.0895,,,,,,Frage 1,,,,,,1.0,542.0,-1.0,491.0,-1.0,0.9181723323631171,0.9223134032546629,29828.54500000004,520.7158203125,521.0676879882812,0.6928802132606506,0.2893552780151367,0.5259037613868713,0.3020458221435546,0.0,0.0,1.0,0.27403846153846145,0.33011948747180175,516.5,,520.891754150391,,,,,,,,,,,,,,,,,,,,
1821,29827.7453,,,,,,Frage 1,,,,,,1.0,563.0,-1.0,480.0,-1.0,0.9206261638849921,0.9186682450746172,29845.20000000007,520.6167602539064,520.9230346679688,0.6919057965278625,0.2894675731658935,0.524914264678955,0.3021967113018035,0.0,0.0,1.0,0.27686651583710403,0.33103547167383723,521.5,,520.769897460938,,,,,,,,,,,,,,,,,,,,
1822,29844.3981,,,,,,Frage 1,,,,,,1.0,564.0,-1.0,489.0,-1.0,0.9212477346367182,0.9199565045048905,29861.85400000005,520.6419067382812,520.9255981445312,0.691422164440155,0.2894768714904785,0.5244211554527282,0.3022491633892059,0.0,0.0,1.0,0.27969457013574656,0.3319519077953217,526.5,,520.783752441406,,,,,,,,,,,,,,,,,,,,
1823,29861.0537,,,,,,Frage 1,,,,,,1.0,560.0,-1.0,499.0,-1.0,0.9219067494096326,0.9207439229508372,29878.50899999996,520.68310546875,520.9456176757812,0.6909620761871337,0.2894559502601623,0.5239964127540588,0.3022838830947876,0.0,0.0,1.0,0.28139140271493207,0.33250178046454876,529.5,,520.814361572266,,,,,,,,,,,,,,,,,,,,
1824,29877.7098,,,,,,Frage 1,,,,,,1.0,561.0,-1.0,505.0,-1.0,0.9186066830089017,0.9205617989565366,29895.16399999999,520.6709594726562,520.9091796875,0.690448522567749,0.2894896268844604,0.52351975440979,0.3023946583271026,0.0,0.0,1.0,0.28337104072398184,0.3331430491503512,533.0,,520.790069580078,,,,,,,,,,,,,,,,,,,,
1825,29894.3625,,,,,,Frage 1,,,,,,1.0,566.0,-1.0,498.0,-1.0,0.9187963993829225,0.9204894850176232,29911.81799999997,520.5750122070312,520.7926635742188,0.6900287866592407,0.2894098162651062,0.523114264011383,0.3023574948310852,0.0,0.0,1.0,0.28280542986425333,0.332959791608972,532.0,,520.683837890625,,,,,,,,,,,,,,,,,,,,
1826,29911.0307,,,,,,Frage 1,,,,,,1.0,568.0,-1.0,499.0,-1.0,0.921876794192682,0.9209528298854761,29928.473,520.6552734375,520.85205078125,0.689538300037384,0.2892522513866424,0.5226611495018005,0.3022049665451049,0.0,0.0,1.0,0.2836538461538461,0.33323482646824637,533.5,,520.753662109375,,,,,,,,,,,,,,,,,,,,
1827,29927.6728,,,,,,Frage 1,,,,,,1.0,559.0,-1.0,509.0,-1.0,0.9234719094953046,0.9208215934778186,29945.128000000022,520.5680541992188,520.7587280273438,0.6894214153289794,0.2891499698162078,0.5225319862365722,0.3020969033241272,0.0,0.0,1.0,0.339255341804965,0.3512495933670174,534.0,,520.663391113281,,,,,,,,,,,,,,,,,,,,
1828,29944.3275,,,,,,Frage 1,,,,,,1.0,607.0,-1.0,512.0,-1.0,0.9409657561944893,0.9204546671951833,29961.782000000007,520.39990234375,520.5724487304688,0.68901127576828,0.2888184785842895,0.5221805572509765,0.3017333149909973,0.0,0.0,1.0,0.29835972850678727,0.33800007251898334,559.5,,520.486175537109,,,,,,,,,,,,,,,,,,,,
1829,29960.9826,,,,,,Frage 1,,,,,,1.0,607.0,-1.0,497.0,-1.0,0.9409657561944893,0.9203180741994579,29978.437000000034,520.5496826171875,520.7108154296875,0.6887191534042358,0.288464218378067,0.5218845605850219,0.3013434410095214,0.0,0.0,1.0,0.2941176470588235,0.33662563591112865,552.0,,520.630249023438,,,,,,,,,,,,,,,,,,,,
1830,29977.6368,,,,,,Frage 1,,,,,,1.0,573.0,-1.0,489.0,-1.0,0.9225183350890419,0.9188342993047149,29995.092000000062,520.5012817382812,520.6459350585938,0.6882659792900085,0.288318246603012,0.5214728713035583,0.3010807633399963,0.0,0.0,1.0,0.28223981900452483,0.3327764867779846,531.0,,520.573608398438,,,,,,,,,,,,,,,,,,,,
1831,29994.2914,,,,,,Frage 1,,,,,,1.0,572.0,-1.0,509.0,-1.0,0.9202417386007918,0.9191315899424701,30011.74699999997,521.0894775390625,521.213134765625,0.6875950098037719,0.2881302237510681,0.5208905935287474,0.3008054792881012,0.0,0.0,1.0,0.2876131221719457,0.3345173771817834,540.5,,521.151306152344,,,,,,,,,,,,,,,,,,,,
1832,30010.9466,,,,,,Frage 1,,,,,,1.0,562.0,-1.0,518.0,-1.0,0.9216171823124428,0.9204868067235893,30028.40100000007,520.3595581054688,520.4546508789064,0.6870652437210083,0.2879579663276672,0.5203688144683837,0.3005927503108978,0.0,0.0,1.0,0.2873303167420814,0.33442593551037025,540.0,,520.407104492188,,,,,,,,,,,,,,,,,,,,
1833,30027.6016,,,,,,Frage 1,,,,,,1.0,583.0,-1.0,539.0,-1.0,0.9211951104075881,0.9226963993015009,30045.055999999982,522.2596435546875,522.29931640625,0.6853715181350708,0.2880608141422271,0.518761932849884,0.3006120324134826,0.0,0.0,1.0,0.29920814479638,0.3382745338970751,561.0,,522.279479980469,,,,,,,,,,,,,,,,,,,,
1834,30044.2562,,,,,,Frage 1,,,,,,1.0,605.0,-1.0,653.0,-1.0,0.9236354441699618,0.9251952476350663,30061.71100000001,519.1190795898438,519.068359375,0.6839509010314941,0.2882779538631439,0.5171893239021301,0.3007979393005371,0.0,0.0,1.0,0.33766968325791846,0.35073630444883336,629.0,,519.093719482422,,,,,,,,,,,,,,,,,,,,
1835,30060.9105,,,,,,Frage 1,,,,,,1.0,922.0,-1.0,870.0,-1.0,0.9346177464690288,0.9240435812005184,30078.36499999999,515.9712524414064,515.8380126953125,0.6826655864715576,0.2886689305305481,0.5158601403236389,0.3011973202228546,0.0,0.0,1.0,0.4886877828054298,0.3996659870684534,896.0,,515.904632568359,,,,,,,,,,,,,,,,,,,,
1836,30077.5646,,,,,,Frage 1,,,,,,1.0,926.0,-1.0,868.0,-1.0,0.9318668590457266,0.9207894539494124,30095.02000000001,517.0354614257812,516.84326171875,0.6811341047286987,0.2893034517765045,0.5144048333168029,0.3019119501113891,0.0,0.0,1.0,0.4892533936651583,0.39984881390602284,897.0,,516.939361572266,,,,,,,,,,,,,,,,,,,,
1837,30094.2204,,,,,,Frage 1,,,,,,1.0,931.0,-1.0,865.0,-1.0,0.9280151173994879,0.9185878962536023,30111.675000000047,517.1823120117188,516.9466552734375,0.6801623106002807,0.2897358834743499,0.5134699344635009,0.3024530410766601,0.0,0.0,1.0,0.33965200840758997,0.35137803084681585,898.0,,517.064483642578,,,,,,,,,,,,,,,,,,,,
1838,30110.8777,,,,,,Frage 1,,,,,,1.0,921.0,-1.0,857.0,-1.0,0.9312328069536043,0.9186816365447864,30128.329000000027,517.5263671875,517.23681640625,0.6789365410804749,0.2900600135326385,0.5122888684272766,0.3029135167598724,0.0,0.0,1.0,0.4847285067873302,0.3983825232301549,889.0,,517.381591796875,,,,,,,,,,,,,,,,,,,,
1839,30127.5305,,,,,,Frage 1,,,,,,1.0,919.0,-1.0,868.0,-1.0,0.9319242732115487,0.9188771520092562,30144.98400000005,516.5982055664064,516.2755737304688,0.6784727573394775,0.2902307212352752,0.5118161439895629,0.3032805025577545,0.0,0.0,1.0,0.48727375565610853,0.3992072199430916,893.5,,516.436889648438,,,,,,,,,,,,,,,,,,,,
1840,30144.1878,,,,,,Frage 1,,,,,,1.0,930.0,-1.0,866.0,-1.0,0.9195875040284424,0.9208349849479875,30161.638999999966,516.9622802734375,516.6009521484375,0.6776491403579711,0.2901987433433532,0.5110448598861694,0.3034698963165283,0.0,0.0,1.0,0.4898190045248868,0.4000316674721549,898.0,,516.781616210938,,,,,,,,,,,,,,,,,,,,
1841,30160.8375,,,,,,Frage 1,,,,,,1.0,937.0,-1.0,866.0,-1.0,0.9286142217385011,0.9215822289834267,30178.293000000063,515.9332885742188,515.5572509765625,0.6776279211044312,0.2900057137012481,0.5109891891479492,0.3034541606903076,0.0,0.0,1.0,0.49179864253393657,0.4006734418071134,901.5,,515.745269775391,,,,,,,,,,,,,,,,,,,,
1842,30177.5076,,,,,,Frage 1,,,,,,1.0,940.0,-1.0,877.0,-1.0,0.9273610951627319,0.894420130257213,30194.94799999997,516.1851196289064,515.7977905273438,0.6773545742034912,0.2895401120185852,0.5107191205024719,0.3030055463314056,0.0,0.0,1.0,0.4957579185520361,0.40195337155800753,908.5,,515.991455078125,,,,,,,,,,,,,,,,,,,,
1843,30186.4359,,,,,,Frage 1,1.0,0.583656966686249,29.3672851685915,0.381450980901718,202.71875,,,,,,0.6585048574425887,0.6495113533451946,,,,,,,,,,,0.37959439571535225,0.3642823432120883,,,,,,,,,,,,,,,,,,,,,,,
1844,30194.1488,,,,,,Frage 1,,,,,,1.0,920.0,-1.0,842.0,-1.0,0.9277829644681201,0.9205912601909089,30211.603000000003,514.4279174804688,514.0604248046875,0.6782280206680297,0.2900869846343994,0.511598527431488,0.3037790954113006,0.0,0.0,1.0,0.48020361990950217,0.3969165566394939,881.0,,514.244171142578,,,,,,,,,,,,,,,,,,,,
1845,30210.8012,,,,,,Frage 1,,,,,,1.0,907.0,-1.0,842.0,-1.0,0.9291833708605635,0.9205912601909089,30228.256999999983,514.6006469726562,514.2435302734375,0.678230881690979,0.2965034842491149,0.5116482377052307,0.3102848529815673,0.0,0.0,1.0,0.33934657793182627,0.35127931920979977,874.5,,514.422088623047,,,,,,,,,,,,,,,,,,,,
1846,30227.4575,,,,,,Frage 1,,,,,,1.0,671.0,-1.0,579.0,-1.0,0.9205263131618231,0.9178620785704338,30244.912000000008,514.7850952148438,514.4361572265625,0.6796607375144958,0.2924476861953735,0.5128906965255737,0.307867407798767,0.0,0.0,1.0,0.33540723981900444,0.35000241386160336,625.0,,514.610626220703,,,,,,,,,,,,,,,,,,,,
1847,30244.1118,,,,,,Frage 1,,,,,,1.0,671.0,-1.0,579.0,-1.0,0.9205263131618231,0.9182450746172718,30261.56700000004,514.8488159179688,514.44873046875,0.678424060344696,0.2938521206378936,0.51165634393692,0.309271216392517,0.0,0.0,1.0,0.33540723981900444,0.35000245366579924,625.0,,514.648773193359,,,,,,,,,,,,,,,,,,,,
1848,30260.7671,,,,,,Frage 1,,,,,,1.0,671.0,-1.0,581.0,-1.0,0.922440950778586,0.9031097196003739,30278.222000000067,514.3529052734375,514.0816040039064,0.6812673211097717,0.2905103862285614,0.5146893858909606,0.3055768013000488,0.0,0.0,1.0,0.33597285067873295,0.3501842005297802,626.0,,514.217254638672,,,,,,,,,,,,,,,,,,,,
1849,30277.4216,,,,,,Frage 1,,,,,,1.0,658.0,-1.0,587.0,-1.0,0.9110130355119097,0.9166166718447017,30294.876000000047,514.3717041015625,514.1343383789064,0.6817964315414428,0.2904691696166992,0.515354573726654,0.3052545189857482,0.0,0.0,1.0,0.3339932126696832,0.3495438279285747,622.5,,514.253021240234,,,,,,,,,,,,,,,,,,,,
1850,30294.0752,,,,,,Frage 1,,,,,,1.0,663.0,-1.0,582.0,-1.0,0.9110654571415735,0.9183495280845912,30311.531000000075,514.6559448242188,514.4444580078125,0.682158887386322,0.2904750406742095,0.5157920122146606,0.30503511428833,0.0,0.0,1.0,0.3339932126696832,0.3495440097612841,622.5,,514.550201416016,,,,,,,,,,,,,,,,,,,,
1851,30310.7313,,,,,,Frage 1,,,,,,1.0,670.0,-1.0,608.0,-1.0,0.9120489867647866,0.92686114652411,30328.185999999987,514.4281616210938,514.241455078125,0.682660698890686,0.2900696694850921,0.5163187384605407,0.3044596910476684,0.0,0.0,1.0,0.34332579185520357,0.35256865630531575,639.0,,514.334808349609,,,,,,,,,,,,,,,,,,,,
1852,30327.3843,,,,,,Frage 1,,,,,,1.0,681.0,-1.0,611.0,-1.0,0.9129027104478805,0.9284359834160033,30344.839999999967,514.093505859375,513.9297485351562,0.6831831932067871,0.2896198630332946,0.5168297886848449,0.3038809299468994,0.0,0.0,1.0,0.3472850678733031,0.35385164255748563,646.0,,514.011627197266,,,,,,,,,,,,,,,,,,,,
1853,30344.0405,,,,,,Frage 1,,,,,,1.0,695.0,-1.0,579.0,-1.0,0.923848845975267,0.9039233860956493,30361.494999999995,513.7514038085938,513.6067504882812,0.6836864948272705,0.2893697619438171,0.5173043608665466,0.3036016225814819,0.0,0.0,1.0,0.34219457013574656,0.3522001513510924,637.0,,513.679077148438,,,,,,,,,,,,,,,,,,,,
1854,30360.6949,,,,,,Frage 1,,,,,,1.0,694.0,-1.0,572.0,-1.0,0.9219760586252546,0.9234677479832445,30378.150000000023,513.5859985351562,513.4539794921875,0.6839964389801025,0.2888812124729156,0.5175715088844299,0.3030400574207305,0.0,0.0,1.0,0.33993212669683254,0.35146909513249147,633.0,,513.519989013672,,,,,,,,,,,,,,,,,,,,
1855,30377.3487,,,,,,Frage 1,,,,,,1.0,694.0,-1.0,583.0,-1.0,0.9248823009600647,0.9239337711451315,30394.804000000004,513.3362426757812,513.2203369140625,0.6844087839126586,0.2887532114982605,0.5179420709609985,0.3028741478919982,0.0,0.0,1.0,0.3430429864253393,0.35247714977728384,638.5,,513.278289794922,,,,,,,,,,,,,,,,,,,,
1856,30394.0046,,,,,,Frage 1,,,,,,1.0,689.0,-1.0,596.0,-1.0,0.9260380730807443,0.9259237436122687,30411.45900000003,512.8794555664064,512.77978515625,0.6848849654197692,0.2887508571147918,0.518384039402008,0.3028784990310668,0.0,0.0,1.0,0.34530542986425333,0.3532104202324852,642.5,,512.829620361328,,,,,,,,,,,,,,,,,,,,
1857,30410.6593,,,,,,Frage 1,,,,,,1.0,688.0,-1.0,594.0,-1.0,0.9153240904847253,0.9249997321705965,30428.11400000006,512.7637329101562,512.6817626953125,0.685340166091919,0.2888723015785217,0.5187984704971313,0.3030236661434173,0.0,0.0,1.0,0.3444570135746606,0.3529350841780693,641.0,,512.722747802734,,,,,,,,,,,,,,,,,,,,
1858,30427.3138,,,,,,Frage 1,,,,,,1.0,662.0,-1.0,579.0,-1.0,0.6743109914167204,0.6683553527182938,30444.76800000004,512.0096435546875,511.95413208007807,0.6860846877098083,0.2891031801700592,0.5195138454437255,0.3032434284687042,0.0,0.0,1.0,0.33286199095022617,0.3491436589644013,620.5,,511.981887817383,,,,,,,,,,,,,,,,,,,,
1859,30443.9688,,,,,,Frage 1,,,,,,1.0,647.0,-1.0,564.0,-1.0,0.9276082257025747,0.9089725984275274,30461.423000000068,512.7479248046875,512.7252807617188,0.6866918206214904,0.2893958091735839,0.5201603174209594,0.3035748600959777,0.0,0.0,1.0,0.3243778280542986,0.34642822673194834,605.5,,512.736602783203,,,,,,,,,,,,,,,,,,,,
1860,30460.6222,,,,,,Frage 1,,,,,,1.0,584.0,-1.0,526.0,-1.0,0.9319018067988358,0.9154256287113598,30478.07799999998,514.0361938476562,514.0383911132812,0.6870216727256774,0.2894253134727478,0.5204738974571228,0.3035974204540252,0.0,0.0,1.0,0.295814479638009,0.3371745956265298,555.0,,514.037292480469,,,,,,,,,,,,,,,,,,,,
1861,30477.28,,,,,,Frage 1,,,,,,1.0,584.0,-1.0,526.0,-1.0,0.9319018067988358,0.9286582818208114,30494.73199999996,514.3770141601562,514.4035034179688,0.6875049471855162,0.2893735766410827,0.5209040641784668,0.3034968674182891,0.0,0.0,1.0,0.295814479638009,0.33717597087601725,555.0,,514.390258789063,,,,,,,,,,,,,,,,,,,,
1862,30493.9315,,,,,,Frage 1,,,,,,1.0,594.0,-1.0,518.0,-1.0,0.931689624012102,0.9317061804313126,30511.386999999988,514.532958984375,514.5838012695312,0.6880164742469786,0.2892719805240631,0.5213474035263062,0.303320825099945,0.0,0.0,1.0,0.2963800904977375,0.33735953691983767,556.0,,514.558380126953,,,,,,,,,,,,,,,,,,,,
1863,30510.588,,,,,,Frage 1,,,,,,1.0,575.0,-1.0,497.0,-1.0,0.9335156987694349,0.9355200711354896,30528.042000000016,514.3089599609375,514.3902587890625,0.6887524724006652,0.2892640531063079,0.5220550894737243,0.3032944798469543,0.0,0.0,1.0,0.28506787330316735,0.33369486745766697,536.0,,514.349609375,,,,,,,,,,,,,,,,,,,,
1864,30527.2429,,,,,,Frage 1,,,,,,1.0,574.0,-1.0,489.0,-1.0,0.9346801531710094,0.9371484739080597,30544.697000000044,514.5831909179688,514.6848754882812,0.6891307830810546,0.2892700135707855,0.5223538875579834,0.3031952679157257,0.0,0.0,1.0,0.2825226244343891,0.33287042189005384,531.5,,514.634033203125,,,,,,,,,,,,,,,,,,,,
1865,30543.8951,,,,,,Frage 1,,,,,,1.0,592.0,-1.0,510.0,-1.0,0.9336816459393207,0.9336800831342468,30561.351000000024,515.26708984375,515.3991088867188,0.6896480321884155,0.2894303500652313,0.5228031277656555,0.3032532036304473,0.0,0.0,1.0,0.293552036199095,0.33644352656133775,551.0,,515.333099365234,,,,,,,,,,,,,,,,,,,,
1866,30560.5513,,,,,,Frage 1,,,,,,1.0,436.0,-1.0,439.0,-1.0,0.93454680206249,0.9366476329237329,30578.00600000005,513.5049438476562,513.6939697265625,0.6913278102874755,0.2892913222312927,0.5243782997131347,0.3030978739261627,0.0,0.0,1.0,0.22935520361990944,0.3156442711833833,437.5,,513.599456787109,,,,,,,,,,,,,,,,,,,,
1867,30577.2056,,,,,,Frage 1,,,,,,1.0,436.0,-1.0,378.0,-1.0,0.9463002810797857,0.9417337132939805,30594.660999999964,512.9248046875,513.1672973632812,0.6927297115325927,0.2889705300331115,0.5257230997085571,0.3028312027454376,0.0,0.0,1.0,0.21210407239818999,0.3100558719997252,407.0,,513.046051025391,,,,,,,,,,,,,,,,,,,,
1868,30593.8599,,,,,,Frage 1,,,,,,1.0,424.0,-1.0,347.0,-1.0,0.934540362158573,0.9386054658624643,30611.31500000006,513.7825317382812,514.0387573242188,0.69273442029953,0.289370059967041,0.525796890258789,0.3030807375907897,0.0,0.0,1.0,0.19994343891402708,0.3061151457214015,385.5,,513.91064453125,,,,,,,,,,,,,,,,,,,,
1869,30610.5161,,,,,,Frage 1,,,,,,1.0,440.0,-1.0,364.0,-1.0,0.9378703837762544,0.9377537683597057,30627.96999999997,513.8408203125,514.1296997070312,0.6934131383895874,0.2897576093673706,0.5264484882354736,0.3033910989761352,0.0,0.0,1.0,0.20927601809954746,0.3091388970180353,402.0,,513.985260009766,,,,,,,,,,,,,,,,,,,,
1870,30627.17,,,,,,Frage 1,,,,,,1.0,438.0,-1.0,361.0,-1.0,0.9361654326781462,0.9378823264733296,30644.625,514.1517333984375,514.4638671875,0.6938669681549072,0.2896318435668945,0.5268853902816772,0.3032285869121551,0.0,0.0,1.0,0.2078619909502262,0.30868071299651,399.5,,514.307800292969,,,,,,,,,,,,,,,,,,,,
1871,30643.8248,,,,,,Frage 1,,,,,,1.0,437.0,-1.0,375.0,-1.0,0.9323935716104426,0.9405177678026206,30661.27899999998,514.2640991210938,514.6050415039064,0.6944673061370848,0.2893911600112915,0.5274486541748046,0.3028969764709472,0.0,0.0,1.0,0.21153846153846148,0.309872027815975,406.0,,514.4345703125,,,,,,,,,,,,,,,,,,,,
1872,30660.478,,,,,,Frage 1,,,,,,1.0,440.0,-1.0,391.0,-1.0,0.9388059689175735,0.9410882444318266,30677.93400000001,514.7147827148438,515.0768432617188,0.6948176026344299,0.2892379462718963,0.5278007388114929,0.3026815354824066,0.0,0.0,1.0,0.2169117647058823,0.31161323495373733,415.5,,514.895812988281,,,,,,,,,,,,,,,,,,,,
1873,30677.1347,,,,,,Frage 1,,,,,,1.0,418.0,-1.0,366.0,-1.0,0.9257584910558715,0.9396607137117943,30694.58900000004,514.7151489257812,515.0966796875,0.6952757239341735,0.2890571653842926,0.5282425880432128,0.3025014102458953,0.0,0.0,1.0,0.20361990950226241,0.30730613005779217,392.0,,514.905914306641,,,,,,,,,,,,,,,,,,,,
1874,30693.7889,,,,,,Frage 1,,,,,,1.0,415.0,-1.0,366.0,-1.0,0.9300620572244493,0.9400999539333426,30711.243000000017,514.5361328125,514.93408203125,0.6956632137298584,0.2887546122074127,0.5285881757736206,0.3021261096000671,0.0,0.0,1.0,0.20277149321266966,0.30703143403777233,390.5,,514.735107421875,,,,,,,,,,,,,,,,,,,,
1875,30710.4426,,,,,,Frage 1,,,,,,1.0,412.0,-1.0,369.0,-1.0,0.9239087564091683,0.9382278264036938,30727.898000000045,514.5531616210938,514.9720458984375,0.6961141228675842,0.288693219423294,0.5290063023567199,0.30200856924057,0.0,0.0,1.0,0.33650835793487593,0.3503614018489459,390.5,,514.762603759766,,,,,,,,,,,,,,,,,,,,
1876,30727.0986,,,,,,Frage 1,,,,,,1.0,410.0,-1.0,362.0,-1.0,0.9247150509987568,0.9372502490813451,30744.55300000008,514.6473999023438,515.0845336914064,0.6964640021324157,0.2889032661914825,0.5293271541595459,0.3021400272846221,0.0,0.0,1.0,0.20022624434389133,0.3062063069860055,386.0,,514.865966796875,,,,,,,,,,,,,,,,,,,,
1877,30743.7513,,,,,,Frage 1,,,,,,1.0,419.0,-1.0,371.0,-1.0,0.9332597766339322,0.9375127218966607,30761.207000000053,514.4923095703125,514.948486328125,0.6968797445297241,0.289223700761795,0.5297106504440307,0.3023790419101715,0.0,0.0,1.0,0.20531674208144793,0.30785592471340395,395.0,,514.720397949219,,,,,,,,,,,,,,,,,,,,
1878,30760.4073,,,,,,Frage 1,,,,,,1.0,422.0,-1.0,356.0,-1.0,0.9346441516836369,0.9367761910373568,30777.861999999965,514.6586303710938,515.1284790039064,0.6971084475517272,0.2894104421138763,0.529879093170166,0.3024673759937286,0.0,0.0,1.0,0.20192307692307687,0.3067563561774628,389.0,,514.8935546875,,,,,,,,,,,,,,,,,,,,
1879,30777.0619,,,,,,Frage 1,,,,,,1.0,427.0,-1.0,361.0,-1.0,0.9375358838536388,0.93570219512979,30794.517,514.8734741210938,515.362060546875,0.697424292564392,0.2897134125232696,0.5301352143287658,0.302650362253189,0.0,0.0,1.0,0.20475113122171942,0.30767262212810514,394.0,,515.117767333984,,,,,,,,,,,,,,,,,,,,
1880,30793.716,,,,,,Frage 1,,,,,,1.0,436.0,-1.0,365.0,-1.0,0.939959760158563,0.9352308153798357,30811.17200000002,515.0718994140625,515.5777587890625,0.697708785533905,0.2899172306060791,0.5303664207458496,0.3027307987213134,0.0,0.0,1.0,0.2084276018099547,0.3088638196644339,400.5,,515.324829101563,,,,,,,,,,,,,,,,,,,,
1881,30810.3713,,,,,,Frage 1,,,,,,1.0,438.0,-1.0,346.0,-1.0,0.9440636248808032,0.9355414974877602,30827.826,515.4723510742188,515.9986572265625,0.697979986667633,0.290212869644165,0.5306354761123657,0.3028682172298431,0.0,0.0,1.0,0.20361990950226241,0.30730630940536513,392.0,,515.735504150391,,,,,,,,,,,,,,,,,,,,
1882,30827.0253,,,,,,Frage 1,,,,,,1.0,400.0,-1.0,338.0,-1.0,0.9464300870199052,0.9347058697492047,30844.48100000003,516.2957153320312,516.8340454101562,0.6979756951332092,0.2903904020786285,0.5306682586669921,0.3029111921787262,0.0,0.0,1.0,0.19061085972850675,0.30309140569366644,369.0,,516.564880371094,,,,,,,,,,,,,,,,,,,,
1883,30843.6805,,,,,,Frage 1,,,,,,1.0,396.0,-1.0,337.0,-1.0,0.9401469802645046,0.9356727338954179,30861.136000000057,516.3569946289064,516.9030151367188,0.6981406211853027,0.2901600003242492,0.530804455280304,0.3026596307754516,0.0,0.0,1.0,0.1891968325791855,0.3026331568710213,366.5,,516.630004882813,,,,,,,,,,,,,,,,,,,,
1884,30860.3352,,,,,,Frage 1,,,,,,1.0,396.0,-1.0,326.0,-1.0,0.939283271509094,0.9361092958229326,30877.79000000004,517.1953735351562,517.7385864257812,0.6978808045387268,0.2900838553905487,0.5305482745170593,0.3025491833686828,0.0,0.0,1.0,0.1860859728506787,0.3016252638115061,361.0,,517.466979980469,,,,,,,,,,,,,,,,,,,,
1885,30876.9892,,,,,,Frage 1,,,,,,1.0,389.0,-1.0,312.0,-1.0,0.9363152087628994,0.9364922918697706,30894.445000000065,517.2298583984375,517.7705078125,0.6977733373641967,0.2904533147811889,0.5304235816001892,0.3028597235679626,0.0,0.0,1.0,0.18014705882352935,0.29970101374452346,350.5,,517.500183105469,,,,,,,,,,,,,,,,,,,,
1886,30893.6439,,,,,,Frage 1,,,,,,1.0,379.0,-1.0,309.0,-1.0,0.9397251109591161,0.9328063065866489,30911.099999999977,516.924560546875,517.4658203125,0.6978315114974974,0.2910181283950805,0.5304552316665649,0.3034068942070007,0.0,0.0,1.0,0.17647058823529407,0.2985095777321074,344.0,,517.195190429688,,,,,,,,,,,,,,,,,,,,
1887,30910.2989,,,,,,Frage 1,,,,,,1.0,384.0,-1.0,316.0,-1.0,0.9358466280087611,0.9380483807034273,30927.75400000008,516.9452514648438,517.4884033203125,0.6978373527526855,0.2918056845664978,0.5304561853408813,0.3041756749153137,0.0,0.0,1.0,0.1798642533936651,0.2996095317559304,350.0,,517.216827392578,,,,,,,,,,,,,,,,,,,,
1888,30926.9544,,,,,,Frage 1,,,,,,1.0,382.0,-1.0,324.0,-1.0,0.9515224739015172,0.9376466365983525,30944.408999999985,516.990234375,517.5330810546875,0.6977976560592651,0.2925209403038024,0.5304117798805236,0.3048869967460632,0.0,0.0,1.0,0.18156108597285062,0.30015977916721626,353.0,,517.261657714844,,,,,,,,,,,,,,,,,,,,
1889,30943.608,,,,,,Frage 1,,,,,,1.0,382.0,-1.0,323.0,-1.0,0.7293631804344882,0.7331620070286026,30961.064000000013,517.218505859375,517.7626953125,0.697781503200531,0.2930731773376464,0.5303848981857299,0.3054600954055786,0.0,0.0,1.0,0.18127828054298636,0.3000395269277826,352.5,,517.490600585938,,,,,,,,,,,,,,,,,,,,
1890,30960.2636,,,,,,Frage 1,,,,,,1.0,388.0,-1.0,320.0,-1.0,0.9512229217320107,0.9390607758482159,30977.718,516.88232421875,517.4324340820312,0.6980049014091491,0.293403148651123,0.5305737853050231,0.3058132231235504,0.0,0.0,1.0,0.18212669683257912,0.3003431725175824,354.0,,517.157379150391,,,,,,,,,,,,,,,,,,,,
1891,30976.917,,,,,,Frage 1,,,,,,1.0,388.0,-1.0,322.0,-1.0,0.9512229217320107,0.9389241828524902,30994.37300000002,516.8399047851562,517.3965454101562,0.6981666684150695,0.2935029864311218,0.530714213848114,0.3059150576591491,0.0,0.0,1.0,0.336660511321748,0.3504116779019402,355.0,,517.118225097656,,,,,,,,,,,,,,,,,,,,
1892,30993.5729,,,,,,Frage 1,,,,,,1.0,536.0,-1.0,428.0,-1.0,0.9519917723004109,0.9420256473436679,31011.02800000005,520.125,520.6512451171875,0.6967014074325562,0.2931866347789764,0.529406189918518,0.3055232763290405,0.0,0.0,1.0,0.3361776840359408,0.3502555910691661,482.0,,520.388122558594,,,,,,,,,,,,,,,,,,,,
1893,31010.2276,,,,,,Frage 1,,,,,,1.0,552.0,-1.0,503.0,-1.0,0.9483447246366683,0.9418435233493674,31027.68200000003,523.9708251953125,524.4954223632812,0.6957921981811523,0.2922733128070831,0.5286198258399963,0.3045033812522888,0.0,0.0,1.0,0.28026018099547506,0.3321383380085201,527.5,,524.233123779297,,,,,,,,,,,,,,,,,,,,
1894,31026.8818,,,,,,Frage 1,,,,,,1.0,600.0,-1.0,531.0,-1.0,0.9492858177025347,0.9468278285463291,31044.337000000058,522.0799560546875,522.6627197265625,0.6974899768829345,0.2920261919498443,0.5300734639167785,0.3041178882122039,0.0,0.0,1.0,0.3017533936651583,0.33910262747027486,565.5,,522.371337890625,,,,,,,,,,,,,,,,,,,,
1895,31043.5369,,,,,,Frage 1,,,,,,1.0,602.0,-1.0,532.0,-1.0,0.9486068327849865,0.9503846030232582,31060.99199999997,520.7457885742188,521.3619384765625,0.6984750032424926,0.2922458052635192,0.5309104919433593,0.3041991889476776,0.0,0.0,1.0,0.30260180995475106,0.33937785907087026,567.0,,521.053863525391,,,,,,,,,,,,,,,,,,,,
1896,31060.1918,,,,,,Frage 1,,,,,,1.0,601.0,-1.0,536.0,-1.0,0.9447900388918569,0.9476634562848848,31077.647,519.89306640625,520.5335083007812,0.6991340517997741,0.29257133603096,0.5314682126045227,0.304377943277359,0.0,0.0,1.0,0.3034502262443438,0.3396523340892409,568.5,,520.213287353516,,,,,,,,,,,,,,,,,,,,
1897,31076.8463,,,,,,Frage 1,,,,,,1.0,597.0,-1.0,531.0,-1.0,0.943374654890938,0.9448941002539022,31094.300999999978,519.2515869140625,519.9241333007812,0.6998844146728515,0.2931903600692749,0.5321618318557739,0.3048250973224639,0.0,0.0,1.0,0.30090497737556554,0.3388273458579381,564.0,,519.587860107422,,,,,,,,,,,,,,,,,,,,
1898,31093.5011,,,,,,Frage 1,,,,,,1.0,589.0,-1.0,541.0,-1.0,0.9414500322018583,0.9431532091319115,31110.95600000001,519.2828979492188,519.976806640625,0.7002437710762023,0.2938884794712066,0.5325170755386353,0.3053713738918304,0.0,0.0,1.0,0.33589826369944586,0.3501648270297453,565.0,,519.629852294922,,,,,,,,,,,,,,,,,,,,
1899,31110.1562,,,,,,Frage 1,,,,,,1.0,597.0,-1.0,537.0,-1.0,0.9443681695864682,0.9421408139871228,31127.61100000004,518.5306396484375,519.2446899414064,0.7007874846458435,0.2943721115589141,0.5330309867858886,0.3057428002357482,0.0,0.0,1.0,0.30260180995475106,0.3393768616474152,567.0,,518.887664794922,,,,,,,,,,,,,,,,,,,,
1900,31126.8103,,,,,,Frage 1,,,,,,1.0,604.0,-1.0,530.0,-1.0,0.9456337775026338,0.9413882133636159,31144.26500000001,518.2728271484375,518.9957885742188,0.7009990215301513,0.2943992912769317,0.5332089662551879,0.3056834936141967,0.0,0.0,1.0,0.30260180995475106,0.33937682542967124,567.0,,518.634307861328,,,,,,,,,,,,,,,,,,,,
1901,31143.4645,,,,,,Frage 1,,,,,,1.0,602.0,-1.0,529.0,-1.0,0.9426806923649145,0.9449851622510526,31160.92000000004,517.4193115234375,518.14892578125,0.7013375759124755,0.2939086854457855,0.533469557762146,0.305138736963272,0.0,0.0,1.0,0.3017533936651583,0.3391022167752846,565.5,,517.784118652344,,,,,,,,,,,,,,,,,,,,
1902,31160.1203,,,,,,Frage 1,,,,,,1.0,597.0,-1.0,521.0,-1.0,0.9414899724911258,0.9438254609344031,31177.57500000007,517.2373657226562,517.9635009765625,0.7013067603111267,0.2933991253376007,0.5334208011627197,0.3046090006828308,0.0,0.0,1.0,0.298076923076923,0.33791089064518254,559.0,,517.600433349609,,,,,,,,,,,,,,,,,,,,
1903,31176.7744,,,,,,Frage 1,,,,,,1.0,599.0,-1.0,525.0,-1.0,0.9425483901567157,0.938736702270122,31194.22900000005,517.1717529296875,517.9005737304688,0.7013866305351257,0.2929420173168182,0.5334911346435546,0.3041388094425201,0.0,0.0,1.0,0.29977375565610853,0.3384601658663591,562.0,,517.536163330078,,,,,,,,,,,,,,,,,,,,
1904,31193.4284,,,,,,Frage 1,,,,,,1.0,597.0,-1.0,527.0,-1.0,0.941617282163166,0.937922500883837,31210.88399999996,517.1504516601562,517.8817138671875,0.7014392614364624,0.2927877902984619,0.5335243344306945,0.3039541244506835,0.0,0.0,1.0,0.29977375565610853,0.3384600503490551,562.0,,517.516082763672,,,,,,,,,,,,,,,,,,,,
1905,31197.6901,,,,,,Frage 1,1.0,2.27137589454651,29.3672367485143,1.73989248275757,202.71875,,,,,,0.6585048574425887,0.6495113533451946,,,,,,,,,,,0.37959439571535225,0.3642823432120883,,,,,,,,,,,,,,,,,,,,,,,
1906,31210.0839,,,,,,Frage 1,,,,,,1.0,615.0,-1.0,534.0,-1.0,0.9411754427131438,0.9232875958593939,31227.53899999999,517.2033081054688,517.9398193359375,0.7015227675437927,0.2930076122283935,0.5335863232612609,0.3041352331638336,0.0,0.0,1.0,0.30684389140271484,0.34074921872324704,574.5,,517.571563720703,,,,,,,,,,,,,,,,,,,,
1907,31226.7373,,,,,,Frage 1,,,,,,1.0,622.0,-1.0,539.0,-1.0,0.9415149351719182,0.9400678144049368,31244.19299999997,517.4872436523438,518.225830078125,0.7014716863632202,0.2935888171195983,0.5335381031036377,0.3046827912330627,0.0,0.0,1.0,0.3102375565610859,0.3418505118613453,580.5,,517.856536865234,,,,,,,,,,,,,,,,,,,,
1908,31243.3932,,,,,,Frage 1,,,,,,1.0,606.0,-1.0,530.0,-1.0,0.9381570685381659,0.9403276089262184,31260.848,517.0970458984375,517.8331909179688,0.7014651894569397,0.2944805026054382,0.5335068702697753,0.305538535118103,0.0,0.0,1.0,0.3031674208144796,0.3395597234114806,568.0,,517.465118408203,,,,,,,,,,,,,,,,,,,,
1909,31260.0482,,,,,,Frage 1,,,,,,1.0,604.0,-1.0,532.0,-1.0,0.9421964163575455,0.9396660702998618,31277.503000000022,517.0227661132812,517.7533569335938,0.7013036608695983,0.2952302098274231,0.5333430171012878,0.306233674287796,0.0,0.0,1.0,0.3031674208144796,0.33955978870355985,568.0,,517.388061523438,,,,,,,,,,,,,,,,,,,,
1910,31276.7017,,,,,,Frage 1,,,,,,1.0,620.0,-1.0,552.0,-1.0,0.9392133760028757,0.937745733477604,31294.157000000007,515.428466796875,516.1406860351562,0.7012444734573364,0.2958014905452728,0.5331916213035583,0.3067869246006012,0.0,0.0,1.0,0.3133484162895927,0.34285810392309085,586.0,,515.784576416016,,,,,,,,,,,,,,,,,,,,
1911,31293.3576,,,,,,Frage 1,,,,,,1.0,645.0,-1.0,797.0,-1.0,0.9273635914308109,0.9382680008142015,31310.812000000034,518.0178833007812,518.6878662109375,0.6992769241333007,0.2971672415733337,0.5310876369476318,0.3073898255825042,0.0,0.0,1.0,0.38970588235294107,0.3675973683844484,721.0,,518.352874755859,,,,,,,,,,,,,,,,,,,,
1912,31310.0117,,,,,,Frage 1,,,,,,1.0,1004.0,-1.0,923.0,-1.0,0.9495304519742984,0.9387768766806296,31327.467000000062,519.2740478515625,519.9185791015625,0.6979091763496398,0.2979885637760162,0.5293508768081665,0.3071658313274383,0.0,0.0,1.0,0.3366675463002345,0.3504138857416011,963.5,,519.596313476563,,,,,,,,,,,,,,,,,,,,
1913,31326.6677,,,,,,Frage 1,,,,,,1.0,1017.0,-1.0,957.0,-1.0,0.9530976190595062,0.9393018223112606,31344.12199999997,518.5575561523438,519.1578369140625,0.6967122554779052,0.2977137267589569,0.5282090902328491,0.3063437342643737,0.0,0.0,1.0,0.5401583710407238,0.4163445113493479,987.0,,518.857696533203,,,,,,,,,,,,,,,,,,,,
1914,31343.3213,,,,,,Frage 1,,,,,,1.0,1028.0,-1.0,958.0,-1.0,0.9549573387785262,0.9407829189119697,31360.77600000007,517.9305419921875,518.4657592773438,0.6957319974899292,0.2953411042690277,0.5273346304893493,0.3045185208320617,0.0,0.0,1.0,0.5435520361990949,0.4174442649213738,993.0,,518.198150634766,,,,,,,,,,,,,,,,,,,,
1915,31359.9751,,,,,,Frage 1,,,,,,1.0,1030.0,-1.0,955.0,-1.0,0.9515798880673395,0.9374698691921193,31377.430999999982,518.24853515625,518.7247924804688,0.6945534348487854,0.2951854169368743,0.5263109803199768,0.3047856986522674,0.0,0.0,1.0,0.5432692307692306,0.41735218036047894,992.5,,518.486663818359,,,,,,,,,,,,,,,,,,,,
1916,31376.6313,,,,,,Frage 1,,,,,,1.0,1023.0,-1.0,964.0,-1.0,0.9498075377310922,0.9364708655174999,31394.08600000001,518.639404296875,519.060546875,0.6933990120887756,0.2956389188766479,0.5252884030342102,0.3055951297283172,0.0,0.0,1.0,0.5438348416289591,0.41753527404212426,993.5,,518.849975585938,,,,,,,,,,,,,,,,,,,,
1917,31393.2842,,,,,,Frage 1,,,,,,1.0,1016.0,-1.0,972.0,-1.0,0.9347890659432084,0.9367922608015599,31410.73999999999,518.6119384765625,518.9893188476562,0.69255131483078,0.2963224947452545,0.5245503783226013,0.3065777719020843,0.0,0.0,1.0,0.33683970825318116,0.35046897028083057,994.0,,518.800628662109,,,,,,,,,,,,,,,,,,,,
1918,31409.9403,,,,,,Frage 1,,,,,,1.0,1017.0,-1.0,961.0,-1.0,0.9463302362967364,0.9339880869481375,31427.39500000001,518.90869140625,519.2391967773438,0.6914135813713073,0.2967221736907959,0.5234333276748657,0.3069673478603363,0.0,0.0,1.0,0.5412895927601808,0.41671024717014893,989.0,,519.073944091797,,,,,,,,,,,,,,,,,,,,
1919,31426.5952,,,,,,Frage 1,,,,,,1.0,1017.0,-1.0,967.0,-1.0,0.9442508449867448,0.9323275446471615,31444.050000000047,518.417236328125,518.7237548828125,0.6911209821701049,0.2976985275745391,0.5232529044151306,0.3082896471023559,0.0,0.0,1.0,0.5429864253393664,0.4172597745531991,992.0,,518.570495605469,,,,,,,,,,,,,,,,,,,,
1920,31443.2481,,,,,,Frage 1,,,,,,1.0,1016.0,-1.0,967.0,-1.0,0.9306920547660771,0.9323275446471615,31460.704000000027,518.4171142578125,518.7239379882812,0.6911246180534362,0.2977027297019958,0.523249328136444,0.308285504579544,0.0,0.0,1.0,0.5427036199095021,0.4171676964472254,991.5,,518.570526123047,,,,,,,,,,,,,,,,,,,,
1921,31459.9044,,,,,,Frage 1,,,,,,1.0,1016.0,-1.0,950.0,-1.0,0.9416522299162752,0.9313901417353204,31477.35900000005,518.019287109375,518.2647705078125,0.6900079846382141,0.2975878417491912,0.5222269892692565,0.3085296154022216,0.0,0.0,1.0,0.5378959276018098,0.41561028400158573,983.0,,518.142028808594,,,,,,,,,,,,,,,,,,,,
1922,31476.5579,,,,,,Frage 1,,,,,,1.0,1016.0,-1.0,945.0,-1.0,0.9416522299162752,0.9312562270336286,31494.013999999966,518.0501708984375,518.280517578125,0.689656376838684,0.2975517213344574,0.5218698978424072,0.3084757030010223,0.0,0.0,1.0,0.5364819004524886,0.4151521292800505,980.5,,518.165344238281,,,,,,,,,,,,,,,,,,,,
1923,31493.2132,,,,,,Frage 1,,,,,,1.0,947.0,-1.0,918.0,-1.0,0.9484945007214215,0.9306161147595428,31510.668000000063,516.178466796875,516.3973388671875,0.6899682283401489,0.2963418960571289,0.5222161412239074,0.3075698912143707,0.0,0.0,1.0,0.337947466972839,0.3508276939124168,932.5,,516.287902832031,,,,,,,,,,,,,,,,,,,,
1924,31509.868,,,,,,Frage 1,,,,,,1.0,906.0,-1.0,871.0,-1.0,0.9418569238987713,0.9090948447666579,31527.32299999997,517.09130859375,517.3154907226562,0.6900311708450317,0.2956429719924926,0.5223757624626159,0.3071002960205078,0.0,0.0,1.0,0.484445701357466,0.39829025128744044,888.5,,517.203399658203,,,,,,,,,,,,,,,,,,,,
1925,31526.5223,,,,,,Frage 1,,,,,,1.0,845.0,-1.0,793.0,-1.0,0.9349572389278029,0.9272173596306097,31543.978000000003,518.8914184570312,519.1103515625,0.6896081566810607,0.2952012121677398,0.5220510959625244,0.3067798316478729,0.0,0.0,1.0,0.44513574660633476,0.38555559141767504,819.0,,519.000885009766,,,,,,,,,,,,,,,,,,,,
1926,31543.1775,,,,,,Frage 1,,,,,,1.0,838.0,-1.0,783.0,-1.0,0.9330825416003076,0.9253505886890285,31560.631999999983,518.2274169921875,518.4336547851562,0.6895577907562255,0.2950998842716217,0.5220003128051757,0.3068413734436035,0.0,0.0,1.0,0.4403280542986424,0.3839976564620898,810.5,,518.330535888672,,,,,,,,,,,,,,,,,,,,
1927,31559.8317,,,,,,Frage 1,,,,,,1.0,830.0,-1.0,778.0,-1.0,0.9242197947648704,0.9257041235014944,31577.287000000008,517.4586791992188,517.6543579101562,0.6895614266395568,0.2951408922672271,0.5220093131065368,0.3070370256900787,0.0,0.0,1.0,0.4366515837104072,0.3828062330059535,804.0,,517.556518554688,,,,,,,,,,,,,,,,,,,,
1928,31576.4878,,,,,,Frage 1,,,,,,1.0,812.0,-1.0,780.0,-1.0,0.9279751771102204,0.9282779640680073,31593.94200000004,517.16064453125,517.34765625,0.6894927024841307,0.2951431572437286,0.5219464898109436,0.3071517646312713,0.0,0.0,1.0,0.4321266968325791,0.3813405745499905,796.0,,517.254150390625,,,,,,,,,,,,,,,,,,,,
1929,31593.1428,,,,,,Frage 1,,,,,,1.0,824.0,-1.0,778.0,-1.0,0.9276281958472085,0.9270861232229519,31610.597000000067,516.4493408203125,516.6351318359375,0.6896883845329284,0.295046716928482,0.5221095085144043,0.307165503501892,0.0,0.0,1.0,0.4349547511312216,0.38225672077726536,801.0,,516.542236328125,,,,,,,,,,,,,,,,,,,,
1930,31609.7957,,,,,,Frage 1,,,,,,1.0,849.0,-1.0,783.0,-1.0,0.9312303106855252,0.9266870574119108,31627.251000000047,516.4179077148438,516.6021118164064,0.6897558569908142,0.2946562469005584,0.5221715569496154,0.3069078028202056,0.0,0.0,1.0,0.44343891402714924,0.3850056436621788,816.0,,516.510009765625,,,,,,,,,,,,,,,,,,,,
1931,31626.4512,,,,,,Frage 1,,,,,,1.0,842.0,-1.0,778.0,-1.0,0.9324285193635514,0.9250345499930364,31643.906000000075,515.9619140625,516.14990234375,0.6900219321250916,0.2941335439682006,0.5224076509475708,0.3064866065979003,0.0,0.0,1.0,0.4400452488687782,0.38390597375230257,810.0,,516.055908203125,,,,,,,,,,,,,,,,,,,,
1932,31643.1049,,,,,,Frage 1,,,,,,1.0,845.0,-1.0,780.0,-1.0,0.9344754591885132,0.9240542943766538,31660.560999999987,516.2177734375,516.415771484375,0.6902588605880737,0.2935181260108947,0.5226362347602844,0.305932879447937,0.0,0.0,1.0,0.4414592760180994,0.3843640806070167,812.5,,516.316772460938,,,,,,,,,,,,,,,,,,,,
1933,31659.759,,,,,,Frage 1,,,,,,1.0,847.0,-1.0,789.0,-1.0,0.9301943594326482,0.90138025129703,31677.214999999967,515.7188720703125,515.9342041015625,0.6908052563667297,0.292967677116394,0.5231603384017944,0.3054328560829162,0.0,0.0,1.0,0.44457013574660625,0.3853694918297511,818.0,,515.826538085938,,,,,,,,,,,,,,,,,,,,
1934,31676.416,,,,,,Frage 1,,,,,,1.0,850.0,-1.0,787.0,-1.0,0.929470441689674,0.9204734152534202,31693.869999999995,515.6068115234375,515.8410034179688,0.6912895441055297,0.2926251888275146,0.5236146450042723,0.3051090240478515,0.0,0.0,1.0,0.4448529411764705,0.3854630802909681,818.5,,515.723907470703,,,,,,,,,,,,,,,,,,,,
1935,31693.0698,,,,,,Frage 1,,,,,,1.0,842.0,-1.0,790.0,-1.0,0.9295553148043675,0.9008694963011696,31710.525000000023,515.2275390625,515.483154296875,0.691853642463684,0.292789340019226,0.5241598486900328,0.3052770495414733,0.0,0.0,1.0,0.44343891402714924,0.38500290489803324,816.0,,515.355346679688,,,,,,,,,,,,,,,,,,,,
1936,31709.724,,,,,,Frage 1,,,,,,1.0,835.0,-1.0,779.0,-1.0,0.9291109790862659,0.9196993882776426,31727.179000000004,515.012939453125,515.2910766601562,0.6924080848693847,0.2932745516300201,0.5246884226799011,0.3057708144187927,0.0,0.0,1.0,0.4383484162895927,0.38335554022051627,807.0,,515.152008056641,,,,,,,,,,,,,,,,,,,,
1937,31726.3783,,,,,,Frage 1,,,,,,1.0,782.0,-1.0,724.0,-1.0,0.9336067578969443,0.919838659567402,31743.83400000003,513.0223388671875,513.3450927734375,0.6938067078590393,0.2942384183406829,0.5261054635047911,0.3067744970321655,0.0,0.0,1.0,0.4078054298642533,0.37345986252004437,753.0,,513.183715820313,,,,,,,,,,,,,,,,,,,,
1938,31743.0346,,,,,,Frage 1,,,,,,1.0,751.0,-1.0,670.0,-1.0,0.9388314469867548,0.9135928778805052,31760.48900000006,512.4425659179688,512.8118286132812,0.6949042081832885,0.2954983115196228,0.527331531047821,0.3080546259880065,0.0,0.0,1.0,0.38376696832579177,0.3656709931177783,710.5,,512.627197265625,,,,,,,,,,,,,,,,,,,,
1939,31759.688,,,,,,Frage 1,,,,,,1.0,671.0,-1.0,603.0,-1.0,0.9073127535363319,0.9082202200486378,31777.14300000004,513.6152954101562,514.0054931640625,0.6950194835662841,0.296062022447586,0.5275270938873291,0.3085021376609802,0.0,0.0,1.0,0.34219457013574656,0.3522000491682705,637.0,,513.810394287109,,,,,,,,,,,,,,,,,,,,
1940,31776.3428,,,,,,Frage 1,,,,,,1.0,669.0,-1.0,602.0,-1.0,0.915498829250271,0.9056517360701928,31793.798000000068,512.9091796875,513.3223266601562,0.6956738233566284,0.2962665259838104,0.5281329154968261,0.3086656928062439,0.0,0.0,1.0,0.3413461538461538,0.35192516940019564,635.5,,513.115753173828,,,,,,,,,,,,,,,,,,,,
1941,31792.998,,,,,,Frage 1,,,,,,1.0,670.0,-1.0,612.0,-1.0,0.9157659299347475,0.9058820693571022,31810.45299999998,512.3618774414064,512.7901000976562,0.696150779724121,0.2963429689407348,0.52860689163208,0.3087779879570007,0.0,0.0,1.0,0.3444570135746606,0.3529331119708202,641.0,,512.575988769531,,,,,,,,,,,,,,,,,,,,
1942,31809.6513,,,,,,Frage 1,,,,,,1.0,667.0,-1.0,605.0,-1.0,0.9148872435708616,0.9052928446696593,31827.10699999996,511.7984924316406,512.2440795898438,0.6966848373413085,0.2963756024837493,0.529121458530426,0.308834820985794,0.0,0.0,1.0,0.34162895927601805,0.35201673996663274,636.0,,512.021286010742,,,,,,,,,,,,,,,,,,,,
1943,31826.3077,,,,,,Frage 1,,,,,,1.0,662.0,-1.0,603.0,-1.0,0.9143455533976705,0.9032198450874731,31843.761999999988,511.345947265625,511.8058471679688,0.6971279382705688,0.2963783144950866,0.5295348763465881,0.3088531494140625,0.0,0.0,1.0,0.33964932126696823,0.35137510942150757,632.5,,511.575897216797,,,,,,,,,,,,,,,,,,,,
1944,31842.9619,,,,,,Frage 1,,,,,,1.0,666.0,-1.0,609.0,-1.0,0.9203091378389309,0.9074140535444545,31860.417000000016,511.382080078125,511.86538696289057,0.6976310610771179,0.2966400980949401,0.5300253629684448,0.3090845346450805,0.0,0.0,1.0,0.3424773755656108,0.35229202482728256,637.5,,511.623733520508,,,,,,,,,,,,,,,,,,,,
1945,31859.6166,,,,,,Frage 1,,,,,,1.0,623.0,-1.0,551.0,-1.0,0.9217320106440872,0.9087183827389306,31877.072000000044,509.47698974609375,510.0085754394531,0.6991324424743652,0.297069102525711,0.5314370393753051,0.3094648718833923,0.0,0.0,1.0,0.3139140271493212,0.3430377633614392,587.0,,509.742782592774,,,,,,,,,,,,,,,,,,,,
1946,31876.2713,,,,,,Frage 1,,,,,,1.0,588.0,-1.0,522.0,-1.0,0.9178028846873924,0.9065436079834588,31893.726000000024,508.8424682617188,509.4251403808594,0.7003731727600097,0.297521948814392,0.5326421856880188,0.3098114430904388,0.0,0.0,1.0,0.295814479638009,0.33717320466231765,555.0,,509.133804321289,,,,,,,,,,,,,,,,,,,,
1947,31892.9251,,,,,,Frage 1,,,,,,1.0,561.0,-1.0,492.0,-1.0,0.9142257325298678,0.9028582753929058,31910.38100000005,509.9557800292969,510.56591796875,0.7006428837776184,0.298101782798767,0.5329137444496154,0.310230016708374,0.0,0.0,1.0,0.3420058068731869,0.3521385625509538,526.5,,510.260848999023,,,,,,,,,,,,,,,,,,,,
1948,31909.5809,,,,,,Frage 1,,,,,,1.0,558.0,-1.0,491.0,-1.0,0.9178503137808975,0.905839216652561,31927.035999999964,509.7227783203125,510.3639831542969,0.70132976770401,0.2985546588897705,0.5335362553596495,0.3105438649654388,0.0,0.0,1.0,0.27856334841628955,0.3315838152213151,524.5,,510.043380737305,,,,,,,,,,,,,,,,,,,,
1949,31926.2355,,,,,,Frage 1,,,,,,1.0,567.0,-1.0,485.0,-1.0,0.9174284444755091,0.9061713251127562,31943.69000000006,510.0078125,510.67037963867193,0.7016853094100952,0.2987085580825805,0.5338526368141174,0.31056809425354,0.0,0.0,1.0,0.2794117647058823,0.3318587202196012,526.0,,510.339096069336,,,,,,,,,,,,,,,,,,,,
1950,31942.8897,,,,,,Frage 1,,,,,,1.0,566.0,-1.0,471.0,-1.0,0.9127354604865726,0.9023252948801731,31960.34499999997,509.34280395507807,510.0230712890625,0.7021911144256591,0.2987130284309387,0.5342767238616943,0.3104475438594818,0.0,0.0,1.0,0.27516968325791846,0.33048374236004363,518.5,,509.68293762207,,,,,,,,,,,,,,,,,,,,
1951,31959.5454,,,,,,Frage 1,,,,,,1.0,568.0,-1.0,470.0,-1.0,0.9121039046625297,0.9026868645747405,31977.0,509.73587036132807,510.418212890625,0.7021111249923706,0.2984949946403503,0.5341959595680236,0.3101537227630615,0.0,0.0,1.0,0.27545248868778277,0.33057538714020085,519.0,,510.077041625977,,,,,,,,,,,,,,,,,,,,
1952,31976.198,,,,,,Frage 1,,,,,,1.0,566.0,-1.0,467.0,-1.0,0.9168543028172882,0.9041545697052805,31993.65399999998,509.1920166015625,509.8745727539063,0.702246606349945,0.2982646822929382,0.5342744588851928,0.3098999261856079,0.0,0.0,1.0,0.27403846153846145,0.3301175565133907,516.5,,509.533294677734,,,,,,,,,,,,,,,,,,,,
1953,31992.8547,,,,,,Frage 1,,,,,,1.0,563.0,-1.0,470.0,-1.0,0.9177579518619664,0.9041492131172129,32010.30900000001,509.5367126464844,510.2072143554688,0.7018706798553466,0.2982724010944366,0.5339155197143554,0.3098759949207305,0.0,0.0,1.0,0.3418356745714114,0.35208369154657077,516.5,,509.871963500977,,,,,,,,,,,,,,,,,,,,
1954,32009.5094,,,,,,Frage 1,,,,,,1.0,572.0,-1.0,481.0,-1.0,0.9225857343271808,0.9037394341300364,32026.96400000004,509.3367919921875,509.9969177246094,0.7016661167144775,0.2983122766017913,0.5337101817131042,0.3099005222320556,0.0,0.0,1.0,0.27969457013574656,0.3319502667810889,526.5,,509.666854858399,,,,,,,,,,,,,,,,,,,,
1955,32026.1625,,,,,,Frage 1,,,,,,1.0,638.0,-1.0,539.0,-1.0,0.9262677297440327,0.9068408986212142,32043.618000000017,511.789794921875,512.4072875976562,0.7000865936279296,0.2983839809894561,0.5322498083114624,0.3099316358566284,0.0,0.0,1.0,0.31476244343891396,0.34331260323650664,588.5,,512.098541259766,,,,,,,,,,,,,,,,,,,,
1956,32042.8183,,,,,,Frage 1,,,,,,1.0,661.0,-1.0,609.0,-1.0,0.9071055846572302,0.9080059565259312,32060.273000000045,511.4556274414063,512.0286254882812,0.6991218924522399,0.2985012531280517,0.5312679409980773,0.3100061416625976,0.0,0.0,1.0,0.34106334841628955,0.35183350738215224,635.0,,511.742126464844,,,,,,,,,,,,,,,,,,,,
1957,32059.4728,,,,,,Frage 1,,,,,,1.0,752.0,-1.0,699.0,-1.0,0.9087028700372174,0.9096156112402644,32076.92800000008,509.6617431640625,510.2117614746094,0.6989920139312744,0.2987897098064422,0.5311163663864135,0.3103074431419372,0.0,0.0,1.0,0.39225113122171934,0.3684184247808725,725.5,,509.936752319336,,,,,,,,,,,,,,,,,,,,
1958,32076.127,,,,,,Frage 1,,,,,,1.0,775.0,-1.0,706.0,-1.0,0.9099140214760857,0.910866374554064,32093.582000000053,510.1760864257813,510.7077941894531,0.6984912753105162,0.2991247475147247,0.5306536555290222,0.3107273578643798,0.0,0.0,1.0,0.40073529411764697,0.371167439786472,740.5,,510.441940307617,,,,,,,,,,,,,,,,,,,,
1959,32092.7819,,,,,,Frage 1,,,,,,1.0,781.0,-1.0,701.0,-1.0,0.9204189736344165,0.8957602440663858,32110.236999999965,510.309814453125,510.8284606933594,0.6982073187828064,0.299171507358551,0.5303621888160704,0.3108401298522949,0.0,0.0,1.0,0.4010180995475112,0.37125784659442923,741.0,,510.569137573242,,,,,,,,,,,,,,,,,,,,
1960,32109.4368,,,,,,Frage 1,,,,,,1.0,778.0,-1.0,691.0,-1.0,0.9079737037296259,0.9089085416153327,32126.892,510.8486328125,511.3542785644531,0.6978291273117065,0.2991083860397338,0.5299814939498901,0.3108268678188324,0.0,0.0,1.0,0.3409894975121294,0.3518097025103322,734.5,,511.101455688477,,,,,,,,,,,,,,,,,,,,
1961,32126.093,,,,,,Frage 1,,,,,,1.0,775.0,-1.0,692.0,-1.0,0.91845191438799,0.9101619832231661,32143.54700000002,510.6393432617188,511.1412963867188,0.6978476047515869,0.2989394664764404,0.5299760103225708,0.3107280433177948,0.0,0.0,1.0,0.39677601809954743,0.36988485565691087,733.5,,510.890319824219,,,,,,,,,,,,,,,,,,,,
1962,32142.7454,,,,,,Frage 1,,,,,,1.0,774.0,-1.0,690.0,-1.0,0.9172537057099637,0.9116270100596723,32160.201,510.6502685546875,511.1482238769531,0.6977606415748596,0.2986903488636016,0.5298789143562316,0.310472548007965,0.0,0.0,1.0,0.3959276018099547,0.3696100836702632,732.0,,510.89924621582,,,,,,,,,,,,,,,,,,,,
1963,32159.4012,,,,,,Frage 1,,,,,,1.0,762.0,-1.0,695.0,-1.0,0.9194903619089462,0.9136705484074865,32176.85600000003,510.9320373535156,511.4219970703125,0.6975641846656799,0.2987119555473327,0.5297048687934875,0.3105847537517547,0.0,0.0,1.0,0.3939479638009049,0.3689689731494095,728.5,,511.177017211914,,,,,,,,,,,,,,,,,,,,
1964,32176.0563,,,,,,Frage 1,,,,,,1.0,771.0,-1.0,696.0,-1.0,0.9214898726404027,0.9142008506261852,32193.511000000057,512.037841796875,512.5275268554688,0.6973422765731812,0.2985142171382904,0.5295310020446777,0.3104378581047058,0.0,0.0,1.0,0.39677601809954743,0.3698853762241603,733.5,,512.282684326172,,,,,,,,,,,,,,,,,,,,
1965,32192.7093,,,,,,Frage 1,,,,,,1.0,766.0,-1.0,697.0,-1.0,0.9257135582304455,0.9158881758674994,32210.16500000004,512.7088012695312,513.20263671875,0.6973264813423156,0.2985122203826904,0.5295221209526062,0.3104889094829559,0.0,0.0,1.0,0.3956447963800904,0.3695191791041016,731.5,,512.955718994141,,,,,,,,,,,,,,,,,,,,
1966,32207.1321,,,,,,Frage 1,1.0,1.90242457389832,29.3671883284373,0.386234939098358,202.71875,,,,,,0.6585048574425887,0.6495113533451946,,,,,,,,,,,0.37959439571535225,0.3642823432120883,,,,,,,,,,,,,,,,,,,,,,,
1967,32209.366,,,,,,Frage 1,,,,,,1.0,755.0,-1.0,704.0,-1.0,0.9181359721227378,0.9194208456981241,32226.820000000065,512.8375244140625,513.3300170898438,0.6972761750221252,0.2988588213920593,0.5294690728187561,0.3108622729778289,0.0,0.0,1.0,0.3945135746606334,0.3691527821455464,729.5,,513.083770751953,,,,,,,,,,,,,,,,,,,,
1968,32226.019,,,,,,Frage 1,,,,,,1.0,777.0,-1.0,703.0,-1.0,0.9314674561530512,0.9205778687207397,32243.474999999977,512.6450805664064,513.14111328125,0.697387158870697,0.2993195354938507,0.529550790786743,0.3113077282905578,0.0,0.0,1.0,0.4004524886877827,0.3710775361719969,740.0,,512.893096923828,,,,,,,,,,,,,,,,,,,,
1969,32242.6748,,,,,,Frage 1,,,,,,1.0,777.0,-1.0,698.0,-1.0,0.9314674561530512,0.9164425827325027,32260.12900000008,512.8101806640625,513.310546875,0.6974463462829589,0.299849659204483,0.529596984386444,0.3118486404418945,0.0,0.0,1.0,0.340024232942608,0.3514985221510744,737.5,,513.060363769531,,,,,,,,,,,,,,,,,,,,
1970,32259.3298,,,,,,Frage 1,,,,,,1.0,507.0,-1.0,555.0,-1.0,0.9425608714971118,0.926655405348153,32276.783999999985,510.1243591308594,510.6712036132813,0.6991332173347473,0.3005237877368927,0.5312363505363464,0.3126204311847686,0.0,0.0,1.0,0.28223981900452483,0.33277796472035337,531.0,,510.39778137207,,,,,,,,,,,,,,,,,,,,
1971,32275.9837,,,,,,Frage 1,,,,,,1.0,507.0,-1.0,454.0,-1.0,0.9425608714971118,0.9208992640047995,32293.439000000013,508.8233337402344,509.4051513671875,0.7002611756324768,0.3007460832595825,0.5324140191078186,0.3129619359970092,0.0,0.0,1.0,0.2536764705882353,0.3235229222528683,480.5,,509.114242553711,,,,,,,,,,,,,,,,,,,,
1972,32292.6383,,,,,,Frage 1,,,,,,1.0,435.0,-1.0,381.0,-1.0,0.9313126875321395,0.9114502426534394,32310.093,511.7653198242188,512.3327026367188,0.6992263197898864,0.3006324470043182,0.5315589308738708,0.3128376305103302,0.0,0.0,1.0,0.2126696832579185,0.3102354836466598,408.0,,512.049011230469,,,,,,,,,,,,,,,,,,,,
1973,32309.2922,,,,,,Frage 1,,,,,,1.0,450.0,-1.0,362.0,-1.0,0.9215148353211948,0.9104914133893275,32326.74800000002,512.10595703125,512.6741943359375,0.6992208957672119,0.3003736436367034,0.5315292477607727,0.3126299083232879,0.0,0.0,1.0,0.21153846153846148,0.30986854621444904,406.0,,512.390075683594,,,,,,,,,,,,,,,,,,,,
1974,32325.9476,,,,,,Frage 1,,,,,,1.0,453.0,-1.0,360.0,-1.0,0.9237864392732866,0.9138982034003621,32343.40300000005,512.2496948242188,512.8161010742188,0.6992250084877014,0.3001255691051483,0.5315085649490356,0.3124799132347106,0.0,0.0,1.0,0.21182126696832573,0.30996060382037227,406.5,,512.532897949219,,,,,,,,,,,,,,,,,,,,
1975,32342.6025,,,,,,Frage 1,,,,,,1.0,446.0,-1.0,365.0,-1.0,0.9288463746698685,0.9172541058247539,32360.05700000003,512.7084350585938,513.2767333984375,0.6992030143737793,0.3000293672084808,0.5314738154411315,0.3124260306358337,0.0,0.0,1.0,0.21125565610859723,0.3097778641853407,405.5,,512.992584228516,,,,,,,,,,,,,,,,,,,,
1976,32359.2559,,,,,,Frage 1,,,,,,1.0,384.0,-1.0,286.0,-1.0,0.9324160380231553,0.9196511789850337,32376.712000000058,511.496826171875,512.0872802734375,0.7000545263290405,0.2999564707279205,0.5322468876838684,0.3124451041221618,0.0,0.0,1.0,0.17138009049773753,0.2968586610955658,335.0,,511.792053222656,,,,,,,,,,,,,,,,,,,,
1977,32375.9122,,,,,,Frage 1,,,,,,1.0,350.0,-1.0,255.0,-1.0,0.9313101912640602,0.9161185091544091,32393.36699999997,510.69091796875,511.2967834472656,0.7006461024284362,0.3001748323440551,0.5327955484390258,0.3127535581588745,0.0,0.0,1.0,0.15299773755656104,0.29090242680151784,302.5,,510.993850708008,,,,,,,,,,,,,,,,,,,,
1978,32392.5664,,,,,,Frage 1,,,,,,1.0,355.0,-1.0,260.0,-1.0,0.9269891512189277,0.9142517382128279,32410.022,511.3043823242188,511.9081726074218,0.7004642486572265,0.3006337583065033,0.5325956344604492,0.3132247626781463,0.0,0.0,1.0,0.1558257918552036,0.29181837100615526,307.5,,511.60627746582,,,,,,,,,,,,,,,,,,,,
1979,32409.2218,,,,,,Frage 1,,,,,,1.0,350.0,-1.0,238.0,-1.0,0.9337914817348066,0.9189521442422034,32426.675999999978,511.7313232421875,512.342529296875,0.7005566954612731,0.3010917603969574,0.5326298475265502,0.3136956393718719,0.0,0.0,1.0,0.14819004524886875,0.28934512490437597,294.0,,512.036926269531,,,,,,,,,,,,,,,,,,,,
1980,32425.8762,,,,,,Frage 1,,,,,,1.0,354.0,-1.0,243.0,-1.0,0.9360156565933929,0.919790450274793,32443.33100000001,511.94436645507807,512.5635375976562,0.7007162570953369,0.3011958599090576,0.5327556133270263,0.3138241171836853,0.0,0.0,1.0,0.15073529411764702,0.2901699392841221,298.5,,512.253952026367,,,,,,,,,,,,,,,,,,,,
1981,32442.5309,,,,,,Frage 1,,,,,,1.0,345.0,-1.0,255.0,-1.0,0.9274035317200785,0.9183093536740837,32459.98600000004,511.70651245117193,512.331298828125,0.70088791847229,0.3010242283344268,0.5328914523124694,0.3136079609394073,0.0,0.0,1.0,0.15158371040723978,0.2904443840471155,300.0,,512.018905639649,,,,,,,,,,,,,,,,,,,,
1982,32459.1852,,,,,,Frage 1,,,,,,1.0,348.0,-1.0,267.0,-1.0,0.9274484645455044,0.919118198472301,32476.64000000001,511.7141418457031,512.3402099609375,0.700909674167633,0.3006616234779357,0.5328805446624755,0.3131984174251556,0.0,0.0,1.0,0.1558257918552036,0.29181889201216127,307.5,,512.02717590332,,,,,,,,,,,,,,,,,,,,
1983,32475.8391,,,,,,Frage 1,,,,,,1.0,355.0,-1.0,262.0,-1.0,0.926946714661581,0.9169219973645588,32493.29500000004,511.3200073242188,511.9443054199218,0.700980007648468,0.3003081083297729,0.5328924059867858,0.3128336071968078,0.0,0.0,1.0,0.1563914027149321,0.2920019034354694,308.5,,511.63215637207,,,,,,,,,,,,,,,,,,,,
1984,32492.4955,,,,,,Frage 1,,,,,,1.0,351.0,-1.0,249.0,-1.0,0.9278004383446748,0.9164934703191456,32509.95000000007,511.26419067382807,511.8828125,0.7008737921714782,0.3000832200050354,0.5327445864677429,0.3125883042812347,0.0,0.0,1.0,0.15158371040723978,0.29044420849637403,300.0,,511.573501586914,,,,,,,,,,,,,,,,,,,,
1985,32509.1488,,,,,,Frage 1,,,,,,1.0,358.0,-1.0,268.0,-1.0,0.9277555055192487,0.9181861521485274,32526.60400000005,511.336669921875,511.9527893066406,0.7008158564567565,0.3000165522098541,0.5326446890830993,0.31251922249794,0.0,0.0,1.0,0.15893665158371037,0.29282671510385183,313.0,,511.644729614258,,,,,,,,,,,,,,,,,,,,
1986,32525.803,,,,,,Frage 1,,,,,,1.0,348.0,-1.0,265.0,-1.0,0.9282747292797269,0.920971577943713,32543.25899999996,511.0025024414063,511.6203308105469,0.70095157623291,0.299951821565628,0.5327531099319458,0.3124746978282928,0.0,0.0,1.0,0.1552601809954751,0.29163585572886924,306.5,,511.311416625977,,,,,,,,,,,,,,,,,,,,
1987,32542.4593,,,,,,Frage 1,,,,,,1.0,330.0,-1.0,241.0,-1.0,0.9233795475763733,0.9228303140031925,32559.91399999999,510.9211730957031,511.5394287109375,0.7009916901588439,0.2998076081275939,0.5328102111816406,0.3123537600040435,0.0,0.0,1.0,0.14338235294117646,0.2877875037055885,285.5,,511.23030090332,,,,,,,,,,,,,,,,,,,,
1988,32559.1127,,,,,,Frage 1,,,,,,1.0,330.0,-1.0,235.0,-1.0,0.9229323306702703,0.9246595888282999,32576.56799999997,511.0174255371094,511.6325073242188,0.7009058594703674,0.2999858856201171,0.5327528715133667,0.3125703930854797,0.0,0.0,1.0,0.1416855203619909,0.28723791001376947,282.5,,511.324966430664,,,,,,,,,,,,,,,,,,,,
1989,32575.7682,,,,,,Frage 1,,,,,,1.0,333.0,-1.0,254.0,-1.0,0.9249811064940594,0.926783475997129,32593.223,511.1839904785156,511.7975463867188,0.700856328010559,0.300349473953247,0.5327185988426208,0.3129965662956237,0.0,0.0,1.0,0.1479072398190045,0.2892540182717898,293.5,,511.490768432617,,,,,,,,,,,,,,,,,,,,
1990,32592.4232,,,,,,Frage 1,,,,,,1.0,324.0,-1.0,268.0,-1.0,0.9328304185243061,0.9285443165331301,32609.878000000022,511.3472290039063,511.9589538574218,0.7008187770843505,0.3003545105457305,0.5326725840568542,0.3130632638931274,0.0,0.0,1.0,0.14932126696832576,0.28971260255477244,296.0,,511.653091430664,,,,,,,,,,,,,,,,,,,,
1991,32609.0764,,,,,,Frage 1,,,,,,1.0,313.0,-1.0,253.0,-1.0,0.9258059201493767,0.9284493748861726,32626.532000000007,511.072021484375,511.6775817871094,0.7007917761802673,0.3001544475555419,0.5326095223426818,0.3129175007343292,0.0,0.0,1.0,0.14196832579185514,0.28733002740063274,283.0,,511.374801635742,,,,,,,,,,,,,,,,,,,,
1992,32625.7329,,,,,,Frage 1,,,,,,1.0,313.0,-1.0,247.0,-1.0,0.9318543777053307,0.9293867777980137,32643.187000000034,510.7452392578125,511.34573364257807,0.7008001208305358,0.2999724745750427,0.5325871109962463,0.3127954304218292,0.0,0.0,1.0,0.3379820262752145,0.3508382110672314,280.0,,511.045486450195,,,,,,,,,,,,,,,,,,,,
1993,32642.3862,,,,,,Frage 1,,,,,,1.0,309.0,-1.0,253.0,-1.0,0.932760523018088,0.927661956440226,32659.842000000062,510.3117065429688,510.9051208496094,0.7007795572280883,0.2998460829257965,0.5325394868850708,0.3127247989177703,0.0,0.0,1.0,0.14083710407239813,0.286963663709061,281.0,,510.608413696289,,,,,,,,,,,,,,,,,,,,
1994,32659.0424,,,,,,Frage 1,,,,,,1.0,306.0,-1.0,256.0,-1.0,0.9323686089296502,0.926620100061065,32676.49699999997,509.9830322265625,510.5677490234375,0.7006998062133789,0.299709677696228,0.5324435234069824,0.3126502633094787,0.0,0.0,1.0,0.14083710407239813,0.2869635424249397,281.0,,510.275390625,,,,,,,,,,,,,,,,,,,,
1995,32675.6964,,,,,,Frage 1,,,,,,1.0,304.0,-1.0,257.0,-1.0,0.9323386537126995,0.9262879916008698,32693.15100000007,509.84173583984375,510.4206237792969,0.7006316184997557,0.2998641431331634,0.53235524892807,0.3128549754619598,0.0,0.0,1.0,0.14055429864253388,0.2868718787545597,280.5,,510.13117980957,,,,,,,,,,,,,,,,,,,,
1996,32692.3498,,,,,,Frage 1,,,,,,1.0,352.0,-1.0,299.0,-1.0,0.9341759070190067,0.9290278863974802,32709.805999999982,511.00735473632807,511.56488037109375,0.6998795866966246,0.3005012869834899,0.5316866040229797,0.3135532438755035,0.0,0.0,1.0,0.1660067873303167,0.295118758948176,325.5,,511.286117553711,,,,,,,,,,,,,,,,,,,,
1997,32709.0064,,,,,,Frage 1,,,,,,1.0,395.0,-1.0,337.0,-1.0,0.9435718600691966,0.9354101036892233,32726.46100000001,511.2555541992188,511.8025207519531,0.699544072151184,0.3012274503707885,0.5313574075698853,0.314252883195877,0.0,0.0,1.0,0.18891402714932123,0.3025416150692758,366.0,,511.529037475586,,,,,,,,,,,,,,,,,,,,
1998,32725.6601,,,,,,Frage 1,,,,,,1.0,452.0,-1.0,360.0,-1.0,0.940309237689654,0.9267245535283845,32743.11499999999,510.4674072265625,511.01077270507807,0.6995659470558167,0.3015355765819549,0.5313896536827087,0.3144766390323638,0.0,0.0,1.0,0.21153846153846148,0.30987085698768535,406.0,,510.73908996582,,,,,,,,,,,,,,,,,,,,
1999,32742.3153,,,,,,Frage 1,,,,,,1.0,452.0,-1.0,363.0,-1.0,0.940309237689654,0.9260683714900957,32759.77000000001,510.72604370117193,511.2698974609375,0.6995103359222412,0.3014397621154785,0.5313479304313659,0.3143637478351593,0.0,0.0,1.0,0.21238687782805424,0.31014567327407583,407.5,,510.997970581055,,,,,,,,,,,,,,,,,,,,
2000,32758.9703,,,,,,Frage 1,,,,,,1.0,452.0,-1.0,365.0,-1.0,0.9400820772944449,0.9300964279855917,32776.42500000005,510.92721557617193,511.4700927734375,0.6994496583938598,0.3011283576488494,0.5313045382499694,0.3140552937984466,0.0,0.0,1.0,0.21295248868778274,0.31032934068718443,408.5,,511.198654174805,,,,,,,,,,,,,,,,,,,,
2001,32775.6238,,,,,,Frage 1,,,,,,1.0,452.0,-1.0,355.0,-1.0,0.9235183103666041,0.925200604223134,32793.07900000003,510.9655456542969,511.5074462890625,0.6994251012802124,0.3006346821784973,0.531271755695343,0.313541442155838,0.0,0.0,1.0,0.21012443438914022,0.30941200059910484,403.5,,511.23649597168,,,,,,,,,,,,,,,,,,,,
2002,32792.278,,,,,,Frage 1,,,,,,1.0,454.0,-1.0,352.0,-1.0,0.9404240660212982,0.9256184180924119,32809.734000000055,511.3396606445313,511.8741149902344,0.6991918683052063,0.3001109957695007,0.5310608148574829,0.3130302131175994,0.0,0.0,1.0,0.20984162895927597,0.3093209768744833,403.0,,511.606887817383,,,,,,,,,,,,,,,,,,,,
2003,32808.9344,,,,,,Frage 1,,,,,,1.0,454.0,-1.0,360.0,-1.0,0.9404240660212982,0.9244881780101346,32826.38899999997,511.3542175292969,511.8811645507813,0.699039876461029,0.2997396886348724,0.5309175848960876,0.3126821219921112,0.0,0.0,1.0,0.21210407239818999,0.31005388469672734,407.0,,511.617691040039,,,,,,,,,,,,,,,,,,,,
2004,32825.5887,,,,,,Frage 1,,,,,,1.0,446.0,-1.0,362.0,-1.0,0.9448100090364904,0.9250720461095101,32843.04300000006,511.734130859375,512.2477416992188,0.6986772418022155,0.2991962432861328,0.5305757522583007,0.3121606111526489,0.0,0.0,1.0,0.21040723981900447,0.30950432195892785,404.0,,511.990936279297,,,,,,,,,,,,,,,,,,,,
2005,32842.2421,,,,,,Frage 1,,,,,,1.0,446.0,-1.0,362.0,-1.0,0.9448100090364904,0.9347870993579787,32859.697999999975,511.2354736328125,511.73190307617193,0.6984148621559143,0.2990735173225402,0.5303156375885009,0.3120675981044769,0.0,0.0,1.0,0.21040723981900447,0.30950533162961824,404.0,,511.483688354492,,,,,,,,,,,,,,,,,,,,
2006,32858.8979,,,,,,Frage 1,,,,,,1.0,443.0,-1.0,365.0,-1.0,0.9452917887757802,0.9189173264197636,32876.353,510.1346435546875,510.6238708496094,0.6985166668891906,0.2993227243423461,0.5304036736488342,0.3123758435249328,0.0,0.0,1.0,0.21040723981900447,0.309503698296027,404.0,,510.379257202149,,,,,,,,,,,,,,,,,,,,
2007,32875.5514,,,,,,Frage 1,,,,,,1.0,443.0,-1.0,357.0,-1.0,0.9452917887757802,0.9261567551932122,32893.00699999998,509.803955078125,510.28433227539057,0.6983681321144104,0.2993496358394622,0.5302339792251586,0.3123627007007598,0.0,0.0,1.0,0.20814479638009045,0.3087714253924607,400.0,,510.044143676758,,,,,,,,,,,,,,,,,,,,
2008,32892.2074,,,,,,Frage 1,,,,,,1.0,434.0,-1.0,374.0,-1.0,0.9237401221366803,0.9254309375100436,32909.66200000001,510.1467895507813,510.607177734375,0.6978810429573059,0.2993449568748474,0.5298399925231932,0.3124854862689971,0.0,0.0,1.0,0.21040723981900447,0.3095036600588595,404.0,,510.376983642578,,,,,,,,,,,,,,,,,,,,
2009,32908.8628,,,,,,Frage 1,,,,,,1.0,435.0,-1.0,386.0,-1.0,0.9321664112152332,0.9248711740569726,32926.31700000004,510.9990234375,511.44827270507807,0.6974580287933348,0.2992278635501861,0.5295271873474121,0.3124501705169677,0.0,0.0,1.0,0.21408371040723975,0.31069504759822186,410.5,,511.223648071289,,,,,,,,,,,,,,,,,,,,
2010,32925.5159,,,,,,Frage 1,,,,,,1.0,445.0,-1.0,378.0,-1.0,0.9247102094677444,0.9264352977727308,32942.97200000007,511.81549072265625,512.25732421875,0.6971154808998107,0.2995153963565826,0.5292052626609802,0.3127623200416564,0.0,0.0,1.0,0.21464932126696826,0.3108782190445583,411.5,,512.036407470703,,,,,,,,,,,,,,,,,,,,
2011,32942.1714,,,,,,Frage 1,,,,,,1.0,450.0,-1.0,373.0,-1.0,0.9370840593312997,0.9268986426405836,32959.62600000005,512.0453491210938,512.4732666015625,0.6968153715133667,0.299460619688034,0.5288636684417723,0.3127836287021637,0.0,0.0,1.0,0.21464932126696826,0.31087867782250245,411.5,,512.259307861328,,,,,,,,,,,,,,,,,,,,
2012,32958.8256,,,,,,Frage 1,,,,,,1.0,447.0,-1.0,386.0,-1.0,0.7162163890272601,0.7176857910739021,32976.281000000075,511.79443359375,512.2130737304688,0.6967580318450927,0.2991566956043243,0.5287773013114929,0.3126110732555389,0.0,0.0,1.0,0.2174773755656108,0.31176588681712436,416.5,,512.003753662109,,,,,,,,,,,,,,,,,,,,
2013,32975.4808,,,,,,Frage 1,,,,,,1.0,438.0,-1.0,381.0,-1.0,0.9414425433976206,0.9279404990197445,32992.93599999999,511.9429626464844,512.3567504882812,0.6966426968574523,0.2985789775848388,0.5286560654640197,0.3120412826538085,0.0,0.0,1.0,0.3383026677107046,0.3509422658584344,409.5,,512.149856567383,,,,,,,,,,,,,,,,,,,,
2014,32992.1362,,,,,,Frage 1,,,,,,1.0,431.0,-1.0,389.0,-1.0,0.9421290171194066,0.9264594024190351,33009.58999999997,511.05615234375,511.4680480957031,0.6969476342201232,0.2985662519931793,0.5289077758789062,0.3122615218162536,0.0,0.0,1.0,0.2138009049773755,0.31060391510624963,410.0,,511.262100219727,,,,,,,,,,,,,,,,,,,,
2015,33008.7898,,,,,,Frage 1,,,,,,1.0,421.0,-1.0,386.0,-1.0,0.9387041373147146,0.9254148677458406,33026.244999999995,510.8772277832031,511.29302978515625,0.697174847126007,0.2982887327671051,0.5291057229042053,0.31211519241333,0.0,0.0,1.0,0.21012443438914022,0.3094125268051841,403.5,,511.08512878418,,,,,,,,,,,,,,,,,,,,
2016,33025.4456,,,,,,Frage 1,,,,,,1.0,416.0,-1.0,381.0,-1.0,0.9381050329757015,0.92510686393195,33042.90000000002,509.8923034667969,510.3234252929688,0.6977849602699279,0.2980509996414184,0.5296502113342285,0.3119142651557922,0.0,0.0,1.0,0.2072963800904977,0.3084961933057156,398.5,,510.107864379883,,,,,,,,,,,,,,,,,,,,
2017,33042.0986,,,,,,Frage 1,,,,,,1.0,427.0,-1.0,394.0,-1.0,0.9449597851212438,0.9241801741962439,33059.554000000004,509.9024658203125,510.3548278808594,0.698293924331665,0.298006534576416,0.5300850868225097,0.3118635118007659,0.0,0.0,1.0,0.21408371040723975,0.3106954003286801,410.5,,510.128646850586,,,,,,,,,,,,,,,,,,,,
2018,33058.7542,,,,,,Frage 1,,,,,,1.0,442.0,-1.0,391.0,-1.0,0.9458659304340011,0.9243997943070181,33076.20900000003,510.11566162109375,510.5858459472656,0.6986396312713623,0.2980643808841705,0.5303558707237243,0.3118499219417572,0.0,0.0,1.0,0.2174773755656108,0.31179499115323905,416.5,,510.35075378418,,,,,,,,,,,,,,,,,,,,
2019,33075.4098,,,,,,Frage 1,,,,,,1.0,437.0,-1.0,401.0,-1.0,0.9339113026026092,0.9265183248877795,33092.86400000006,509.2442321777344,509.7269287109375,0.6990662813186646,0.2982692718505859,0.5307076573371887,0.3119504451751709,0.0,0.0,1.0,0.33845515203385945,0.3509912726218112,419.0,,509.485580444336,,,,,,,,,,,,,,,,,,,,
2020,33092.0628,,,,,,Frage 1,,,,,,1.0,471.0,-1.0,445.0,-1.0,0.9279427256251903,0.9272387859828803,33109.51800000004,508.35110473632807,508.84417724609375,0.6994612216949462,0.2983701229095459,0.5310588479042053,0.3119749128818512,0.0,0.0,1.0,0.24095022624434384,0.3193998287742379,458.0,,508.597640991211,,,,,,,,,,,,,,,,,,,,
2021,33108.718,,,,,,Frage 1,,,,,,1.0,477.0,-1.0,449.0,-1.0,0.9299721915735977,0.9284225919458342,33126.17300000007,508.1774291992188,508.69046020507807,0.699899911880493,0.2984393835067749,0.5314637422561646,0.3119365572929382,0.0,0.0,1.0,0.24377828054298636,0.32031630076069445,463.0,,508.433944702149,,,,,,,,,,,,,,,,,,,,
2022,33125.3722,,,,,,Frage 1,,,,,,1.0,473.0,-1.0,455.0,-1.0,0.9309207734437017,0.918796696692277,33142.82799999998,507.993408203125,508.5236511230469,0.700291097164154,0.2983843088150024,0.5318069458007812,0.3117799460887908,0.0,0.0,1.0,0.24434389140271487,0.32049858815611254,464.0,,508.258529663086,,,,,,,,,,,,,,,,,,,,
2023,33142.0278,,,,,,Frage 1,,,,,,1.0,479.0,-1.0,455.0,-1.0,0.9350396157744173,0.9286877430551835,33159.48199999996,507.7021179199218,508.24945068359375,0.7007160186767578,0.2980401217937469,0.5321700572967529,0.3113323748111724,0.0,0.0,1.0,0.24604072398190038,0.3210495217650677,467.0,,507.975784301758,,,,,,,,,,,,,,,,,,,,
2024,33158.6822,,,,,,Frage 1,,,,,,1.0,487.0,-1.0,455.0,-1.0,0.938134988192652,0.9291296615707658,33176.13699999999,507.54986572265625,508.1109313964844,0.7010396718978881,0.2976744771003723,0.5324241518974304,0.3108656704425811,0.0,0.0,1.0,0.2483031674208144,0.32178269569854645,471.0,,507.83039855957,,,,,,,,,,,,,,,,,,,,
2025,33175.3362,,,,,,Frage 1,,,,,,1.0,491.0,-1.0,449.0,-1.0,0.938372133660178,0.9277074874388009,33192.792000000016,506.862548828125,507.43460083007807,0.7014155387878418,0.2974015772342681,0.5327199101448059,0.3104876577854156,0.0,0.0,1.0,0.2477375565610859,0.3215992994421759,470.0,,507.148574829102,,,,,,,,,,,,,,,,,,,,
2026,33191.9924,,,,,,Frage 1,,,,,,1.0,488.0,-1.0,449.0,-1.0,0.9392083834667173,0.9264335891942067,33209.447000000044,506.1942443847656,506.7765502929688,0.7017617225646972,0.2972793877124786,0.5330008864402771,0.3102658092975616,0.0,0.0,1.0,0.24688914027149314,0.32132431031622843,468.5,,506.485397338867,,,,,,,,,,,,,,,,,,,,
2027,33208.6455,,,,,,Frage 1,,,,,,1.0,497.0,-1.0,458.0,-1.0,0.9411080434750049,0.9296894250238368,33226.101000000024,505.6594848632813,506.25296020507807,0.7021195888519287,0.2973886430263519,0.533308982849121,0.3103238940238952,0.0,0.0,1.0,0.25197963800904977,0.32297401862438974,477.5,,505.95622253418,,,,,,,,,,,,,,,,,,,,
2028,33223.4992,,,,,,Frage 1,1.0,0.84132307767868,29.4092653754323,0.191979587078094,202.6875,,,,,,0.6585048574425887,0.6495113533451946,,,,,,,,,,,0.37959439571535225,0.3642823432120883,,,,,,,,,,,,,,,,,,,,,,,
2029,33225.3014,,,,,,Frage 1,,,,,,1.0,495.0,-1.0,458.0,-1.0,0.9418144873414246,0.928523895575325,33242.756000000045,505.7643432617188,506.36087036132807,0.7021283507347106,0.2976981699466705,0.5332849025726318,0.3105666041374206,0.0,0.0,1.0,0.25141402714932126,0.3227906646142643,476.5,,506.062606811523,,,,,,,,,,,,,,,,,,,,
2030,33241.9564,,,,,,Frage 1,,,,,,1.0,491.0,-1.0,459.0,-1.0,0.9358608879724811,0.9267272318224183,33259.410999999964,505.5239868164063,506.12551879882807,0.7022598385810852,0.2981034815311431,0.5333709716796875,0.3109043538570404,0.0,0.0,1.0,0.2505656108597285,0.3225153958385895,475.0,,505.824752807617,,,,,,,,,,,,,,,,,,,,
2031,33258.6096,,,,,,Frage 1,,,,,,1.0,488.0,-1.0,458.0,-1.0,0.9375059286366882,0.924608473521028,33276.06500000006,505.90576171875,506.5028991699218,0.702048122882843,0.2984872162342071,0.5331488251686096,0.3112565577030181,0.0,0.0,1.0,0.24943438914027144,0.32214871758635516,473.0,,506.204330444336,,,,,,,,,,,,,,,,,,,,
2032,33275.2649,,,,,,Frage 1,,,,,,1.0,481.0,-1.0,452.0,-1.0,0.9413926180360361,0.9266442047073695,33292.719999999965,505.6347351074218,506.2252197265625,0.7019440531730651,0.2987444102764129,0.533014953136444,0.311492383480072,0.0,0.0,1.0,0.24575791855203613,0.3209578920452871,466.5,,505.929977416992,,,,,,,,,,,,,,,,,,,,
2033,33291.9197,,,,,,Frage 1,,,,,,1.0,479.0,-1.0,448.0,-1.0,0.9419417970134649,0.9275816076192108,33309.375,505.71771240234375,506.2974548339844,0.7016772031784057,0.2987532615661621,0.532727539539337,0.3114840686321258,0.0,0.0,1.0,0.24406108597285062,0.3204082387277349,463.5,,506.007583618164,,,,,,,,,,,,,,,,,,,,
2034,33308.5771,,,,,,Frage 1,,,,,,1.0,475.0,-1.0,448.0,-1.0,0.9393506707472329,0.9289903902810067,33326.02899999998,505.4966735839844,506.0626220703125,0.7014461755752563,0.2985625863075256,0.5324563980102539,0.3113183677196502,0.0,0.0,1.0,0.2429298642533936,0.3200417865112853,461.5,,505.779647827148,,,,,,,,,,,,,,,,,,,,
2035,33325.23,,,,,,Frage 1,,,,,,1.0,477.0,-1.0,451.0,-1.0,0.9265393411809607,0.9283074253023794,33342.68400000001,505.4041442871094,505.9554443359375,0.7011686563491821,0.2983974814414978,0.5321654677391052,0.3111984729766845,0.0,0.0,1.0,0.24434389140271487,0.32049943119488344,464.0,,505.679794311523,,,,,,,,,,,,,,,,,,,,
2036,33341.8833,,,,,,Frage 1,,,,,,1.0,489.0,-1.0,449.0,-1.0,0.9489163700268098,0.9287654135821647,33359.33900000004,505.53948974609375,506.0774230957031,0.7008448243141174,0.2980520725250244,0.5318399667739868,0.3108536303043365,0.0,0.0,1.0,0.2471719457013574,0.32141650297717117,469.0,,505.808456420898,,,,,,,,,,,,,,,,,,,,
2037,33358.5381,,,,,,Frage 1,,,,,,1.0,492.0,-1.0,443.0,-1.0,0.9491135752050684,0.9295367622639084,33375.99300000002,505.2044067382813,505.73245239257807,0.7007638216018676,0.2980444431304931,0.5317217111587524,0.3109410405158996,0.0,0.0,1.0,0.24632352941176464,0.3211417052040808,467.5,,505.46842956543,,,,,,,,,,,,,,,,,,,,
2038,33375.1922,,,,,,Frage 1,,,,,,1.0,525.0,-1.0,519.0,-1.0,0.9411330061557971,0.9335622381967581,33392.648000000045,502.55679321289057,503.04583740234375,0.7005680799484252,0.2981465458869934,0.5313504934310913,0.3111388087272644,0.0,0.0,1.0,0.2771493212669683,0.33112932825926444,522.0,,502.801315307617,,,,,,,,,,,,,,,,,,,,
2039,33391.8474,,,,,,Frage 1,,,,,,1.0,583.0,-1.0,666.0,-1.0,0.9271863563971863,0.9413507172471423,33409.30300000007,502.7127685546875,503.1711120605469,0.6998376846313475,0.3038327693939209,0.5304034948348999,0.3170044422149658,0.0,0.0,1.0,0.33512443438914025,0.34991344785118167,624.5,,502.941940307617,,,,,,,,,,,,,,,,,,,,
2040,33408.5023,,,,,,Frage 1,,,,,,1.0,-1.0,-1.0,-1.0,-1.0,0.0,0.0,33425.95700000005,-1.0,-1.0,-1.0,-1.0,-1.0,-1.0,4.0,4.0,1.0,0.4759322966953752,0.3954061960765668,983.5,,502.975273132324,,,,,,,,,,,,,,,,,,,,
2041,33425.1558,,,,,,Frage 1,,,,,,1.0,1342.0,-1.0,1343.0,-1.0,0.966684806214709,0.9268531116420085,33442.611999999965,502.8268737792969,503.1903381347656,0.6976647973060607,0.3066596686840057,0.5279714465141296,0.3198590278625488,0.0,0.0,1.0,0.7412330316742081,0.48149129078787817,1342.5,,503.008605957031,,,,,,,,,,,,,,,,,,,,
2042,33441.8124,,,,,,Frage 1,,,,,,1.0,1356.0,-1.0,1353.0,-1.0,0.9665175562534013,0.9274959022101282,33459.26699999999,504.8913269042969,505.0164489746094,0.6917620301246643,0.2982645630836486,0.5224413275718689,0.3112364113330841,0.0,0.0,1.0,0.7480203619909501,0.4836904279010978,1354.5,,504.953887939453,,,,,,,,,,,,,,,,,,,,
2043,33458.4664,,,,,,Frage 1,,,,,,1.0,1364.0,-1.0,1343.0,-1.0,0.9679229551820029,0.9299786807794906,33475.92200000002,505.9618835449218,506.0398864746094,0.690362274646759,0.2980875968933105,0.5212140679359436,0.3109928965568542,0.0,0.0,1.0,0.7474547511312216,0.48350747624872387,1353.5,,506.000885009766,,,,,,,,,,,,,,,,,,,,
2044,33475.1213,,,,,,Frage 1,,,,,,1.0,1362.0,-1.0,1335.0,-1.0,0.9696803279097749,0.9298367311956975,33492.576,506.60638427734375,506.627197265625,0.6888315677642822,0.2978397607803344,0.5197829008102417,0.3106397986412048,0.0,0.0,1.0,0.7446266968325791,0.48259123820614064,1348.5,,506.616790771484,,,,,,,,,,,,,,,,,,,,
2045,33491.7765,,,,,,Frage 1,,,,,,1.0,1352.0,-1.0,1335.0,-1.0,0.9713777902036456,0.9309883976302454,33509.23100000003,506.49270629882807,506.4669799804688,0.6877402067184448,0.297496348619461,0.5187574028968811,0.3102454543113708,0.0,0.0,1.0,0.7417986425339366,0.4816751326189872,1343.5,,506.479843139648,,,,,,,,,,,,,,,,,,,,
2046,33508.4298,,,,,,Frage 1,,,,,,1.0,1353.0,-1.0,1333.0,-1.0,0.9719294654491535,0.932225769473876,33525.88600000006,507.6419067382813,507.56939697265625,0.6863864660263062,0.2972833216190338,0.5174829959869384,0.3099710345268249,0.0,0.0,1.0,0.7415158371040722,0.4815836513635715,1343.0,,507.605651855469,,,,,,,,,,,,,,,,,,,,
2047,33525.0855,,,,,,Frage 1,,,,,,1.0,1347.0,-1.0,1320.0,-1.0,0.9737018157854008,0.9317597463119891,33542.54000000004,507.7518310546875,507.649169921875,0.6856178641319274,0.2972582280635833,0.5167658329010009,0.309885561466217,0.0,0.0,1.0,0.7361425339366514,0.47984272669037165,1333.5,,507.700500488281,,,,,,,,,,,,,,,,,,,,
2048,33541.7395,,,,,,Frage 1,,,,,,1.0,1333.0,-1.0,1321.0,-1.0,0.9728206331534356,0.9317436765477861,33559.195000000065,508.8160400390625,508.6812133789063,0.6845895051956176,0.2974480390548706,0.515833556652069,0.3099987804889679,0.0,0.0,1.0,0.7324660633484161,0.4786515296880739,1327.0,,508.748626708984,,,,,,,,,,,,,,,,,,,,
2049,33558.395,,,,,,Frage 1,,,,,,1.0,1340.0,-1.0,1334.0,-1.0,0.9751771102202208,0.933120319681176,33575.84999999998,509.3553466796875,509.1954345703125,0.6838361024856567,0.2977840602397918,0.5151435732841491,0.3102678954601287,0.0,0.0,1.0,0.7381221719457012,0.4804843141755572,1337.0,,509.275390625,,,,,,,,,,,,,,,,,,,,
2050,33575.0499,,,,,,Frage 1,,,,,,1.0,1403.0,-1.0,1397.0,-1.0,0.978255008761901,0.9365646058086841,33592.50400000007,507.74069213867193,507.5334167480469,0.6829356551170349,0.2982125878334045,0.5142722725868225,0.3105469942092895,0.0,0.0,1.0,0.7737556561085972,0.4920299225346904,1400.0,,507.637054443359,,,,,,,,,,,,,,,,,,,,
2051,33591.7035,,,,,,Frage 1,,,,,,1.0,1524.0,-1.0,1501.0,-1.0,0.9783873109700997,0.9361708965857107,33609.158999999985,506.3971557617188,506.14654541015625,0.6820732951164244,0.2983800768852233,0.5134395360946655,0.3105556666851043,0.0,0.0,1.0,0.8373868778280542,0.5126462221867956,1512.5,,506.271850585938,,,,,,,,,,,,,,,,,,,,
2052,33608.3594,,,,,,Frage 1,,,,,,1.0,1536.0,-1.0,1509.0,-1.0,0.9763204010005043,0.9328792732181309,33625.81400000001,507.79345703125,507.51409912109375,0.6809975504875183,0.298562467098236,0.5124770402908325,0.3105669021606445,0.0,0.0,1.0,0.8430429864253393,0.5144783747194203,1522.5,,507.653778076172,,,,,,,,,,,,,,,,,,,,
2053,33625.0122,,,,,,Frage 1,,,,,,1.0,1540.0,-1.0,1515.0,-1.0,0.9737891851681736,0.9333051219695102,33642.46799999999,508.2679748535156,507.97463989257807,0.6804620027542114,0.2985463142395019,0.5120120644569397,0.3103914558887481,0.0,0.0,1.0,0.8458710407239819,0.5153946165874153,1527.5,,508.121307373047,,,,,,,,,,,,,,,,,,,,
2054,33641.668,,,,,,Frage 1,,,,,,1.0,1541.0,-1.0,1509.0,-1.0,0.9736468978876579,0.9331845987379879,33659.12300000002,508.35650634765625,508.0363159179688,0.6797313094139099,0.2984073460102081,0.5113255977630615,0.3101171553134918,0.0,0.0,1.0,0.8444570135746605,0.514936458535866,1525.0,,508.196411132813,,,,,,,,,,,,,,,,,,,,
2055,33658.3236,,,,,,Frage 1,,,,,,1.0,1534.0,-1.0,1489.0,-1.0,0.9720517825850353,0.9082535144754869,33675.77800000005,508.68072509765625,508.3321533203125,0.678926944732666,0.2982980012893676,0.5105729103088378,0.3098805248737335,0.0,0.0,1.0,0.8368212669683257,0.5124598542112124,1511.5,,508.506439208984,,,,,,,,,,,,,,,,,,,,
2056,33674.9766,,,,,,Frage 1,,,,,,1.0,1527.0,-1.0,1495.0,-1.0,0.9705315553247895,0.9311383820961401,33692.43200000003,509.12548828125,508.74810791015625,0.6780882477760314,0.2983442246913909,0.5098018646240234,0.3098178207874298,0.0,0.0,1.0,0.8365384615384615,0.5123705539914848,1511.0,,508.936798095703,,,,,,,,,,,,,,,,,,,,
2057,33691.6328,,,,,,Frage 1,,,,,,1.0,1523.0,-1.0,1510.0,-1.0,0.9689539138987215,0.9050831162636441,33709.08700000006,509.4196166992188,509.0158081054688,0.6773713827133178,0.298558086156845,0.5091729760169982,0.3100121915340423,0.0,0.0,1.0,0.8396493212669682,0.5133757035224988,1516.5,,509.217712402344,,,,,,,,,,,,,,,,,,,,
2058,33708.2864,,,,,,Frage 1,,,,,,1.0,1523.0,-1.0,1503.0,-1.0,0.9683373356831537,0.9308946573390613,33725.74199999997,510.0858459472656,509.6530456542969,0.6765510439872741,0.2989160418510437,0.5084420442581176,0.3103908896446228,0.0,0.0,1.0,0.8376696832579185,0.5127369684900808,1513.0,,509.869445800781,,,,,,,,,,,,,,,,,,,,
2059,33724.9427,,,,,,Frage 1,,,,,,1.0,1526.0,-1.0,1487.0,-1.0,0.966862041248334,0.9292850026247281,33742.397,510.1890869140625,509.73681640625,0.6760791540145874,0.2992608547210693,0.508007824420929,0.3107652068138122,0.0,0.0,1.0,0.8339932126696832,0.5115455861534692,1506.5,,509.962951660156,,,,,,,,,,,,,,,,,,,,
2060,33741.5965,,,,,,Frage 1,,,,,,1.0,1477.0,-1.0,1445.0,-1.0,0.9658909929655166,0.9301688396558929,33759.05099999998,514.460693359375,514.0062866210938,0.675276756286621,0.2997640073299408,0.5072801709175109,0.3113073408603668,0.0,0.0,1.0,0.8082579185520361,0.5032074831527912,1461.0,,514.233489990234,,,,,,,,,,,,,,,,,,,,
2061,33758.2502,,,,,,Frage 1,,,,,,1.0,1103.0,-1.0,1151.0,-1.0,0.9654541460516528,0.9347380092776105,33775.706000000006,509.9870910644531,509.6543884277344,0.6789567470550537,0.3002609312534332,0.5110047459602356,0.3121026456356048,0.0,0.0,1.0,0.6193438914027148,0.4420003321106856,1127.0,,509.820739746094,,,,,,,,,,,,,,,,,,,,
2062,33774.9076,,,,,,Frage 1,,,,,,1.0,955.0,-1.0,1011.0,-1.0,0.9660832056076167,0.9275749294788118,33792.36100000003,510.16549682617193,509.7189636230469,0.6763239502906799,0.3051673769950866,0.5083444118499755,0.317230224609375,0.0,0.0,1.0,0.5378959276018098,0.4156106982284101,983.0,,509.942230224609,,,,,,,,,,,,,,,,,,,,
2063,33791.5608,,,,,,Frage 1,,,,,,1.0,543.0,-1.0,532.0,-1.0,0.9216486323794639,0.9231811705216245,33809.015000000014,510.1858215332031,509.8045349121094,0.6782228350639343,0.307009607553482,0.510072648525238,0.3197291195392608,0.0,0.0,1.0,0.2859162895927601,0.33396807577117554,537.5,,509.995178222656,,,,,,,,,,,,,,,,,,,,
2064,33808.2149,,,,,,Frage 1,,,,,,1.0,550.0,-1.0,551.0,-1.0,0.9182429237032645,0.9195868999282217,33825.67000000004,510.1082153320313,509.8021240234375,0.6802687644958496,0.3055521547794342,0.5118257999420166,0.3184818029403686,0.0,0.0,1.0,0.33940029284635037,0.3512962552527178,550.5,,509.955169677734,,,,,,,,,,,,,,,,,,,,
2065,33824.8702,,,,,,Frage 1,,,,,,1.0,567.0,-1.0,554.0,-1.0,0.9403941108043475,0.9232091399965632,33842.32500000007,509.2531433105469,509.1258850097656,0.6845877170562744,0.3004302382469177,0.5162879824638366,0.3133407533168792,0.0,0.0,1.0,0.2989253393665158,0.33818359613882665,560.5,,509.189514160156,,,,,,,,,,,,,,,,,,,,
2066,33841.5231,,,,,,Frage 1,,,,,,1.0,574.0,-1.0,558.0,-1.0,0.938112521779939,0.9097254212956515,33858.97900000005,509.15576171875,509.07757568359375,0.6856131553649902,0.300398975610733,0.5174289345741272,0.3132088184356689,0.0,0.0,1.0,0.30203619909502255,0.3391900288512595,566.0,,509.116668701172,,,,,,,,,,,,,,,,,,,,
2067,33858.1795,,,,,,Frage 1,,,,,,1.0,585.0,-1.0,563.0,-1.0,0.9337765041263312,0.905247313671084,33875.63399999996,509.04049682617193,509.0046691894531,0.6865212321281433,0.3004778921604156,0.5183945894241333,0.3132028579711914,0.0,0.0,1.0,0.30656108597285064,0.3406554701314045,574.0,,509.022583007813,,,,,,,,,,,,,,,,,,,,
2068,33874.8349,,,,,,Frage 1,,,,,,1.0,587.0,-1.0,570.0,-1.0,0.9325083999420866,0.9065623560416957,33892.28899999999,508.63577270507807,508.64453125,0.6875486969947814,0.3007248044013977,0.5194537043571472,0.3133732080459594,0.0,0.0,1.0,0.30910633484162886,0.3414802181671962,578.5,,508.640151977539,,,,,,,,,,,,,,,,,,,,
2069,33891.4875,,,,,,Frage 1,,,,,,1.0,582.0,-1.0,569.0,-1.0,0.9291109790862659,0.9118135824136174,33908.94299999997,509.2391357421875,509.2763671875,0.6880045533180236,0.3008511960506439,0.5199422240257263,0.3133995234966278,0.0,0.0,1.0,0.3074095022624434,0.3409308822117856,575.5,,509.257751464844,,,,,,,,,,,,,,,,,,,,
2070,33908.1436,,,,,,Frage 1,,,,,,1.0,575.0,-1.0,563.0,-1.0,0.9284644456537476,0.9031716357948643,33925.598,508.8801879882813,508.9482421875,0.6887268424034118,0.3009355962276458,0.5206634402275085,0.3134009540081024,0.0,0.0,1.0,0.30373303167420806,0.3397387965220185,569.0,,508.914215087891,,,,,,,,,,,,,,,,,,,,
2071,33924.797,,,,,,Frage 1,,,,,,1.0,583.0,-1.0,558.0,-1.0,0.9265098677477172,0.9018110624256773,33942.253000000026,509.2535095214844,509.341552734375,0.6890540719032286,0.3009563684463501,0.5209766626358032,0.3133182525634765,0.0,0.0,1.0,0.3045814479638008,0.34001347473989507,570.5,,509.29753112793,,,,,,,,,,,,,,,,,,,,
2072,33941.4524,,,,,,Frage 1,,,,,,1.0,589.0,-1.0,555.0,-1.0,0.9256561440646234,0.9000701713036864,33958.90700000001,508.6362915039063,508.7437438964844,0.6895732879638671,0.3009412586688995,0.5214698314666748,0.3132097423076629,0.0,0.0,1.0,0.3054298642533936,0.3402881499635082,572.0,,508.690017700195,,,,,,,,,,,,,,,,,,,,
2073,33958.107,,,,,,Frage 1,,,,,,1.0,584.0,-1.0,555.0,-1.0,0.9229377081263511,0.8986453188776877,33975.562000000034,509.06460571289057,509.1752014160156,0.6895115375518798,0.3009522855281829,0.5214267373085022,0.3131522238254547,0.0,0.0,1.0,0.3040158371040724,0.33982977086614136,569.5,,509.119903564453,,,,,,,,,,,,,,,,,,,,
2074,33974.7614,,,,,,Frage 1,,,,,,1.0,584.0,-1.0,552.0,-1.0,0.9202766863539009,0.9000594581275511,33992.21700000006,508.57144165039057,508.6868591308594,0.6896857619285583,0.3010171055793762,0.521602988243103,0.3131674230098724,0.0,0.0,1.0,0.3031674208144796,0.3395549450477252,568.0,,508.629150390625,,,,,,,,,,,,,,,,,,,,
2075,33991.4178,,,,,,Frage 1,,,,,,1.0,541.0,-1.0,518.0,-1.0,0.9176306421899262,0.900139806948566,34008.871999999974,508.9637756347656,509.0702819824218,0.6893780827522277,0.3012890517711639,0.5213716030120848,0.3134634494781494,0.0,0.0,1.0,0.28139140271493207,0.33249949720856314,529.5,,509.017028808594,,,,,,,,,,,,,,,,,,,,
2076,34008.0705,,,,,,Frage 1,,,,,,1.0,524.0,-1.0,495.0,-1.0,0.9158532993175202,0.8972713540383317,34025.52600000007,508.88916015625,508.9873046875,0.6892318129539489,0.301476776599884,0.5212993621826171,0.3137639462947845,0.0,0.0,1.0,0.3429044838422851,0.3524292047217787,509.5,,508.938232421875,,,,,,,,,,,,,,,,,,,,
2077,34024.7267,,,,,,Frage 1,,,,,,1.0,524.0,-1.0,486.0,-1.0,0.9139786019900249,0.8960929046634455,34042.18099999998,509.4998474121094,509.5811462402344,0.6887575387954711,0.3016553223133087,0.5208873152732849,0.3140488564968109,0.0,0.0,1.0,0.26753393665158365,0.3280091755490547,505.0,,509.540496826172,,,,,,,,,,,,,,,,,,,,
2078,34041.3818,,,,,,Frage 1,,,,,,1.0,519.0,-1.0,481.0,-1.0,0.9168493102811297,0.8972278641898676,34058.83600000001,509.3773498535156,509.4398498535156,0.6883897185325621,0.3021541535854339,0.5205722451210022,0.3146763145923614,0.0,0.0,1.0,0.34292092985651584,0.3524345617165049,500.0,,509.408599853516,,,,,,,,,,,,,,,,,,,,
2079,34058.0343,,,,,,Frage 1,,,,,,1.0,532.0,-1.0,503.0,-1.0,0.9156910418923709,0.8979623538990604,34075.48999999999,511.4652099609375,511.4817810058594,0.6869350671768188,0.3026998937129974,0.5192625522613525,0.3153513073921203,0.0,0.0,1.0,0.27460407239819,0.3303001306848923,517.5,,511.473495483399,,,,,,,,,,,,,,,,,,,,
2080,34074.6899,,,,,,Frage 1,,,,,,1.0,537.0,-1.0,606.0,-1.0,0.9134718595699429,0.900284434826393,34092.14500000002,509.3645935058594,509.3196105957031,0.6859171390533447,0.3037520945072174,0.5183417201042175,0.3165184557437896,0.0,0.0,1.0,0.3051470588235293,0.34019613973825635,571.5,,509.342102050781,,,,,,,,,,,,,,,,,,,,
2081,34091.344,,,,,,Frage 1,,,,,,1.0,830.0,-1.0,779.0,-1.0,0.9120265203520737,0.8989720707498153,34108.80000000005,506.7616271972656,506.66842651367193,0.6852524876594543,0.3044241964817047,0.5178123712539672,0.3172532618045806,0.0,0.0,1.0,0.43693438914027144,0.3828946783143498,804.5,,506.715026855469,,,,,,,,,,,,,,,,,,,,
2082,34107.9996,,,,,,Frage 1,,,,,,1.0,846.0,-1.0,782.0,-1.0,0.9089960509038987,0.8978337957854365,34125.45400000003,509.0146179199218,508.8966979980469,0.6842461228370667,0.3042570650577545,0.5170094966888427,0.3172118067741394,0.0,0.0,1.0,0.3427497560198546,0.352378904241756,814.0,,508.955657958984,,,,,,,,,,,,,,,,,,,,
2083,34124.6549,,,,,,Frage 1,,,,,,1.0,850.0,-1.0,769.0,-1.0,0.9074109206735931,0.8972338579218581,34142.109000000055,509.18365478515625,509.0673828125,0.6842793822288513,0.304206371307373,0.5170987248420715,0.3172458112239837,0.0,0.0,1.0,0.4397624434389139,0.3838106261049459,809.5,,509.125518798828,,,,,,,,,,,,,,,,,,,,
2084,34141.3082,,,,,,Frage 1,,,,,,1.0,836.0,-1.0,765.0,-1.0,0.9095352448090105,0.8969392455781365,34158.76399999997,509.6287841796875,509.514892578125,0.6842041015625,0.3045386373996734,0.5170364379882812,0.3175267279148101,0.0,0.0,1.0,0.43467194570135737,0.3821613590871737,800.5,,509.571838378906,,,,,,,,,,,,,,,,,,,,
2085,34157.9636,,,,,,Frage 1,,,,,,1.0,824.0,-1.0,752.0,-1.0,0.9116371025317151,0.898814051401819,34175.41800000006,509.4667053222656,509.3534240722656,0.6843339800834655,0.3043261170387268,0.5171810984611511,0.3174608051776886,0.0,0.0,1.0,0.42760180995475106,0.3798709196626076,788.0,,509.410064697266,,,,,,,,,,,,,,,,,,,,
2086,34174.6177,,,,,,Frage 1,,,,,,1.0,821.0,-1.0,738.0,-1.0,0.9167968886514662,0.8953938699206155,34192.072999999975,510.23089599609375,510.1246337890625,0.684390902519226,0.304327368736267,0.5172582268714904,0.3175394237041473,0.0,0.0,1.0,0.42279411764705876,0.37831305670106374,779.5,,510.177764892578,,,,,,,,,,,,,,,,,,,,
2087,34191.2722,,,,,,Frage 1,,,,,,1.0,822.0,-1.0,745.0,-1.0,0.9214299622065014,0.8981391213052934,34208.728,510.3619384765625,510.2696533203125,0.68471622467041,0.304431676864624,0.5175906419754028,0.3177043199539184,0.0,0.0,1.0,0.4250565610859728,0.37904652104466074,783.5,,510.315795898438,,,,,,,,,,,,,,,,,,,,
2088,34207.9278,,,,,,Frage 1,,,,,,1.0,827.0,-1.0,762.0,-1.0,0.9189087314464877,0.901703930664324,34225.38199999998,510.9909973144531,510.92135620117193,0.6850617527961731,0.304803729057312,0.5179518461227417,0.3180163204669952,0.0,0.0,1.0,0.43127828054298634,0.3810626274009661,794.5,,510.956176757813,,,,,,,,,,,,,,,,,,,,
2089,34224.5811,,,,,,Frage 1,,,,,,1.0,817.0,-1.0,756.0,-1.0,0.9258708231194365,0.9037608604823072,34242.03700000001,511.1736450195313,511.1280517578125,0.6856013536453247,0.3047749996185302,0.5184725522994995,0.3180111646652221,0.0,0.0,1.0,0.4267533936651583,0.37959702163713016,786.5,,511.150848388672,,,,,,,,,,,,,,,,,,,,
2090,34241.2373,,,,,,Frage 1,,,,,,1.0,816.0,-1.0,751.0,-1.0,0.9238288758306332,0.9083380649861263,34258.69200000004,511.3943786621094,511.3739929199218,0.6861183047294616,0.3048841059207916,0.518980860710144,0.3180876076221466,0.0,0.0,1.0,0.4250565610859728,0.37904766061271583,783.5,,511.384185791016,,,,,,,,,,,,,,,,,,,,
2091,34243.1784,,,,,,Frage 1,1.0,0.588765799999237,29.4088780148156,0.191543817520142,202.69140625,,,,,,0.6585048574425887,0.6495113533451946,,,,,,,,,,,0.37959439571535225,0.3642823432120883,,,,,,,,,,,,,,,,,,,,,,,
2092,34257.8913,,,,,,Frage 1,,,,,,1.0,816.0,-1.0,758.0,-1.0,0.9263925431479938,0.9106333629731206,34275.34700000007,511.5147399902344,511.5182800292969,0.6866218447685241,0.3048265874385833,0.519473910331726,0.3179822862148284,0.0,0.0,1.0,0.3408937015803941,0.35177945538171473,787.0,,511.516510009766,,,,,,,,,,,,,,,,,,,,
2093,34274.5467,,,,,,Frage 1,,,,,,1.0,821.0,-1.0,749.0,-1.0,0.9266471624920743,0.9126956493791714,34292.00100000005,511.4907836914063,511.51959228515625,0.6871891021728515,0.3045946657657623,0.5200027823448181,0.31768199801445,0.0,0.0,1.0,0.42590497737556554,0.3793230914963785,785.0,,511.505187988281,,,,,,,,,,,,,,,,,,,,
2094,34291.2011,,,,,,Frage 1,,,,,,1.0,817.0,-1.0,756.0,-1.0,0.9275083749794057,0.9145945598491585,34308.656000000075,511.6184997558594,511.6675720214844,0.6876096129417419,0.3043227195739746,0.5204251408576965,0.3173653483390808,0.0,0.0,1.0,0.4267533936651583,0.37959820190877086,786.5,,511.643035888672,,,,,,,,,,,,,,,,,,,,
2095,34307.8548,,,,,,Frage 1,,,,,,1.0,812.0,-1.0,755.0,-1.0,0.9312527770982382,0.9126286920283255,34325.31099999999,511.69635009765625,511.7644653320313,0.6880580186843872,0.3038648664951324,0.5208587050437927,0.3169170022010803,0.0,0.0,1.0,0.4250565610859728,0.37904835289142025,783.5,,511.730407714844,,,,,,,,,,,,,,,,,,,,
2096,34324.5107,,,,,,Frage 1,,,,,,1.0,823.0,-1.0,753.0,-1.0,0.9145122756306958,0.9156203464641164,34341.96499999997,511.7151794433594,511.80130004882807,0.6885027289390564,0.3034960627555847,0.5212785601615905,0.3165724873542785,0.0,0.0,1.0,0.42760180995475106,0.3798727617271858,788.0,,511.758239746094,,,,,,,,,,,,,,,,,,,,
2097,34341.1644,,,,,,Frage 1,,,,,,1.0,812.0,-1.0,759.0,-1.0,0.928389557611371,0.9155989201118456,34358.619999999995,511.75241088867193,511.85842895507807,0.6889716982841491,0.3031524419784545,0.5217276811599731,0.3162301182746887,0.0,0.0,1.0,0.4261877828054298,0.37941507921064255,785.5,,511.805419921875,,,,,,,,,,,,,,,,,,,,
2098,34357.8204,,,,,,Frage 1,,,,,,1.0,809.0,-1.0,759.0,-1.0,0.9293506208218713,0.90921487970053,34375.27500000002,511.3687438964844,511.4982604980469,0.6896027326583862,0.3028861880302429,0.5223090648651123,0.3159441351890564,0.0,0.0,1.0,0.3411463121614725,0.35186125123904405,784.0,,511.433502197266,,,,,,,,,,,,,,,,,,,,
2099,34374.4745,,,,,,Frage 1,,,,,,1.0,822.0,-1.0,759.0,-1.0,0.9281449233396073,0.9199056169182479,34391.929000000004,511.4493408203125,511.6065368652344,0.690231204032898,0.3027046024799346,0.5228972434997557,0.315744400024414,0.0,0.0,1.0,0.3394449795259448,0.3513110953299736,790.5,,511.527938842774,,,,,,,,,,,,,,,,,,,,
2100,34391.1284,,,,,,Frage 1,,,,,,1.0,825.0,-1.0,757.0,-1.0,0.9201116673852188,0.9214402793996336,34408.58400000003,511.3415222167969,511.5255126953125,0.6908677816390991,0.302601009607315,0.5234849452972412,0.3156036734580993,0.0,0.0,1.0,0.42929864253393657,0.3804233213631966,791.0,,511.433517456055,,,,,,,,,,,,,,,,,,,,
2101,34407.7846,,,,,,Frage 1,,,,,,1.0,823.0,-1.0,754.0,-1.0,0.9397500736399084,0.9222169846694449,34425.23900000006,511.3661193847656,511.57568359375,0.691453218460083,0.3023706078529357,0.524057626724243,0.315364271402359,0.0,0.0,1.0,0.4278846153846153,0.3799659129767744,788.5,,511.470901489258,,,,,,,,,,,,,,,,,,,,
2102,34424.4377,,,,,,Frage 1,,,,,,1.0,821.0,-1.0,749.0,-1.0,0.9422163865021792,0.9143262456152037,34441.89300000004,511.6498107910156,511.8879699707031,0.6919716596603394,0.3026217222213745,0.524520754814148,0.3154566884040832,0.0,0.0,1.0,0.42590497737556554,0.37932377762269875,785.0,,511.768890380859,,,,,,,,,,,,,,,,,,,,
2103,34441.0932,,,,,,Frage 1,,,,,,1.0,824.0,-1.0,748.0,-1.0,0.9327730043584843,0.9233873991622296,34458.54800000007,511.6815490722656,511.94680786132807,0.6925488710403442,0.302727460861206,0.5250329971313475,0.3154629170894622,0.0,0.0,1.0,0.42647058823529405,0.379507662279828,786.0,,511.814178466797,,,,,,,,,,,,,,,,,,,,
2104,34457.7483,,,,,,Frage 1,,,,,,1.0,819.0,-1.0,751.0,-1.0,0.9340036645215403,0.9251256119901867,34475.20299999998,512.0233154296875,512.3084716796875,0.692912220954895,0.3026796281337738,0.5253591537475585,0.3153506815433502,0.0,0.0,1.0,0.42590497737556554,0.3793246274472069,785.0,,512.165893554688,,,,,,,,,,,,,,,,,,,,
2105,34474.401,,,,,,Frage 1,,,,,,1.0,816.0,-1.0,743.0,-1.0,0.9441484979954967,0.9264192280085278,34491.85699999996,511.8431396484375,512.1483154296875,0.6933756470680236,0.3025532066822052,0.5257648229598999,0.3151300251483917,0.0,0.0,1.0,0.42279411764705876,0.37831718877583187,779.5,,511.995727539063,,,,,,,,,,,,,,,,,,,,
2106,34491.0577,,,,,,Frage 1,,,,,,1.0,808.0,-1.0,744.0,-1.0,0.9465449153515495,0.9271048712811888,34508.51199999999,512.2218627929688,512.5385131835938,0.693526804447174,0.3023876249790191,0.525888442993164,0.3148818016052246,0.0,0.0,1.0,0.42081447963800894,0.37767594243264613,776.0,,512.380187988281,,,,,,,,,,,,,,,,,,,,
2107,34507.7115,,,,,,Frage 1,,,,,,1.0,799.0,-1.0,749.0,-1.0,0.9479328404035966,0.9289796771048713,34525.167000000016,512.169677734375,512.4953002929688,0.693751573562622,0.3021742403507232,0.5260988473892211,0.3146627247333526,0.0,0.0,1.0,0.41968325791855193,0.37730967069313054,774.0,,512.332489013672,,,,,,,,,,,,,,,,,,,,
2108,34524.3679,,,,,,Frage 1,,,,,,1.0,810.0,-1.0,758.0,-1.0,0.947069131648186,0.9301715179499266,34541.822000000044,512.5316162109375,512.8634033203125,0.6937925815582275,0.3021908402442932,0.5261306166648864,0.3146311044692993,0.0,0.0,1.0,0.42533936651583704,0.37914232911330514,784.0,,512.697509765625,,,,,,,,,,,,,,,,,,,,
2109,34541.0218,,,,,,Frage 1,,,,,,1.0,810.0,-1.0,758.0,-1.0,0.947069131648186,0.9287520221119955,34558.476000000024,512.3988037109375,512.735107421875,0.6939085721969604,0.302222341299057,0.5262338519096375,0.314631849527359,0.0,0.0,1.0,0.42533936651583704,0.3791421815872642,784.0,,512.566955566406,,,,,,,,,,,,,,,,,,,,
2110,34557.6758,,,,,,Frage 1,,,,,,1.0,804.0,-1.0,748.0,-1.0,0.9520766454151044,0.9286930996432512,34575.131000000045,512.1674194335938,512.507568359375,0.694043219089508,0.3022525608539581,0.5263355374336242,0.3146428167819976,0.0,0.0,1.0,0.42081447963800894,0.3776762910639267,776.0,,512.337493896484,,,,,,,,,,,,,,,,,,,,
2111,34574.3315,,,,,,Frage 1,,,,,,1.0,804.0,-1.0,743.0,-1.0,0.9520766454151044,0.9282002935410261,34591.785999999964,511.76370239257807,512.0996704101562,0.694054901599884,0.3023369908332824,0.5263210535049438,0.3147543668746948,0.0,0.0,1.0,0.4194004524886877,0.37721809904335474,773.5,,511.931686401367,,,,,,,,,,,,,,,,,,,,
2112,34590.9848,,,,,,Frage 1,,,,,,1.0,804.0,-1.0,745.0,-1.0,0.9486143215892241,0.928411878769699,34608.44000000006,511.8232421875,512.1405639648438,0.6936463713645935,0.3021535277366638,0.5259568691253662,0.3146387636661529,0.0,0.0,1.0,0.4199660633484162,0.3774012624582996,774.5,,511.981903076172,,,,,,,,,,,,,,,,,,,,
2113,34607.6406,,,,,,Frage 1,,,,,,1.0,804.0,-1.0,747.0,-1.0,0.9486143215892241,0.9279324641376429,34625.094999999965,511.2872924804688,511.5895690917969,0.6934565901756286,0.3020378649234771,0.5257356762886047,0.3145698606967926,0.0,0.0,1.0,0.42053167420814475,0.3775844689550606,775.5,,511.438430786133,,,,,,,,,,,,,,,,,,,,
2114,34624.2952,,,,,,Frage 1,,,,,,1.0,810.0,-1.0,751.0,-1.0,0.9493557132087529,0.9262129993679227,34641.75,513.5419311523438,513.7686767578125,0.6913529634475708,0.301335722208023,0.523883044719696,0.3141184747219085,0.0,0.0,1.0,0.42335972850678727,0.3785005964645755,780.5,,513.655303955078,,,,,,,,,,,,,,,,,,,,
2115,34640.9481,,,,,,Frage 1,,,,,,1.0,810.0,-1.0,809.0,-1.0,0.9493557132087529,0.9215929421595621,34658.40399999998,511.2569274902344,511.38870239257807,0.6898605227470397,0.3006189167499542,0.5221970081329345,0.3135932981967926,0.0,0.0,1.0,0.4397624434389139,0.38381454963528167,809.5,,511.322814941406,,,,,,,,,,,,,,,,,,,,
2116,34657.6043,,,,,,Frage 1,,,,,,1.0,-1.0,-1.0,917.0,-1.0,0.0,0.01567598643111201,34675.05900000001,-1.0,511.2990112304688,-1.0,-1.0,0.5150136351585388,0.3163692951202392,4.0,0.0,1.0,0.5005656108597284,0.4033889494969656,917.0,,511.299011230469,,,,,,,,,,,,,,,,,,,,
2117,34674.258,,,,,,Frage 1,,,,,,1.0,-1.0,-1.0,-1.0,-1.0,0.0,0.0,34691.71400000004,-1.0,-1.0,-1.0,-1.0,-1.0,-1.0,4.0,4.0,1.0,0.4759322966953752,0.3954061960765668,,,,,,,,,,,,,,,,,,,,,,,
2118,34690.9138,,,,,,Frage 1,,,,,,1.0,-1.0,-1.0,-1.0,-1.0,0.0,0.0,34708.36800000002,-1.0,-1.0,-1.0,-1.0,-1.0,-1.0,4.0,4.0,1.0,0.4759322966953752,0.3954061960765668,,,,,,,,,,,,,,,,,,,,,,,
2119,34707.5684,,,,,,Frage 1,,,,,,1.0,-1.0,-1.0,-1.0,-1.0,0.03388974098219233,0.0,34725.023000000045,-1.0,-1.0,-1.0,-1.0,-1.0,-1.0,4.0,4.0,1.0,0.4762576401214801,0.3955127310509079,,,,,,,,,,,,,,,,,,,,,,,
2120,34724.2224,,,,,,Frage 1,,,,,,1.0,-1.0,-1.0,-1.0,-1.0,0.0,0.0,34741.67800000007,-1.0,-1.0,-1.0,-1.0,-1.0,-1.0,4.0,4.0,1.0,0.4759322966953752,0.3954061960765668,,,,,,,,,,,,,,,,,,,,,,,
2121,34740.8772,,,,,,Frage 1,,,,,,1.0,-1.0,-1.0,-1.0,-1.0,0.0,0.0,34758.33200000005,-1.0,-1.0,-1.0,-1.0,-1.0,-1.0,4.0,4.0,1.0,0.4759322966953752,0.3954061960765668,,,,,,,,,,,,,,,,,,,,,,,
2122,34757.5318,,,,,,Frage 1,,,,,,1.0,-1.0,-1.0,-1.0,-1.0,0.0,0.0,34774.986999999965,-1.0,-1.0,-1.0,-1.0,-1.0,-1.0,4.0,4.0,1.0,0.4759322966953752,0.3954061960765668,,,,,,,,,,,,,,,,,,,,,,,
2123,34774.1876,,,,,,Frage 1,,,,,,1.0,-1.0,-1.0,-1.0,-1.0,0.0,0.0,34791.64199999999,-1.0,-1.0,-1.0,-1.0,-1.0,-1.0,4.0,4.0,1.0,0.4759322966953752,0.3954061960765668,,,,,,,,,,,,,,,,,,,,,,,
2124,34790.8422,,,,,,Frage 1,,,,,,1.0,-1.0,-1.0,-1.0,-1.0,0.0,0.0,34808.29700000002,-1.0,-1.0,-1.0,-1.0,-1.0,-1.0,4.0,4.0,1.0,0.4759322966953752,0.3954061960765668,,,,,,,,,,,,,,,,,,,,,,,
2125,34807.4955,,,,,,Frage 1,,,,,,1.0,-1.0,-1.0,-1.0,-1.0,0.0,0.0,34824.951,-1.0,-1.0,-1.0,-1.0,-1.0,-1.0,4.0,4.0,1.0,0.4759322966953752,0.3954061960765668,,,,,,,,,,,,,,,,,,,,,,,
2126,34824.1512,,,,,,Frage 1,,,,,,1.0,-1.0,-1.0,-1.0,-1.0,0.0,0.018097082863962055,34841.60600000003,-1.0,-1.0,-1.0,-1.0,-1.0,-1.0,4.0,4.0,1.0,0.47307184518740275,0.394481298666511,,,,,,,,,,,,,,,,,,,,,,,
2127,34840.805,,,,,,Frage 1,,,,,,1.0,-1.0,-1.0,-1.0,-1.0,0.0,0.0,34858.26100000006,-1.0,-1.0,-1.0,-1.0,-1.0,-1.0,4.0,4.0,1.0,0.4759322966953752,0.3954061960765668,,,,,,,,,,,,,,,,,,,,,,,
2128,34857.4597,,,,,,Frage 1,,,,,,1.0,-1.0,-1.0,-1.0,-1.0,0.0,0.0,34874.91500000004,-1.0,-1.0,-1.0,-1.0,-1.0,-1.0,4.0,4.0,1.0,0.4759322966953752,0.3954061960765668,,,,,,,,,,,,,,,,,,,,,,,
2129,34874.1239,,,,,,Frage 1,,,,,,1.0,-1.0,-1.0,-1.0,-1.0,0.0,0.0,34891.570000000065,-1.0,-1.0,-1.0,-1.0,-1.0,-1.0,4.0,4.0,1.0,0.4759322966953752,0.3954061960765668,,,,,,,,,,,,,,,,,,,,,,,
2130,34890.769,,,,,,Frage 1,,,,,,1.0,-1.0,-1.0,-1.0,-1.0,0.0,0.0,34908.22499999998,-1.0,-1.0,-1.0,-1.0,-1.0,-1.0,4.0,4.0,1.0,0.4759322966953752,0.3954061960765668,,,,,,,,,,,,,,,,,,,,,,,
2131,34907.4247,,,,,,Frage 1,,,,,,1.0,-1.0,-1.0,-1.0,-1.0,0.0,0.0,34924.87900000007,-1.0,-1.0,-1.0,-1.0,-1.0,-1.0,4.0,4.0,1.0,0.4759322966953752,0.3954061960765668,,,,,,,,,,,,,,,,,,,,,,,
2132,34924.0787,,,,,,Frage 1,,,,,,1.0,-1.0,-1.0,-1.0,-1.0,0.0,0.0,34941.533999999985,-1.0,-1.0,-1.0,-1.0,-1.0,-1.0,4.0,4.0,1.0,0.4759322966953752,0.3954061960765668,,,,,,,,,,,,,,,,,,,,,,,
2133,34940.7347,,,,,,Frage 1,,,,,,1.0,-1.0,-1.0,-1.0,-1.0,0.0,0.0,34958.18900000001,-1.0,-1.0,-1.0,-1.0,-1.0,-1.0,4.0,4.0,1.0,0.4759322966953752,0.3954061960765668,,,,,,,,,,,,,,,,,,,,,,,
2134,34957.3883,,,,,,Frage 1,,,,,,1.0,-1.0,-1.0,-1.0,-1.0,0.0,0.0,34974.84299999999,-1.0,-1.0,-1.0,-1.0,-1.0,-1.0,4.0,4.0,1.0,0.4759322966953752,0.3954061960765668,,,,,,,,,,,,,,,,,,,,,,,
2135,34974.042,,,,,,Frage 1,,,,,,1.0,-1.0,-1.0,-1.0,-1.0,0.0,0.0,34991.49800000002,-1.0,-1.0,-1.0,-1.0,-1.0,-1.0,4.0,4.0,1.0,0.4759322966953752,0.3954061960765668,,,,,,,,,,,,,,,,,,,,,,,
2136,34990.6979,,,,,,Frage 1,,,,,,1.0,-1.0,-1.0,-1.0,-1.0,0.0,0.0,35008.15300000005,-1.0,-1.0,-1.0,-1.0,-1.0,-1.0,4.0,4.0,1.0,0.4759322966953752,0.3954061960765668,,,,,,,,,,,,,,,,,,,,,,,
2137,35007.3517,,,,,,Frage 1,,,,,,1.0,-1.0,-1.0,-1.0,-1.0,0.03388974098219233,0.0,35024.80700000003,-1.0,-1.0,-1.0,-1.0,-1.0,-1.0,4.0,4.0,1.0,0.4762576401214801,0.3955127310509079,,,,,,,,,,,,,,,,,,,,,,,
2138,35024.0069,,,,,,Frage 1,,,,,,1.0,-1.0,-1.0,-1.0,-1.0,0.0,0.0,35041.46200000006,-1.0,-1.0,-1.0,-1.0,-1.0,-1.0,4.0,4.0,1.0,0.4759322966953752,0.3954061960765668,,,,,,,,,,,,,,,,,,,,,,,
2139,35040.6631,,,,,,Frage 1,,,,,,1.0,-1.0,-1.0,-1.0,-1.0,0.0,0.0,35058.11699999997,-1.0,-1.0,-1.0,-1.0,-1.0,-1.0,4.0,4.0,1.0,0.4759322966953752,0.3954061960765668,,,,,,,,,,,,,,,,,,,,,,,
2140,35057.316,,,,,,Frage 1,,,,,,1.0,-1.0,-1.0,-1.0,-1.0,0.0,0.018097082863962055,35074.772,-1.0,-1.0,-1.0,-1.0,-1.0,-1.0,4.0,4.0,1.0,0.47307184518740275,0.394481298666511,,,,,,,,,,,,,,,,,,,,,,,
2141,35073.9718,,,,,,Frage 1,,,,,,1.0,-1.0,-1.0,-1.0,-1.0,0.0,0.0,35091.42599999998,-1.0,-1.0,-1.0,-1.0,-1.0,-1.0,4.0,4.0,1.0,0.4759322966953752,0.3954061960765668,,,,,,,,,,,,,,,,,,,,,,,
2142,35090.6256,,,,,,Frage 1,,,,,,1.0,-1.0,-1.0,-1.0,-1.0,0.0,0.0,35108.081000000006,-1.0,-1.0,-1.0,-1.0,-1.0,-1.0,4.0,4.0,1.0,0.4759322966953752,0.3954061960765668,,,,,,,,,,,,,,,,,,,,,,,
2143,35107.2815,,,,,,Frage 1,,,,,,1.0,-1.0,-1.0,-1.0,-1.0,0.03388974098219233,0.0,35124.73600000003,-1.0,-1.0,-1.0,-1.0,-1.0,-1.0,4.0,4.0,1.0,0.4762576401214801,0.3955127310509079,,,,,,,,,,,,,,,,,,,,,,,
2144,35123.936,,,,,,Frage 1,,,,,,1.0,-1.0,-1.0,-1.0,-1.0,0.0,0.0,35141.390000000014,-1.0,-1.0,-1.0,-1.0,-1.0,-1.0,4.0,4.0,1.0,0.4759322966953752,0.3954061960765668,,,,,,,,,,,,,,,,,,,,,,,
2145,35140.5895,,,,,,Frage 1,,,,,,1.0,-1.0,-1.0,-1.0,-1.0,0.0,0.0,35158.04500000004,-1.0,-1.0,-1.0,-1.0,-1.0,-1.0,4.0,4.0,1.0,0.4759322966953752,0.3954061960765668,,,,,,,,,,,,,,,,,,,,,,,
2146,35157.246,,,,,,Frage 1,,,,,,1.0,-1.0,-1.0,-1.0,-1.0,0.0,0.0,35174.70000000007,-1.0,-1.0,-1.0,-1.0,-1.0,-1.0,4.0,4.0,1.0,0.4759322966953752,0.3954061960765668,,,,,,,,,,,,,,,,,,,,,,,
2147,35173.8981,,,,,,Frage 1,,,,,,1.0,-1.0,-1.0,-1.0,-1.0,0.03388974098219233,0.0,35191.35400000005,-1.0,-1.0,-1.0,-1.0,-1.0,-1.0,4.0,4.0,1.0,0.4762576401214801,0.3955127310509079,,,,,,,,,,,,,,,,,,,,,,,
2148,35190.5542,,,,,,Frage 1,,,,,,1.0,-1.0,-1.0,-1.0,-1.0,0.0,0.0,35208.00899999996,-1.0,-1.0,-1.0,-1.0,-1.0,-1.0,4.0,4.0,1.0,0.4759322966953752,0.3954061960765668,,,,,,,,,,,,,,,,,,,,,,,
2149,35207.2092,,,,,,Frage 1,,,,,,1.0,-1.0,-1.0,-1.0,-1.0,0.0,0.0,35224.66399999999,-1.0,-1.0,-1.0,-1.0,-1.0,-1.0,4.0,4.0,1.0,0.4759322966953752,0.3954061960765668,,,,,,,,,,,,,,,,,,,,,,,
2150,35223.8627,,,,,,Frage 1,,,,,,1.0,-1.0,-1.0,-1.0,-1.0,0.0,0.0,35241.31799999997,-1.0,-1.0,-1.0,-1.0,-1.0,-1.0,4.0,4.0,1.0,0.4759322966953752,0.3954061960765668,,,,,,,,,,,,,,,,,,,,,,,
2151,35240.5179,,,,,,Frage 1,,,,,,1.0,-1.0,-1.0,-1.0,-1.0,0.0,0.0,35257.973,-1.0,-1.0,-1.0,-1.0,-1.0,-1.0,4.0,4.0,1.0,0.4759322966953752,0.3954061960765668,,,,,,,,,,,,,,,,,,,,,,,
2152,35253.3538,,,,,,Frage 1,1.0,1.39362442493439,29.4081032935821,0.193728357553482,202.70703125,,,,,,0.6585048574425887,0.6495113533451946,,,,,,,,,,,0.37959439571535225,0.3642823432120883,,,,,,,,,,,,,,,,,,,,,,,
2153,35257.1726,,,,,,Frage 1,,,,,,1.0,-1.0,-1.0,-1.0,-1.0,0.0,0.018097082863962055,35274.628000000026,-1.0,-1.0,-1.0,-1.0,-1.0,-1.0,4.0,4.0,1.0,0.47307184518740275,0.394481298666511,,,,,,,,,,,,,,,,,,,,,,,
2154,35273.8278,,,,,,Frage 1,,,,,,1.0,-1.0,-1.0,-1.0,-1.0,0.0,0.018097082863962055,35291.28200000001,-1.0,-1.0,-1.0,-1.0,-1.0,-1.0,4.0,4.0,1.0,0.47307184518740275,0.394481298666511,,,,,,,,,,,,,,,,,,,,,,,
2155,35290.4826,,,,,,Frage 1,,,,,,1.0,-1.0,-1.0,-1.0,-1.0,0.0,0.0,35307.937000000034,-1.0,-1.0,-1.0,-1.0,-1.0,-1.0,4.0,4.0,1.0,0.4759322966953752,0.3954061960765668,,,,,,,,,,,,,,,,,,,,,,,
2156,35307.1363,,,,,,Frage 1,,,,,,1.0,-1.0,-1.0,-1.0,-1.0,0.0,0.0,35324.59200000006,-1.0,-1.0,-1.0,-1.0,-1.0,-1.0,4.0,4.0,1.0,0.4759322966953752,0.3954061960765668,,,,,,,,,,,,,,,,,,,,,,,
2157,35323.7928,,,,,,Frage 1,,,,,,1.0,-1.0,-1.0,-1.0,-1.0,0.0,0.0,35341.246999999974,-1.0,-1.0,-1.0,-1.0,-1.0,-1.0,4.0,4.0,1.0,0.4759322966953752,0.3954061960765668,,,,,,,,,,,,,,,,,,,,,,,
2158,35340.4456,,,,,,Frage 1,,,,,,1.0,-1.0,-1.0,-1.0,-1.0,0.0,0.0,35357.90100000007,-1.0,-1.0,-1.0,-1.0,-1.0,-1.0,4.0,4.0,1.0,0.4759322966953752,0.3954061960765668,,,,,,,,,,,,,,,,,,,,,,,
2159,35357.1014,,,,,,Frage 1,,,,,,1.0,-1.0,-1.0,-1.0,-1.0,0.0,0.0,35374.55599999998,-1.0,-1.0,-1.0,-1.0,-1.0,-1.0,4.0,4.0,1.0,0.4759322966953752,0.3954061960765668,,,,,,,,,,,,,,,,,,,,,,,
2160,35373.7563,,,,,,Frage 1,,,,,,1.0,-1.0,-1.0,-1.0,-1.0,0.0,0.0,35391.21100000001,-1.0,-1.0,-1.0,-1.0,-1.0,-1.0,4.0,4.0,1.0,0.4759322966953752,0.3954061960765668,,,,,,,,,,,,,,,,,,,,,,,
2161,35390.4097,,,,,,Frage 1,,,,,,1.0,-1.0,-1.0,-1.0,-1.0,0.0,0.0,35407.86499999999,-1.0,-1.0,-1.0,-1.0,-1.0,-1.0,4.0,4.0,1.0,0.4759322966953752,0.3954061960765668,,,,,,,,,,,,,,,,,,,,,,,
2162,35407.0653,,,,,,Frage 1,,,,,,1.0,-1.0,-1.0,-1.0,-1.0,0.0,0.0,35424.52000000002,-1.0,-1.0,-1.0,-1.0,-1.0,-1.0,4.0,4.0,1.0,0.4759322966953752,0.3954061960765668,,,,,,,,,,,,,,,,,,,,,,,
2163,35423.7198,,,,,,Frage 1,,,,,,1.0,-1.0,-1.0,-1.0,-1.0,0.0,0.018097082863962055,35441.17500000005,-1.0,-1.0,-1.0,-1.0,-1.0,-1.0,4.0,4.0,1.0,0.47307184518740275,0.394481298666511,,,,,,,,,,,,,,,,,,,,,,,
2164,35440.3747,,,,,,Frage 1,,,,,,1.0,-1.0,-1.0,-1.0,-1.0,0.0,0.0,35457.82900000003,-1.0,-1.0,-1.0,-1.0,-1.0,-1.0,4.0,4.0,1.0,0.4759322966953752,0.3954061960765668,,,,,,,,,,,,,,,,,,,,,,,
2165,35457.0292,,,,,,Frage 1,,,,,,1.0,-1.0,-1.0,-1.0,-1.0,0.0,0.0,35474.484000000055,-1.0,-1.0,-1.0,-1.0,-1.0,-1.0,4.0,4.0,1.0,0.4759322966953752,0.3954061960765668,,,,,,,,,,,,,,,,,,,,,,,
2166,35473.6835,,,,,,Frage 1,,,,,,1.0,-1.0,-1.0,-1.0,-1.0,0.0,0.0,35491.13899999997,-1.0,-1.0,-1.0,-1.0,-1.0,-1.0,4.0,4.0,1.0,0.4759322966953752,0.3954061960765668,,,,,,,,,,,,,,,,,,,,,,,
2167,35490.3389,,,,,,Frage 1,,,,,,1.0,-1.0,-1.0,-1.0,-1.0,0.03388974098219233,0.0,35507.79300000006,-1.0,-1.0,-1.0,-1.0,-1.0,-1.0,4.0,4.0,1.0,0.4762576401214801,0.3955127310509079,,,,,,,,,,,,,,,,,,,,,,,
2168,35506.9925,,,,,,Frage 1,,,,,,1.0,-1.0,-1.0,-1.0,-1.0,0.0,0.0,35524.447999999975,-1.0,-1.0,-1.0,-1.0,-1.0,-1.0,4.0,4.0,1.0,0.4759322966953752,0.3954061960765668,,,,,,,,,,,,,,,,,,,,,,,
2169,35523.647,,,,,,Frage 1,,,,,,1.0,-1.0,-1.0,-1.0,-1.0,0.0,0.0,35541.103,-1.0,-1.0,-1.0,-1.0,-1.0,-1.0,4.0,4.0,1.0,0.4759322966953752,0.3954061960765668,,,,,,,,,,,,,,,,,,,,,,,
2170,35540.3026,,,,,,Frage 1,,,,,,1.0,-1.0,-1.0,-1.0,-1.0,0.0,0.0,35557.75699999998,-1.0,-1.0,-1.0,-1.0,-1.0,-1.0,4.0,4.0,1.0,0.4759322966953752,0.3954061960765668,,,,,,,,,,,,,,,,,,,,,,,
2171,35556.9559,,,,,,Frage 1,,,,,,1.0,-1.0,-1.0,-1.0,-1.0,0.0,0.0,35574.41200000001,-1.0,-1.0,-1.0,-1.0,-1.0,-1.0,4.0,4.0,1.0,0.4759322966953752,0.3954061960765668,,,,,,,,,,,,,,,,,,,,,,,
2172,35573.6121,,,,,,Frage 1,,,,,,1.0,-1.0,-1.0,-1.0,-1.0,0.0,0.0,35591.06700000004,-1.0,-1.0,-1.0,-1.0,-1.0,-1.0,4.0,4.0,1.0,0.4759322966953752,0.3954061960765668,,,,,,,,,,,,,,,,,,,,,,,
2173,35590.2665,,,,,,Frage 1,,,,,,1.0,-1.0,-1.0,-1.0,-1.0,0.0,0.0,35607.72200000007,-1.0,-1.0,-1.0,-1.0,-1.0,-1.0,4.0,4.0,1.0,0.4759322966953752,0.3954061960765668,,,,,,,,,,,,,,,,,,,,,,,
2174,35606.922,,,,,,Frage 1,,,,,,1.0,-1.0,-1.0,-1.0,-1.0,0.03388974098219233,0.0,35624.37600000005,-1.0,-1.0,-1.0,-1.0,-1.0,-1.0,4.0,4.0,1.0,0.4762576401214801,0.3955127310509079,,,,,,,,,,,,,,,,,,,,,,,
2175,35623.5763,,,,,,Frage 1,,,,,,1.0,-1.0,-1.0,-1.0,-1.0,0.0,0.0,35641.031000000075,-1.0,-1.0,-1.0,-1.0,-1.0,-1.0,4.0,4.0,1.0,0.4759322966953752,0.3954061960765668,,,,,,,,,,,,,,,,,,,,,,,
2176,35640.2306,,,,,,Frage 1,,,,,,1.0,-1.0,-1.0,-1.0,-1.0,0.0,0.0,35657.68599999999,-1.0,-1.0,-1.0,-1.0,-1.0,-1.0,4.0,4.0,1.0,0.4759322966953752,0.3954061960765668,,,,,,,,,,,,,,,,,,,,,,,
2177,35656.8855,,,,,,Frage 1,,,,,,1.0,-1.0,-1.0,-1.0,-1.0,0.0,0.0,35674.33999999997,-1.0,-1.0,-1.0,-1.0,-1.0,-1.0,4.0,4.0,1.0,0.4759322966953752,0.3954061960765668,,,,,,,,,,,,,,,,,,,,,,,
2178,35673.5394,,,,,,Frage 1,,,,,,1.0,-1.0,-1.0,-1.0,-1.0,0.0,0.0,35690.994999999995,-1.0,-1.0,-1.0,-1.0,-1.0,-1.0,4.0,4.0,1.0,0.4759322966953752,0.3954061960765668,,,,,,,,,,,,,,,,,,,,,,,
2179,35690.1948,,,,,,Frage 1,,,,,,1.0,-1.0,-1.0,-1.0,-1.0,0.0,0.0,35707.65000000002,-1.0,-1.0,-1.0,-1.0,-1.0,-1.0,4.0,4.0,1.0,0.4759322966953752,0.3954061960765668,,,,,,,,,,,,,,,,,,,,,,,
2180,35706.8491,,,,,,Frage 1,,,,,,1.0,-1.0,-1.0,-1.0,-1.0,0.03388974098219233,0.0,35724.304000000004,-1.0,-1.0,-1.0,-1.0,-1.0,-1.0,4.0,4.0,1.0,0.4762576401214801,0.3955127310509079,,,,,,,,,,,,,,,,,,,,,,,
2181,35723.5032,,,,,,Frage 1,,,,,,1.0,-1.0,-1.0,-1.0,-1.0,0.0,0.0,35740.95900000003,-1.0,-1.0,-1.0,-1.0,-1.0,-1.0,4.0,4.0,1.0,0.4759322966953752,0.3954061960765668,,,,,,,,,,,,,,,,,,,,,,,
2182,35740.1589,,,,,,Frage 1,,,,,,1.0,-1.0,-1.0,-1.0,-1.0,0.0,0.0,35757.61400000006,-1.0,-1.0,-1.0,-1.0,-1.0,-1.0,4.0,4.0,1.0,0.4759322966953752,0.3954061960765668,,,,,,,,,,,,,,,,,,,,,,,
2183,35756.8126,,,,,,Frage 1,,,,,,1.0,-1.0,-1.0,-1.0,-1.0,0.0,0.0,35774.26800000004,-1.0,-1.0,-1.0,-1.0,-1.0,-1.0,4.0,4.0,1.0,0.4759322966953752,0.3954061960765668,,,,,,,,,,,,,,,,,,,,,,,
2184,35773.4684,,,,,,Frage 1,,,,,,1.0,-1.0,-1.0,-1.0,-1.0,0.0,0.0,35790.92300000007,-1.0,-1.0,-1.0,-1.0,-1.0,-1.0,4.0,4.0,1.0,0.4759322966953752,0.3954061960765668,,,,,,,,,,,,,,,,,,,,,,,
2185,35790.1237,,,,,,Frage 1,,,,,,1.0,-1.0,-1.0,-1.0,-1.0,0.0,0.0,35807.57799999998,-1.0,-1.0,-1.0,-1.0,-1.0,-1.0,4.0,4.0,1.0,0.4759322966953752,0.3954061960765668,,,,,,,,,,,,,,,,,,,,,,,
2186,35806.7771,,,,,,Frage 1,,,,,,1.0,-1.0,-1.0,-1.0,-1.0,0.0,0.0,35824.23199999996,-1.0,-1.0,-1.0,-1.0,-1.0,-1.0,4.0,4.0,1.0,0.4759322966953752,0.3954061960765668,,,,,,,,,,,,,,,,,,,,,,,
2187,35823.4329,,,,,,Frage 1,,,,,,1.0,-1.0,-1.0,-1.0,-1.0,0.0,0.018097082863962055,35840.88699999999,-1.0,-1.0,-1.0,-1.0,-1.0,-1.0,4.0,4.0,1.0,0.47307184518740275,0.394481298666511,,,,,,,,,,,,,,,,,,,,,,,
2188,35840.0863,,,,,,Frage 1,,,,,,1.0,-1.0,-1.0,-1.0,-1.0,0.0,0.0,35857.542000000016,-1.0,-1.0,-1.0,-1.0,-1.0,-1.0,4.0,4.0,1.0,0.4759322966953752,0.3954061960765668,,,,,,,,,,,,,,,,,,,,,,,
2189,35856.7422,,,,,,Frage 1,,,,,,1.0,-1.0,-1.0,-1.0,-1.0,0.0,0.0,35874.197000000044,-1.0,-1.0,-1.0,-1.0,-1.0,-1.0,4.0,4.0,1.0,0.4759322966953752,0.3954061960765668,,,,,,,,,,,,,,,,,,,,,,,
2190,35873.397,,,,,,Frage 1,,,,,,1.0,-1.0,-1.0,-1.0,-1.0,0.0,0.0,35890.851000000024,-1.0,-1.0,-1.0,-1.0,-1.0,-1.0,4.0,4.0,1.0,0.4759322966953752,0.3954061960765668,,,,,,,,,,,,,,,,,,,,,,,
2191,35890.0503,,,,,,Frage 1,,,,,,1.0,-1.0,-1.0,-1.0,-1.0,0.0,0.0,35907.506000000045,-1.0,-1.0,-1.0,-1.0,-1.0,-1.0,4.0,4.0,1.0,0.4759322966953752,0.3954061960765668,,,,,,,,,,,,,,,,,,,,,,,
2192,35906.7068,,,,,,Frage 1,,,,,,1.0,-1.0,-1.0,-1.0,-1.0,0.0,0.0,35924.160999999964,-1.0,-1.0,-1.0,-1.0,-1.0,-1.0,4.0,4.0,1.0,0.4759322966953752,0.3954061960765668,,,,,,,,,,,,,,,,,,,,,,,
2193,35923.3589,,,,,,Frage 1,,,,,,1.0,-1.0,-1.0,-1.0,-1.0,0.0,0.018097082863962055,35940.81500000006,-1.0,-1.0,-1.0,-1.0,-1.0,-1.0,4.0,4.0,1.0,0.47307184518740275,0.394481298666511,,,,,,,,,,,,,,,,,,,,,,,
2194,35940.0154,,,,,,Frage 1,,,,,,1.0,-1.0,-1.0,-1.0,-1.0,0.0,0.018097082863962055,35957.469999999965,-1.0,-1.0,-1.0,-1.0,-1.0,-1.0,4.0,4.0,1.0,0.47307184518740275,0.394481298666511,,,,,,,,,,,,,,,,,,,,,,,
2195,35956.6703,,,,,,Frage 1,,,,,,1.0,-1.0,-1.0,-1.0,-1.0,0.03388974098219233,0.0,35974.125,-1.0,-1.0,-1.0,-1.0,-1.0,-1.0,4.0,4.0,1.0,0.4762576401214801,0.3955127310509079,,,,,,,,,,,,,,,,,,,,,,,
2196,35973.3232,,,,,,Frage 1,,,,,,1.0,-1.0,-1.0,-1.0,-1.0,0.03388974098219233,0.0,35990.77899999998,-1.0,-1.0,-1.0,-1.0,-1.0,-1.0,4.0,4.0,1.0,0.4762576401214801,0.3955127310509079,,,,,,,,,,,,,,,,,,,,,,,
2197,35989.9789,,,,,,Frage 1,,,,,,1.0,-1.0,-1.0,-1.0,-1.0,0.0,0.0,36007.43400000001,-1.0,-1.0,-1.0,-1.0,-1.0,-1.0,4.0,4.0,1.0,0.4759322966953752,0.3954061960765668,,,,,,,,,,,,,,,,,,,,,,,
2198,36006.6333,,,,,,Frage 1,,,,,,1.0,-1.0,-1.0,-1.0,-1.0,0.0,0.0,36024.08900000004,-1.0,-1.0,-1.0,-1.0,-1.0,-1.0,4.0,4.0,1.0,0.4759322966953752,0.3954061960765668,,,,,,,,,,,,,,,,,,,,,,,
2199,36023.2883,,,,,,Frage 1,,,,,,1.0,-1.0,-1.0,-1.0,-1.0,0.0,0.0,36040.74300000002,-1.0,-1.0,-1.0,-1.0,-1.0,-1.0,4.0,4.0,1.0,0.4759322966953752,0.3954061960765668,,,,,,,,,,,,,,,,,,,,,,,
2200,36039.9441,,,,,,Frage 1,,,,,,1.0,-1.0,-1.0,-1.0,-1.0,0.0,0.0,36057.398000000045,-1.0,-1.0,-1.0,-1.0,-1.0,-1.0,4.0,4.0,1.0,0.4759322966953752,0.3954061960765668,,,,,,,,,,,,,,,,,,,,,,,
2201,36056.5978,,,,,,Frage 1,,,,,,1.0,-1.0,-1.0,-1.0,-1.0,0.0,0.0,36074.05300000007,-1.0,-1.0,-1.0,-1.0,-1.0,-1.0,4.0,4.0,1.0,0.4759322966953752,0.3954061960765668,,,,,,,,,,,,,,,,,,,,,,,
2202,36073.252,,,,,,Frage 1,,,,,,1.0,-1.0,-1.0,-1.0,-1.0,0.0,0.0,36090.707000000046,-1.0,-1.0,-1.0,-1.0,-1.0,-1.0,4.0,4.0,1.0,0.4759322966953752,0.3954061960765668,,,,,,,,,,,,,,,,,,,,,,,
2203,36089.9065,,,,,,Frage 1,,,,,,1.0,-1.0,-1.0,-1.0,-1.0,0.0,0.0,36107.361999999965,-1.0,-1.0,-1.0,-1.0,-1.0,-1.0,4.0,4.0,1.0,0.4759322966953752,0.3954061960765668,,,,,,,,,,,,,,,,,,,,,,,
2204,36106.5625,,,,,,Frage 1,,,,,,1.0,-1.0,-1.0,-1.0,-1.0,0.0,0.0,36124.01699999999,-1.0,-1.0,-1.0,-1.0,-1.0,-1.0,4.0,4.0,1.0,0.4759322966953752,0.3954061960765668,,,,,,,,,,,,,,,,,,,,,,,
2205,36123.2181,,,,,,Frage 1,,,,,,1.0,-1.0,-1.0,-1.0,-1.0,0.0,0.018097082863962055,36140.67200000002,-1.0,-1.0,-1.0,-1.0,-1.0,-1.0,4.0,4.0,1.0,0.47307184518740275,0.394481298666511,,,,,,,,,,,,,,,,,,,,,,,
2206,36139.87,,,,,,Frage 1,,,,,,1.0,-1.0,-1.0,-1.0,-1.0,0.0,0.0,36157.326,-1.0,-1.0,-1.0,-1.0,-1.0,-1.0,4.0,4.0,1.0,0.4759322966953752,0.3954061960765668,,,,,,,,,,,,,,,,,,,,,,,
2207,36156.5265,,,,,,Frage 1,,,,,,1.0,-1.0,-1.0,-1.0,-1.0,0.0,0.0,36173.98100000002,-1.0,-1.0,-1.0,-1.0,-1.0,-1.0,4.0,4.0,1.0,0.4759322966953752,0.3954061960765668,,,,,,,,,,,,,,,,,,,,,,,
2208,36173.1807,,,,,,Frage 1,,,,,,1.0,-1.0,-1.0,-1.0,-1.0,0.0,0.0,36190.63600000006,-1.0,-1.0,-1.0,-1.0,-1.0,-1.0,4.0,4.0,1.0,0.4759322966953752,0.3954061960765668,,,,,,,,,,,,,,,,,,,,,,,
2209,36189.8343,,,,,,Frage 1,,,,,,1.0,-1.0,-1.0,-1.0,-1.0,0.0,0.018097082863962055,36207.29000000004,-1.0,-1.0,-1.0,-1.0,-1.0,-1.0,4.0,4.0,1.0,0.47307184518740275,0.394481298666511,,,,,,,,,,,,,,,,,,,,,,,
2210,36206.4904,,,,,,Frage 1,,,,,,1.0,-1.0,-1.0,-1.0,-1.0,0.0,0.0,36223.94500000007,-1.0,-1.0,-1.0,-1.0,-1.0,-1.0,4.0,4.0,1.0,0.4759322966953752,0.3954061960765668,,,,,,,,,,,,,,,,,,,,,,,
2211,36223.144,,,,,,Frage 1,,,,,,1.0,-1.0,-1.0,-1.0,-1.0,0.0,0.018097082863962055,36240.59999999998,-1.0,-1.0,-1.0,-1.0,-1.0,-1.0,4.0,4.0,1.0,0.47307184518740275,0.394481298666511,,,,,,,,,,,,,,,,,,,,,,,
2212,36239.7989,,,,,,Frage 1,,,,,,1.0,-1.0,-1.0,-1.0,-1.0,0.0,0.018097082863962055,36257.25400000008,-1.0,-1.0,-1.0,-1.0,-1.0,-1.0,4.0,4.0,1.0,0.47307184518740275,0.394481298666511,,,,,,,,,,,,,,,,,,,,,,,
2213,36256.4529,,,,,,Frage 1,,,,,,1.0,-1.0,-1.0,-1.0,-1.0,0.0,0.0,36273.90899999999,-1.0,-1.0,-1.0,-1.0,-1.0,-1.0,4.0,4.0,1.0,0.4759322966953752,0.3954061960765668,,,,,,,,,,,,,,,,,,,,,,,
2214,36273.1098,,,,,,Frage 1,,,,,,1.0,-1.0,-1.0,-1.0,-1.0,0.0,0.0,36290.564000000006,-1.0,-1.0,-1.0,-1.0,-1.0,-1.0,4.0,4.0,1.0,0.4759322966953752,0.3954061960765668,,,,,,,,,,,,,,,,,,,,,,,
2215,36273.1385,,,,,,Frage 1,1.0,0.982093334197998,29.4080306634664,0.0,202.70703125,,,,,,0.6585048574425887,0.6495113533451946,,,,,,,,,,,0.37959439571535225,0.3642823432120883,,,,,,,,,,,,,,,,,,,,,,,
2216,36289.7634,,,,,,Frage 1,,,,,,1.0,-1.0,-1.0,-1.0,-1.0,0.03388974098219233,0.0,36307.21799999999,-1.0,-1.0,-1.0,-1.0,-1.0,-1.0,4.0,4.0,1.0,0.4762576401214801,0.3955127310509079,,,,,,,,,,,,,,,,,,,,,,,
2217,36306.4174,,,,,,Frage 1,,,,,,1.0,-1.0,-1.0,-1.0,-1.0,0.0,0.0,36323.873000000014,-1.0,-1.0,-1.0,-1.0,-1.0,-1.0,4.0,4.0,1.0,0.4759322966953752,0.3954061960765668,,,,,,,,,,,,,,,,,,,,,,,
2218,36323.0733,,,,,,Frage 1,,,,,,1.0,-1.0,-1.0,-1.0,-1.0,0.0,0.0,36340.52800000005,-1.0,-1.0,-1.0,-1.0,-1.0,-1.0,4.0,4.0,1.0,0.4759322966953752,0.3954061960765668,,,,,,,,,,,,,,,,,,,,,,,
2219,36339.7263,,,,,,Frage 1,,,,,,1.0,-1.0,-1.0,-1.0,-1.0,0.0,0.0,36357.18200000003,-1.0,-1.0,-1.0,-1.0,-1.0,-1.0,4.0,4.0,1.0,0.4759322966953752,0.3954061960765668,,,,,,,,,,,,,,,,,,,,,,,
2220,36356.382,,,,,,Frage 1,,,,,,1.0,-1.0,-1.0,-1.0,-1.0,0.0,0.018097082863962055,36373.83700000006,-1.0,-1.0,-1.0,-1.0,-1.0,-1.0,4.0,4.0,1.0,0.47307184518740275,0.394481298666511,,,,,,,,,,,,,,,,,,,,,,,
2221,36373.0379,,,,,,Frage 1,,,,,,1.0,-1.0,-1.0,-1.0,-1.0,0.0,0.0,36390.49199999997,-1.0,-1.0,-1.0,-1.0,-1.0,-1.0,4.0,4.0,1.0,0.4759322966953752,0.3954061960765668,,,,,,,,,,,,,,,,,,,,,,,
2222,36389.6917,,,,,,Frage 1,,,,,,1.0,-1.0,-1.0,-1.0,-1.0,0.03388974098219233,0.0,36407.147,-1.0,-1.0,-1.0,-1.0,-1.0,-1.0,4.0,4.0,1.0,0.4762576401214801,0.3955127310509079,,,,,,,,,,,,,,,,,,,,,,,
2223,36406.3461,,,,,,Frage 1,,,,,,1.0,-1.0,-1.0,-1.0,-1.0,0.0,0.0,36423.80099999998,-1.0,-1.0,-1.0,-1.0,-1.0,-1.0,4.0,4.0,1.0,0.4759322966953752,0.3954061960765668,,,,,,,,,,,,,,,,,,,,,,,
2224,36423.0005,,,,,,Frage 1,,,,,,1.0,-1.0,-1.0,-1.0,-1.0,0.0,0.018097082863962055,36440.456000000006,-1.0,-1.0,-1.0,-1.0,-1.0,-1.0,4.0,4.0,1.0,0.47307184518740275,0.394481298666511,,,,,,,,,,,,,,,,,,,,,,,
2225,36439.6569,,,,,,Frage 1,,,,,,1.0,-1.0,-1.0,-1.0,-1.0,0.0,0.0,36457.11100000003,-1.0,-1.0,-1.0,-1.0,-1.0,-1.0,4.0,4.0,1.0,0.4759322966953752,0.3954061960765668,,,,,,,,,,,,,,,,,,,,,,,
2226,36456.3102,,,,,,Frage 1,,,,,,1.0,-1.0,-1.0,-1.0,-1.0,0.0,0.0,36473.765000000014,-1.0,-1.0,-1.0,-1.0,-1.0,-1.0,4.0,4.0,1.0,0.4759322966953752,0.3954061960765668,,,,,,,,,,,,,,,,,,,,,,,
2227,36472.9643,,,,,,Frage 1,,,,,,1.0,-1.0,-1.0,-1.0,-1.0,0.0,0.0,36490.42000000004,-1.0,-1.0,-1.0,-1.0,-1.0,-1.0,4.0,4.0,1.0,0.4759322966953752,0.3954061960765668,,,,,,,,,,,,,,,,,,,,,,,
2228,36489.6205,,,,,,Frage 1,,,,,,1.0,-1.0,-1.0,-1.0,-1.0,0.0,0.0,36507.07500000007,-1.0,-1.0,-1.0,-1.0,-1.0,-1.0,4.0,4.0,1.0,0.4759322966953752,0.3954061960765668,,,,,,,,,,,,,,,,,,,,,,,
2229,36506.273,,,,,,Frage 1,,,,,,1.0,-1.0,-1.0,-1.0,-1.0,0.0,0.018097082863962055,36523.72900000005,-1.0,-1.0,-1.0,-1.0,-1.0,-1.0,4.0,4.0,1.0,0.47307184518740275,0.394481298666511,,,,,,,,,,,,,,,,,,,,,,,
2230,36522.9292,,,,,,Frage 1,,,,,,1.0,-1.0,-1.0,-1.0,-1.0,0.0,0.0,36540.38399999996,-1.0,-1.0,-1.0,-1.0,-1.0,-1.0,4.0,4.0,1.0,0.4759322966953752,0.3954061960765668,,,,,,,,,,,,,,,,,,,,,,,
2231,36539.5843,,,,,,Frage 1,,,,,,1.0,-1.0,-1.0,-1.0,-1.0,0.0,0.0,36557.03899999999,-1.0,-1.0,-1.0,-1.0,-1.0,-1.0,4.0,4.0,1.0,0.4759322966953752,0.3954061960765668,,,,,,,,,,,,,,,,,,,,,,,
2232,36556.2376,,,,,,Frage 1,,,,,,1.0,-1.0,-1.0,-1.0,-1.0,0.0,0.0,36573.69299999997,-1.0,-1.0,-1.0,-1.0,-1.0,-1.0,4.0,4.0,1.0,0.4759322966953752,0.3954061960765668,,,,,,,,,,,,,,,,,,,,,,,
2233,36572.8925,,,,,,Frage 1,,,,,,1.0,-1.0,-1.0,-1.0,-1.0,0.0,0.0,36590.348,-1.0,-1.0,-1.0,-1.0,-1.0,-1.0,4.0,4.0,1.0,0.4759322966953752,0.3954061960765668,,,,,,,,,,,,,,,,,,,,,,,
2234,36589.5479,,,,,,Frage 1,,,,,,1.0,-1.0,-1.0,-1.0,-1.0,0.0,0.0,36607.003000000026,-1.0,-1.0,-1.0,-1.0,-1.0,-1.0,4.0,4.0,1.0,0.4759322966953752,0.3954061960765668,,,,,,,,,,,,,,,,,,,,,,,
2235,36606.2025,,,,,,Frage 1,,,,,,1.0,-1.0,-1.0,-1.0,-1.0,0.0,0.0,36623.65700000001,-1.0,-1.0,-1.0,-1.0,-1.0,-1.0,4.0,4.0,1.0,0.4759322966953752,0.3954061960765668,,,,,,,,,,,,,,,,,,,,,,,
2236,36622.856,,,,,,Frage 1,,,,,,1.0,-1.0,-1.0,-1.0,-1.0,0.0,0.0,36640.312000000034,-1.0,-1.0,-1.0,-1.0,-1.0,-1.0,4.0,4.0,1.0,0.4759322966953752,0.3954061960765668,,,,,,,,,,,,,,,,,,,,,,,
2237,36639.5122,,,,,,Frage 1,,,,,,1.0,-1.0,-1.0,-1.0,-1.0,0.0,0.0,36656.96700000006,-1.0,-1.0,-1.0,-1.0,-1.0,-1.0,4.0,4.0,1.0,0.4759322966953752,0.3954061960765668,,,,,,,,,,,,,,,,,,,,,,,
2238,36656.1668,,,,,,Frage 1,,,,,,1.0,-1.0,-1.0,-1.0,-1.0,0.0,0.0,36673.62199999997,-1.0,-1.0,-1.0,-1.0,-1.0,-1.0,4.0,4.0,1.0,0.4759322966953752,0.3954061960765668,,,,,,,,,,,,,,,,,,,,,,,
2239,36672.8219,,,,,,Frage 1,,,,,,1.0,-1.0,-1.0,-1.0,-1.0,0.0,0.0,36690.27600000007,-1.0,-1.0,-1.0,-1.0,-1.0,-1.0,4.0,4.0,1.0,0.4759322966953752,0.3954061960765668,,,,,,,,,,,,,,,,,,,,,,,
2240,36689.4761,,,,,,Frage 1,,,,,,1.0,-1.0,-1.0,-1.0,-1.0,0.0,0.0,36706.93099999998,-1.0,-1.0,-1.0,-1.0,-1.0,-1.0,4.0,4.0,1.0,0.4759322966953752,0.3954061960765668,,,,,,,,,,,,,,,,,,,,,,,
2241,36706.1309,,,,,,Frage 1,,,,,,1.0,-1.0,-1.0,-1.0,-1.0,0.0,0.0,36723.58600000001,-1.0,-1.0,-1.0,-1.0,-1.0,-1.0,4.0,4.0,1.0,0.4759322966953752,0.3954061960765668,,,,,,,,,,,,,,,,,,,,,,,
2242,36722.7928,,,,,,Frage 1,,,,,,1.0,-1.0,-1.0,-1.0,-1.0,0.0,0.0,36740.23999999999,-1.0,-1.0,-1.0,-1.0,-1.0,-1.0,4.0,4.0,1.0,0.4759322966953752,0.3954061960765668,,,,,,,,,,,,,,,,,,,,,,,
2243,36739.4398,,,,,,Frage 1,,,,,,1.0,-1.0,-1.0,-1.0,-1.0,0.0,0.0,36756.89500000002,-1.0,-1.0,-1.0,-1.0,-1.0,-1.0,4.0,4.0,1.0,0.4759322966953752,0.3954061960765668,,,,,,,,,,,,,,,,,,,,,,,
2244,36756.0952,,,,,,Frage 1,,,,,,1.0,-1.0,-1.0,-1.0,-1.0,0.0,0.0,36773.55000000005,-1.0,-1.0,-1.0,-1.0,-1.0,-1.0,4.0,4.0,1.0,0.4759322966953752,0.3954061960765668,,,,,,,,,,,,,,,,,,,,,,,
2245,36772.7492,,,,,,Frage 1,,,,,,1.0,-1.0,-1.0,-1.0,-1.0,0.0,0.0,36790.20400000003,-1.0,-1.0,-1.0,-1.0,-1.0,-1.0,4.0,4.0,1.0,0.4759322966953752,0.3954061960765668,,,,,,,,,,,,,,,,,,,,,,,
2246,36789.403,,,,,,Frage 1,,,,,,1.0,-1.0,-1.0,-1.0,-1.0,0.0,0.0,36806.859000000055,-1.0,-1.0,-1.0,-1.0,-1.0,-1.0,4.0,4.0,1.0,0.4759322966953752,0.3954061960765668,,,,,,,,,,,,,,,,,,,,,,,
2247,36806.0597,,,,,,Frage 1,,,,,,1.0,-1.0,-1.0,-1.0,-1.0,0.0,0.0,36823.51399999997,-1.0,-1.0,-1.0,-1.0,-1.0,-1.0,4.0,4.0,1.0,0.4759322966953752,0.3954061960765668,,,,,,,,,,,,,,,,,,,,,,,
2248,36822.7127,,,,,,Frage 1,,,,,,1.0,-1.0,-1.0,-1.0,-1.0,0.03388974098219233,0.0,36840.16800000006,-1.0,-1.0,-1.0,-1.0,-1.0,-1.0,4.0,4.0,1.0,0.4762576401214801,0.3955127310509079,,,,,,,,,,,,,,,,,,,,,,,
2249,36839.3682,,,,,,Frage 1,,,,,,1.0,-1.0,-1.0,-1.0,-1.0,0.03388974098219233,0.0,36856.822999999975,-1.0,-1.0,-1.0,-1.0,-1.0,-1.0,4.0,4.0,1.0,0.4762576401214801,0.3955127310509079,,,,,,,,,,,,,,,,,,,,,,,
2250,36856.0233,,,,,,Frage 1,,,,,,1.0,-1.0,-1.0,-1.0,-1.0,0.0,0.0,36873.478,-1.0,-1.0,-1.0,-1.0,-1.0,-1.0,4.0,4.0,1.0,0.4759322966953752,0.3954061960765668,,,,,,,,,,,,,,,,,,,,,,,
2251,36872.6759,,,,,,Frage 1,,,,,,1.0,-1.0,-1.0,-1.0,-1.0,0.0,0.0,36890.13199999998,-1.0,-1.0,-1.0,-1.0,-1.0,-1.0,4.0,4.0,1.0,0.4759322966953752,0.3954061960765668,,,,,,,,,,,,,,,,,,,,,,,
2252,36889.3329,,,,,,Frage 1,,,,,,1.0,-1.0,-1.0,-1.0,-1.0,0.0,0.0,36906.78700000001,-1.0,-1.0,-1.0,-1.0,-1.0,-1.0,4.0,4.0,1.0,0.4759322966953752,0.3954061960765668,,,,,,,,,,,,,,,,,,,,,,,
2253,36905.9858,,,,,,Frage 1,,,,,,1.0,-1.0,-1.0,-1.0,-1.0,0.0,0.0,36923.44200000004,-1.0,-1.0,-1.0,-1.0,-1.0,-1.0,4.0,4.0,1.0,0.4759322966953752,0.3954061960765668,,,,,,,,,,,,,,,,,,,,,,,
2254,36922.6428,,,,,,Frage 1,,,,,,1.0,-1.0,-1.0,-1.0,-1.0,0.0,0.0,36940.09700000008,-1.0,-1.0,-1.0,-1.0,-1.0,-1.0,4.0,4.0,1.0,0.4759322966953752,0.3954061960765668,,,,,,,,,,,,,,,,,,,,,,,
2255,36939.2963,,,,,,Frage 1,,,,,,1.0,-1.0,-1.0,-1.0,-1.0,0.0,0.018097082863962055,36956.75100000005,-1.0,-1.0,-1.0,-1.0,-1.0,-1.0,4.0,4.0,1.0,0.47307184518740275,0.394481298666511,,,,,,,,,,,,,,,,,,,,,,,
2256,36955.9502,,,,,,Frage 1,,,,,,1.0,-1.0,-1.0,-1.0,-1.0,0.0,0.018097082863962055,36973.40600000008,-1.0,-1.0,-1.0,-1.0,-1.0,-1.0,4.0,4.0,1.0,0.47307184518740275,0.394481298666511,,,,,,,,,,,,,,,,,,,,,,,
2257,36972.6061,,,,,,Frage 1,,,,,,1.0,-1.0,-1.0,-1.0,-1.0,0.0,0.0,36990.061,-1.0,-1.0,-1.0,-1.0,-1.0,-1.0,4.0,4.0,1.0,0.4759322966953752,0.3954061960765668,,,,,,,,,,,,,,,,,,,,,,,
2258,36989.2596,,,,,,Frage 1,,,,,,1.0,-1.0,-1.0,-1.0,-1.0,0.0,0.0,37006.71499999997,-1.0,-1.0,-1.0,-1.0,-1.0,-1.0,4.0,4.0,1.0,0.4759322966953752,0.3954061960765668,,,,,,,,,,,,,,,,,,,,,,,
2259,37005.9157,,,,,,Frage 1,,,,,,1.0,-1.0,-1.0,-1.0,-1.0,0.6585048574425887,0.6495113533451946,37023.37,-1.0,-1.0,-1.0,-1.0,-1.0,-1.0,4.0,4.0,1.0,0.37959439571535225,0.3642823432120883,,,,,,,,,,,,,,,,,,,,,,,
2260,37022.571,,,,,,Frage 1,,,,,,1.0,-1.0,-1.0,-1.0,-1.0,0.0,0.0,37040.025000000016,-1.0,-1.0,-1.0,-1.0,-1.0,-1.0,4.0,4.0,1.0,0.4759322966953752,0.3954061960765668,,,,,,,,,,,,,,,,,,,,,,,
2261,37039.2236,,,,,,Frage 1,,,,,,1.0,-1.0,-1.0,-1.0,-1.0,0.0,0.0,37056.679,-1.0,-1.0,-1.0,-1.0,-1.0,-1.0,4.0,4.0,1.0,0.4759322966953752,0.3954061960765668,,,,,,,,,,,,,,,,,,,,,,,
2262,37055.88,,,,,,Frage 1,,,,,,1.0,-1.0,-1.0,-1.0,-1.0,0.0,0.0,37073.33400000003,-1.0,-1.0,-1.0,-1.0,-1.0,-1.0,4.0,4.0,1.0,0.4759322966953752,0.3954061960765668,,,,,,,,,,,,,,,,,,,,,,,
2263,37072.5337,,,,,,Frage 1,,,,,,1.0,-1.0,-1.0,-1.0,-1.0,0.0,0.0,37089.98900000006,-1.0,-1.0,-1.0,-1.0,-1.0,-1.0,4.0,4.0,1.0,0.4759322966953752,0.3954061960765668,,,,,,,,,,,,,,,,,,,,,,,
2264,37089.188,,,,,,Frage 1,,,,,,1.0,-1.0,-1.0,-1.0,-1.0,0.0,0.0,37106.64300000004,-1.0,-1.0,-1.0,-1.0,-1.0,-1.0,4.0,4.0,1.0,0.4759322966953752,0.3954061960765668,,,,,,,,,,,,,,,,,,,,,,,
2265,37105.8435,,,,,,Frage 1,,,,,,1.0,-1.0,-1.0,-1.0,-1.0,0.0,0.0,37123.29800000008,-1.0,-1.0,-1.0,-1.0,-1.0,-1.0,4.0,4.0,1.0,0.4759322966953752,0.3954061960765668,,,,,,,,,,,,,,,,,,,,,,,
2266,37122.4975,,,,,,Frage 1,,,,,,1.0,-1.0,-1.0,-1.0,-1.0,0.0,0.0,37139.95299999998,-1.0,-1.0,-1.0,-1.0,-1.0,-1.0,4.0,4.0,1.0,0.4759322966953752,0.3954061960765668,,,,,,,,,,,,,,,,,,,,,,,
2267,37139.1526,,,,,,Frage 1,,,,,,1.0,-1.0,-1.0,-1.0,-1.0,0.0,0.0,37156.60699999996,-1.0,-1.0,-1.0,-1.0,-1.0,-1.0,4.0,4.0,1.0,0.4759322966953752,0.3954061960765668,,,,,,,,,,,,,,,,,,,,,,,
2268,37155.8062,,,,,,Frage 1,,,,,,1.0,-1.0,-1.0,-1.0,-1.0,0.0,0.0,37173.262,-1.0,-1.0,-1.0,-1.0,-1.0,-1.0,4.0,4.0,1.0,0.4759322966953752,0.3954061960765668,,,,,,,,,,,,,,,,,,,,,,,
2269,37172.4621,,,,,,Frage 1,,,,,,1.0,-1.0,-1.0,-1.0,-1.0,0.0,0.0,37189.917000000016,-1.0,-1.0,-1.0,-1.0,-1.0,-1.0,4.0,4.0,1.0,0.4759322966953752,0.3954061960765668,,,,,,,,,,,,,,,,,,,,,,,
2270,37189.1171,,,,,,Frage 1,,,,,,1.0,-1.0,-1.0,-1.0,-1.0,0.0,0.0,37206.57200000005,-1.0,-1.0,-1.0,-1.0,-1.0,-1.0,4.0,4.0,1.0,0.4759322966953752,0.3954061960765668,,,,,,,,,,,,,,,,,,,,,,,
2271,37205.7702,,,,,,Frage 1,,,,,,1.0,-1.0,-1.0,-1.0,-1.0,0.0,0.0,37223.22600000002,-1.0,-1.0,-1.0,-1.0,-1.0,-1.0,4.0,4.0,1.0,0.4759322966953752,0.3954061960765668,,,,,,,,,,,,,,,,,,,,,,,
2272,37222.4264,,,,,,Frage 1,,,,,,1.0,-1.0,-1.0,-1.0,-1.0,0.0,0.0,37239.881000000045,-1.0,-1.0,-1.0,-1.0,-1.0,-1.0,4.0,4.0,1.0,0.4759322966953752,0.3954061960765668,,,,,,,,,,,,,,,,,,,,,,,
2273,37239.0809,,,,,,Frage 1,,,,,,1.0,-1.0,-1.0,-1.0,-1.0,0.0,0.0,37256.53599999997,-1.0,-1.0,-1.0,-1.0,-1.0,-1.0,4.0,4.0,1.0,0.4759322966953752,0.3954061960765668,,,,,,,,,,,,,,,,,,,,,,,
2274,37255.7345,,,,,,Frage 1,,,,,,1.0,-1.0,-1.0,-1.0,-1.0,0.0,0.018097082863962055,37273.19000000006,-1.0,-1.0,-1.0,-1.0,-1.0,-1.0,4.0,4.0,1.0,0.47307184518740275,0.394481298666511,,,,,,,,,,,,,,,,,,,,,,,
2275,37272.3903,,,,,,Frage 1,,,,,,1.0,-1.0,-1.0,-1.0,-1.0,0.0,0.0,37289.844999999965,-1.0,-1.0,-1.0,-1.0,-1.0,-1.0,4.0,4.0,1.0,0.4759322966953752,0.3954061960765668,,,,,,,,,,,,,,,,,,,,,,,
2276,37282.7989,,,,,,Frage 1,1.0,0.376108050346375,29.4080306634664,0.387271374464035,202.70703125,,,,,,0.6585048574425887,0.6495113533451946,,,,,,,,,,,0.37959439571535225,0.3642823432120883,,,,,,,,,,,,,,,,,,,,,,,
2277,37289.0446,,,,,,Frage 1,,,,,,1.0,-1.0,-1.0,-1.0,-1.0,0.0,0.0,37306.5,-1.0,-1.0,-1.0,-1.0,-1.0,-1.0,4.0,4.0,1.0,0.4759322966953752,0.3954061960765668,,,,,,,,,,,,,,,,,,,,,,,
2278,37305.6991,,,,,,Frage 1,,,,,,1.0,-1.0,-1.0,-1.0,-1.0,0.0,0.0,37323.15399999998,-1.0,-1.0,-1.0,-1.0,-1.0,-1.0,4.0,4.0,1.0,0.4759322966953752,0.3954061960765668,,,,,,,,,,,,,,,,,,,,,,,
2279,37322.3531,,,,,,Frage 1,,,,,,1.0,-1.0,-1.0,-1.0,-1.0,0.0,0.0,37339.80900000001,-1.0,-1.0,-1.0,-1.0,-1.0,-1.0,4.0,4.0,1.0,0.4759322966953752,0.3954061960765668,,,,,,,,,,,,,,,,,,,,,,,
2280,37339.0097,,,,,,Frage 1,,,,,,1.0,-1.0,-1.0,-1.0,-1.0,0.0,0.0,37356.46400000004,-1.0,-1.0,-1.0,-1.0,-1.0,-1.0,4.0,4.0,1.0,0.4759322966953752,0.3954061960765668,,,,,,,,,,,,,,,,,,,,,,,
2281,37355.6632,,,,,,Frage 1,,,,,,1.0,-1.0,-1.0,-1.0,-1.0,0.0,0.0,37373.11800000002,-1.0,-1.0,-1.0,-1.0,-1.0,-1.0,4.0,4.0,1.0,0.4759322966953752,0.3954061960765668,,,,,,,,,,,,,,,,,,,,,,,
2282,37372.3185,,,,,,Frage 1,,,,,,1.0,-1.0,-1.0,-1.0,-1.0,0.0,0.0,37389.773000000045,-1.0,-1.0,-1.0,-1.0,-1.0,-1.0,4.0,4.0,1.0,0.4759322966953752,0.3954061960765668,,,,,,,,,,,,,,,,,,,,,,,
2283,37388.9736,,,,,,Frage 1,,,,,,1.0,-1.0,-1.0,-1.0,-1.0,0.0,0.0,37406.42800000007,-1.0,-1.0,-1.0,-1.0,-1.0,-1.0,4.0,4.0,1.0,0.4759322966953752,0.3954061960765668,,,,,,,,,,,,,,,,,,,,,,,
2284,37405.626,,,,,,Frage 1,,,,,,1.0,-1.0,-1.0,-1.0,-1.0,0.0,0.0,37423.082000000046,-1.0,-1.0,-1.0,-1.0,-1.0,-1.0,4.0,4.0,1.0,0.4759322966953752,0.3954061960765668,,,,,,,,,,,,,,,,,,,,,,,
2285,37422.2828,,,,,,Frage 1,,,,,,1.0,-1.0,-1.0,-1.0,-1.0,0.0,0.0,37439.736999999965,-1.0,-1.0,-1.0,-1.0,-1.0,-1.0,4.0,4.0,1.0,0.4759322966953752,0.3954061960765668,,,,,,,,,,,,,,,,,,,,,,,
2286,37438.9361,,,,,,Frage 1,,,,,,1.0,-1.0,-1.0,-1.0,-1.0,0.0,0.0,37456.39199999999,-1.0,-1.0,-1.0,-1.0,-1.0,-1.0,4.0,4.0,1.0,0.4759322966953752,0.3954061960765668,,,,,,,,,,,,,,,,,,,,,,,
2287,37455.5922,,,,,,Frage 1,,,,,,1.0,-1.0,-1.0,-1.0,-1.0,0.0,0.0,37473.04700000002,-1.0,-1.0,-1.0,-1.0,-1.0,-1.0,4.0,4.0,1.0,0.4759322966953752,0.3954061960765668,,,,,,,,,,,,,,,,,,,,,,,
2288,37472.2468,,,,,,Frage 1,,,,,,1.0,-1.0,-1.0,-1.0,-1.0,0.0,0.0,37489.701,-1.0,-1.0,-1.0,-1.0,-1.0,-1.0,4.0,4.0,1.0,0.4759322966953752,0.3954061960765668,,,,,,,,,,,,,,,,,,,,,,,
2289,37488.9008,,,,,,Frage 1,,,,,,1.0,-1.0,-1.0,-1.0,-1.0,0.03388974098219233,0.0,37506.35600000002,-1.0,-1.0,-1.0,-1.0,-1.0,-1.0,4.0,4.0,1.0,0.4762576401214801,0.3955127310509079,,,,,,,,,,,,,,,,,,,,,,,
2290,37505.557,,,,,,Frage 1,,,,,,1.0,-1.0,-1.0,-1.0,-1.0,0.0,0.0,37523.01100000006,-1.0,-1.0,-1.0,-1.0,-1.0,-1.0,4.0,4.0,1.0,0.4759322966953752,0.3954061960765668,,,,,,,,,,,,,,,,,,,,,,,
2291,37522.209,,,,,,Frage 1,,,,,,1.0,-1.0,-1.0,-1.0,-1.0,0.0,0.0,37539.66500000004,-1.0,-1.0,-1.0,-1.0,-1.0,-1.0,4.0,4.0,1.0,0.4759322966953752,0.3954061960765668,,,,,,,,,,,,,,,,,,,,,,,
2292,37538.8655,,,,,,Frage 1,,,,,,1.0,-1.0,-1.0,-1.0,-1.0,0.0,0.0,37556.32000000007,-1.0,-1.0,-1.0,-1.0,-1.0,-1.0,4.0,4.0,1.0,0.4759322966953752,0.3954061960765668,,,,,,,,,,,,,,,,,,,,,,,
2293,37555.5201,,,,,,Frage 1,,,,,,1.0,-1.0,-1.0,-1.0,-1.0,0.0,0.018097082863962055,37572.97499999998,-1.0,-1.0,-1.0,-1.0,-1.0,-1.0,4.0,4.0,1.0,0.47307184518740275,0.394481298666511,,,,,,,,,,,,,,,,,,,,,,,
2294,37572.1735,,,,,,Frage 1,,,,,,1.0,-1.0,-1.0,-1.0,-1.0,0.0,0.0,37589.62900000008,-1.0,-1.0,-1.0,-1.0,-1.0,-1.0,4.0,4.0,1.0,0.4759322966953752,0.3954061960765668,,,,,,,,,,,,,,,,,,,,,,,
2295,37588.8302,,,,,,Frage 1,,,,,,1.0,-1.0,-1.0,-1.0,-1.0,0.0,0.0,37606.28399999999,-1.0,-1.0,-1.0,-1.0,-1.0,-1.0,4.0,4.0,1.0,0.4759322966953752,0.3954061960765668,,,,,,,,,,,,,,,,,,,,,,,
2296,37605.4829,,,,,,Frage 1,,,,,,1.0,-1.0,-1.0,-1.0,-1.0,0.0,0.0,37622.939000000006,-1.0,-1.0,-1.0,-1.0,-1.0,-1.0,4.0,4.0,1.0,0.4759322966953752,0.3954061960765668,,,,,,,,,,,,,,,,,,,,,,,
2297,37622.1383,,,,,,Frage 1,,,,,,1.0,-1.0,-1.0,-1.0,-1.0,0.0,0.0,37639.59299999999,-1.0,-1.0,-1.0,-1.0,-1.0,-1.0,4.0,4.0,1.0,0.4759322966953752,0.3954061960765668,,,,,,,,,,,,,,,,,,,,,,,
2298,37638.7934,,,,,,Frage 1,,,,,,1.0,-1.0,-1.0,-1.0,-1.0,0.0,0.0,37656.248000000014,-1.0,-1.0,-1.0,-1.0,-1.0,-1.0,4.0,4.0,1.0,0.4759322966953752,0.3954061960765668,,,,,,,,,,,,,,,,,,,,,,,
2299,37655.4476,,,,,,Frage 1,,,,,,1.0,-1.0,-1.0,-1.0,-1.0,0.0,0.0,37672.90300000005,-1.0,-1.0,-1.0,-1.0,-1.0,-1.0,4.0,4.0,1.0,0.4759322966953752,0.3954061960765668,,,,,,,,,,,,,,,,,,,,,,,
2300,37672.1029,,,,,,Frage 1,,,,,,1.0,-1.0,-1.0,-1.0,-1.0,0.0,0.0,37689.55700000003,-1.0,-1.0,-1.0,-1.0,-1.0,-1.0,4.0,4.0,1.0,0.4759322966953752,0.3954061960765668,,,,,,,,,,,,,,,,,,,,,,,
2301,37688.7567,,,,,,Frage 1,,,,,,1.0,-1.0,-1.0,-1.0,-1.0,0.03388974098219233,0.0,37706.21200000006,-1.0,-1.0,-1.0,-1.0,-1.0,-1.0,4.0,4.0,1.0,0.4762576401214801,0.3955127310509079,,,,,,,,,,,,,,,,,,,,,,,
2302,37705.421,,,,,,Frage 1,,,,,,1.0,-1.0,-1.0,-1.0,-1.0,0.0,0.0,37722.86699999997,-1.0,-1.0,-1.0,-1.0,-1.0,-1.0,4.0,4.0,1.0,0.4759322966953752,0.3954061960765668,,,,,,,,,,,,,,,,,,,,,,,
2303,37722.0675,,,,,,Frage 1,,,,,,1.0,-1.0,-1.0,-1.0,-1.0,0.0,0.018097082863962055,37739.522,-1.0,-1.0,-1.0,-1.0,-1.0,-1.0,4.0,4.0,1.0,0.47307184518740275,0.394481298666511,,,,,,,,,,,,,,,,,,,,,,,
2304,37738.7204,,,,,,Frage 1,,,,,,1.0,-1.0,-1.0,-1.0,-1.0,0.0,0.0,37756.17599999998,-1.0,-1.0,-1.0,-1.0,-1.0,-1.0,4.0,4.0,1.0,0.4759322966953752,0.3954061960765668,,,,,,,,,,,,,,,,,,,,,,,
2305,37755.377,,,,,,Frage 1,,,,,,1.0,-1.0,-1.0,-1.0,-1.0,0.0,0.0,37772.831000000006,-1.0,-1.0,-1.0,-1.0,-1.0,-1.0,4.0,4.0,1.0,0.4759322966953752,0.3954061960765668,,,,,,,,,,,,,,,,,,,,,,,
2306,37772.0298,,,,,,Frage 1,,,,,,1.0,-1.0,-1.0,-1.0,-1.0,0.0,0.0,37789.48600000003,-1.0,-1.0,-1.0,-1.0,-1.0,-1.0,4.0,4.0,1.0,0.4759322966953752,0.3954061960765668,,,,,,,,,,,,,,,,,,,,,,,
2307,37788.6841,,,,,,Frage 1,,,,,,1.0,-1.0,-1.0,-1.0,-1.0,0.0,0.0,37806.140000000014,-1.0,-1.0,-1.0,-1.0,-1.0,-1.0,4.0,4.0,1.0,0.4759322966953752,0.3954061960765668,,,,,,,,,,,,,,,,,,,,,,,
2308,37805.3405,,,,,,Frage 1,,,,,,1.0,-1.0,-1.0,-1.0,-1.0,0.0,0.0,37822.79500000004,-1.0,-1.0,-1.0,-1.0,-1.0,-1.0,4.0,4.0,1.0,0.4759322966953752,0.3954061960765668,,,,,,,,,,,,,,,,,,,,,,,
2309,37821.9939,,,,,,Frage 1,,,,,,1.0,-1.0,-1.0,-1.0,-1.0,0.0,0.0,37839.45000000007,-1.0,-1.0,-1.0,-1.0,-1.0,-1.0,4.0,4.0,1.0,0.4759322966953752,0.3954061960765668,,,,,,,,,,,,,,,,,,,,,,,
2310,37838.6496,,,,,,Frage 1,,,,,,1.0,-1.0,-1.0,-1.0,-1.0,0.0,0.0,37856.10400000005,-1.0,-1.0,-1.0,-1.0,-1.0,-1.0,4.0,4.0,1.0,0.4759322966953752,0.3954061960765668,,,,,,,,,,,,,,,,,,,,,,,
2311,37855.3032,,,,,,Frage 1,,,,,,1.0,-1.0,-1.0,-1.0,-1.0,0.0,0.0,37872.75899999996,-1.0,-1.0,-1.0,-1.0,-1.0,-1.0,4.0,4.0,1.0,0.4759322966953752,0.3954061960765668,,,,,,,,,,,,,,,,,,,,,,,
2312,37871.9589,,,,,,Frage 1,,,,,,1.0,-1.0,-1.0,-1.0,-1.0,0.0,0.0,37889.41399999999,-1.0,-1.0,-1.0,-1.0,-1.0,-1.0,4.0,4.0,1.0,0.4759322966953752,0.3954061960765668,,,,,,,,,,,,,,,,,,,,,,,
2313,37888.614,,,,,,Frage 1,,,,,,1.0,-1.0,-1.0,-1.0,-1.0,0.0,0.018097082863962055,37906.06799999997,-1.0,-1.0,-1.0,-1.0,-1.0,-1.0,4.0,4.0,1.0,0.47307184518740275,0.394481298666511,,,,,,,,,,,,,,,,,,,,,,,
2314,37905.2669,,,,,,Frage 1,,,,,,1.0,-1.0,-1.0,-1.0,-1.0,0.0,0.0,37922.723,-1.0,-1.0,-1.0,-1.0,-1.0,-1.0,4.0,4.0,1.0,0.4759322966953752,0.3954061960765668,,,,,,,,,,,,,,,,,,,,,,,
2315,37921.9234,,,,,,Frage 1,,,,,,1.0,-1.0,-1.0,-1.0,-1.0,0.0,0.0,37939.378000000026,-1.0,-1.0,-1.0,-1.0,-1.0,-1.0,4.0,4.0,1.0,0.4759322966953752,0.3954061960765668,,,,,,,,,,,,,,,,,,,,,,,
2316,37938.5765,,,,,,Frage 1,,,,,,1.0,-1.0,-1.0,-1.0,-1.0,0.0,0.0,37956.03200000001,-1.0,-1.0,-1.0,-1.0,-1.0,-1.0,4.0,4.0,1.0,0.4759322966953752,0.3954061960765668,,,,,,,,,,,,,,,,,,,,,,,
2317,37955.2327,,,,,,Frage 1,,,,,,1.0,-1.0,-1.0,-1.0,-1.0,0.0,0.0,37972.687000000034,-1.0,-1.0,-1.0,-1.0,-1.0,-1.0,4.0,4.0,1.0,0.4759322966953752,0.3954061960765668,,,,,,,,,,,,,,,,,,,,,,,
2318,37971.8879,,,,,,Frage 1,,,,,,1.0,-1.0,-1.0,-1.0,-1.0,0.0,0.0,37989.34200000006,-1.0,-1.0,-1.0,-1.0,-1.0,-1.0,4.0,4.0,1.0,0.4759322966953752,0.3954061960765668,,,,,,,,,,,,,,,,,,,,,,,
2319,37988.5413,,,,,,Frage 1,,,,,,1.0,-1.0,-1.0,-1.0,-1.0,0.0,0.0,38005.99699999997,-1.0,-1.0,-1.0,-1.0,-1.0,-1.0,4.0,4.0,1.0,0.4759322966953752,0.3954061960765668,,,,,,,,,,,,,,,,,,,,,,,
2320,38005.1972,,,,,,Frage 1,,,,,,1.0,-1.0,-1.0,-1.0,-1.0,0.0,0.0,38022.65100000007,-1.0,-1.0,-1.0,-1.0,-1.0,-1.0,4.0,4.0,1.0,0.4759322966953752,0.3954061960765668,,,,,,,,,,,,,,,,,,,,,,,
2321,38021.8505,,,,,,Frage 1,,,,,,1.0,-1.0,-1.0,-1.0,-1.0,0.0,0.0,38039.30599999998,-1.0,-1.0,-1.0,-1.0,-1.0,-1.0,4.0,4.0,1.0,0.4759322966953752,0.3954061960765668,,,,,,,,,,,,,,,,,,,,,,,
2322,38038.5121,,,,,,Frage 1,,,,,,1.0,-1.0,-1.0,-1.0,-1.0,0.0,0.0,38055.96100000001,-1.0,-1.0,-1.0,-1.0,-1.0,-1.0,4.0,4.0,1.0,0.4759322966953752,0.3954061960765668,,,,,,,,,,,,,,,,,,,,,,,
2323,38055.1607,,,,,,Frage 1,,,,,,1.0,-1.0,-1.0,-1.0,-1.0,0.0,0.0,38072.61499999999,-1.0,-1.0,-1.0,-1.0,-1.0,-1.0,4.0,4.0,1.0,0.4759322966953752,0.3954061960765668,,,,,,,,,,,,,,,,,,,,,,,
2324,38071.8146,,,,,,Frage 1,,,,,,1.0,-1.0,-1.0,-1.0,-1.0,0.03388974098219233,0.0,38089.27000000002,-1.0,-1.0,-1.0,-1.0,-1.0,-1.0,4.0,4.0,1.0,0.4762576401214801,0.3955127310509079,,,,,,,,,,,,,,,,,,,,,,,
2325,38088.4706,,,,,,Frage 1,,,,,,1.0,-1.0,-1.0,-1.0,-1.0,0.0,0.0,38105.92500000005,-1.0,-1.0,-1.0,-1.0,-1.0,-1.0,4.0,4.0,1.0,0.4759322966953752,0.3954061960765668,,,,,,,,,,,,,,,,,,,,,,,
2326,38105.1229,,,,,,Frage 1,,,,,,1.0,-1.0,-1.0,-1.0,-1.0,0.0,0.0,38122.57900000003,-1.0,-1.0,-1.0,-1.0,-1.0,-1.0,4.0,4.0,1.0,0.4759322966953752,0.3954061960765668,,,,,,,,,,,,,,,,,,,,,,,
2327,38121.7794,,,,,,Frage 1,,,,,,1.0,-1.0,-1.0,-1.0,-1.0,0.0,0.0,38139.234000000055,-1.0,-1.0,-1.0,-1.0,-1.0,-1.0,4.0,4.0,1.0,0.4759322966953752,0.3954061960765668,,,,,,,,,,,,,,,,,,,,,,,
2328,38138.4341,,,,,,Frage 1,,,,,,1.0,-1.0,-1.0,-1.0,-1.0,0.03388974098219233,0.0,38155.88899999997,-1.0,-1.0,-1.0,-1.0,-1.0,-1.0,4.0,4.0,1.0,0.4762576401214801,0.3955127310509079,,,,,,,,,,,,,,,,,,,,,,,
2329,38155.0871,,,,,,Frage 1,,,,,,1.0,-1.0,-1.0,-1.0,-1.0,0.0,0.018097082863962055,38172.54300000006,-1.0,-1.0,-1.0,-1.0,-1.0,-1.0,4.0,4.0,1.0,0.47307184518740275,0.394481298666511,,,,,,,,,,,,,,,,,,,,,,,
2330,38171.7438,,,,,,Frage 1,,,,,,1.0,-1.0,-1.0,-1.0,-1.0,0.0,0.0,38189.197999999975,-1.0,-1.0,-1.0,-1.0,-1.0,-1.0,4.0,4.0,1.0,0.4759322966953752,0.3954061960765668,,,,,,,,,,,,,,,,,,,,,,,
2331,38188.3968,,,,,,Frage 1,,,,,,1.0,-1.0,-1.0,-1.0,-1.0,0.0,0.0,38205.853,-1.0,-1.0,-1.0,-1.0,-1.0,-1.0,4.0,4.0,1.0,0.4759322966953752,0.3954061960765668,,,,,,,,,,,,,,,,,,,,,,,
2332,38205.0522,,,,,,Frage 1,,,,,,1.0,-1.0,-1.0,-1.0,-1.0,0.0,0.018097082863962055,38222.50699999998,-1.0,-1.0,-1.0,-1.0,-1.0,-1.0,4.0,4.0,1.0,0.47307184518740275,0.394481298666511,,,,,,,,,,,,,,,,,,,,,,,
2333,38221.7077,,,,,,Frage 1,,,,,,1.0,-1.0,-1.0,-1.0,-1.0,0.0,0.0,38239.16200000001,-1.0,-1.0,-1.0,-1.0,-1.0,-1.0,4.0,4.0,1.0,0.4759322966953752,0.3954061960765668,,,,,,,,,,,,,,,,,,,,,,,
2334,38238.3608,,,,,,Frage 1,,,,,,1.0,-1.0,-1.0,-1.0,-1.0,0.0,0.0,38255.81700000004,-1.0,-1.0,-1.0,-1.0,-1.0,-1.0,4.0,4.0,1.0,0.4759322966953752,0.3954061960765668,,,,,,,,,,,,,,,,,,,,,,,
2335,38255.0174,,,,,,Frage 1,,,,,,1.0,-1.0,-1.0,-1.0,-1.0,0.0,0.0,38272.47200000008,-1.0,-1.0,-1.0,-1.0,-1.0,-1.0,4.0,4.0,1.0,0.4759322966953752,0.3954061960765668,,,,,,,,,,,,,,,,,,,,,,,
2336,38271.6703,,,,,,Frage 1,,,,,,1.0,-1.0,-1.0,-1.0,-1.0,0.0,0.018097082863962055,38289.12600000005,-1.0,-1.0,-1.0,-1.0,-1.0,-1.0,4.0,4.0,1.0,0.47307184518740275,0.394481298666511,,,,,,,,,,,,,,,,,,,,,,,
2337,38288.3261,,,,,,Frage 1,,,,,,1.0,-1.0,-1.0,-1.0,-1.0,0.0,0.0,38305.78100000008,-1.0,-1.0,-1.0,-1.0,-1.0,-1.0,4.0,4.0,1.0,0.4759322966953752,0.3954061960765668,,,,,,,,,,,,,,,,,,,,,,,
2338,38300.9241,,,,,,Frage 1,1.0,0.628864109516144,29.4076917229268,0.191836029291153,202.70703125,,,,,,0.6585048574425887,0.6495113533451946,,,,,,,,,,,0.37959439571535225,0.3642823432120883,,,,,,,,,,,,,,,,,,,,,,,
2339,38304.9819,,,,,,Frage 1,,,,,,1.0,-1.0,-1.0,-1.0,-1.0,0.0,0.0,38322.436,-1.0,-1.0,-1.0,-1.0,-1.0,-1.0,4.0,4.0,1.0,0.4759322966953752,0.3954061960765668,,,,,,,,,,,,,,,,,,,,,,,
2340,38321.6344,,,,,,Frage 1,,,,,,1.0,-1.0,-1.0,-1.0,-1.0,0.0,0.0,38339.08999999997,-1.0,-1.0,-1.0,-1.0,-1.0,-1.0,4.0,4.0,1.0,0.4759322966953752,0.3954061960765668,,,,,,,,,,,,,,,,,,,,,,,
2341,38338.2907,,,,,,Frage 1,,,,,,1.0,-1.0,-1.0,-1.0,-1.0,0.0,0.0,38355.745,-1.0,-1.0,-1.0,-1.0,-1.0,-1.0,4.0,4.0,1.0,0.4759322966953752,0.3954061960765668,,,,,,,,,,,,,,,,,,,,,,,
2342,38354.9444,,,,,,Frage 1,,,,,,1.0,-1.0,-1.0,-1.0,-1.0,0.0,0.0,38372.400000000016,-1.0,-1.0,-1.0,-1.0,-1.0,-1.0,4.0,4.0,1.0,0.4759322966953752,0.3954061960765668,,,,,,,,,,,,,,,,,,,,,,,
2343,38371.5997,,,,,,Frage 1,,,,,,1.0,-1.0,-1.0,-1.0,-1.0,0.0,0.0,38389.054,-1.0,-1.0,-1.0,-1.0,-1.0,-1.0,4.0,4.0,1.0,0.4759322966953752,0.3954061960765668,,,,,,,,,,,,,,,,,,,,,,,
2344,38388.2545,,,,,,Frage 1,,,,,,1.0,-1.0,-1.0,-1.0,-1.0,0.0,0.018097082863962055,38405.70900000003,-1.0,-1.0,-1.0,-1.0,-1.0,-1.0,4.0,4.0,1.0,0.47307184518740275,0.394481298666511,,,,,,,,,,,,,,,,,,,,,,,
2345,38404.9088,,,,,,Frage 1,,,,,,1.0,-1.0,-1.0,-1.0,-1.0,0.0,0.0,38422.36400000006,-1.0,-1.0,-1.0,-1.0,-1.0,-1.0,4.0,4.0,1.0,0.4759322966953752,0.3954061960765668,,,,,,,,,,,,,,,,,,,,,,,
2346,38421.5624,,,,,,Frage 1,,,,,,1.0,-1.0,-1.0,-1.0,-1.0,0.0,0.0,38439.01800000004,-1.0,-1.0,-1.0,-1.0,-1.0,-1.0,4.0,4.0,1.0,0.4759322966953752,0.3954061960765668,,,,,,,,,,,,,,,,,,,,,,,
2347,38438.2186,,,,,,Frage 1,,,,,,1.0,-1.0,-1.0,-1.0,-1.0,0.0,0.0,38455.67300000008,-1.0,-1.0,-1.0,-1.0,-1.0,-1.0,4.0,4.0,1.0,0.4759322966953752,0.3954061960765668,,,,,,,,,,,,,,,,,,,,,,,
2348,38454.8734,,,,,,Frage 1,,,,,,1.0,-1.0,-1.0,-1.0,-1.0,0.0,0.0,38472.32799999998,-1.0,-1.0,-1.0,-1.0,-1.0,-1.0,4.0,4.0,1.0,0.4759322966953752,0.3954061960765668,,,,,,,,,,,,,,,,,,,,,,,
2349,38471.5264,,,,,,Frage 1,,,,,,1.0,-1.0,-1.0,-1.0,-1.0,0.0,0.0,38488.98199999996,-1.0,-1.0,-1.0,-1.0,-1.0,-1.0,4.0,4.0,1.0,0.4759322966953752,0.3954061960765668,,,,,,,,,,,,,,,,,,,,,,,
2350,38488.1825,,,,,,Frage 1,,,,,,1.0,-1.0,-1.0,-1.0,-1.0,0.0,0.0,38505.637,-1.0,-1.0,-1.0,-1.0,-1.0,-1.0,4.0,4.0,1.0,0.4759322966953752,0.3954061960765668,,,,,,,,,,,,,,,,,,,,,,,
2351,38504.8367,,,,,,Frage 1,,,,,,1.0,-1.0,-1.0,-1.0,-1.0,0.0,0.0,38522.292000000016,-1.0,-1.0,-1.0,-1.0,-1.0,-1.0,4.0,4.0,1.0,0.4759322966953752,0.3954061960765668,,,,,,,,,,,,,,,,,,,,,,,
2352,38521.4929,,,,,,Frage 1,,,,,,1.0,-1.0,-1.0,-1.0,-1.0,0.0,0.018097082863962055,38538.94700000005,-1.0,-1.0,-1.0,-1.0,-1.0,-1.0,4.0,4.0,1.0,0.47307184518740275,0.394481298666511,,,,,,,,,,,,,,,,,,,,,,,
2353,38538.1465,,,,,,Frage 1,,,,,,1.0,-1.0,-1.0,-1.0,-1.0,0.0,0.0,38555.60100000002,-1.0,-1.0,-1.0,-1.0,-1.0,-1.0,4.0,4.0,1.0,0.4759322966953752,0.3954061960765668,,,,,,,,,,,,,,,,,,,,,,,
2354,38554.8001,,,,,,Frage 1,,,,,,1.0,-1.0,-1.0,-1.0,-1.0,0.0,0.0,38572.256000000045,-1.0,-1.0,-1.0,-1.0,-1.0,-1.0,4.0,4.0,1.0,0.4759322966953752,0.3954061960765668,,,,,,,,,,,,,,,,,,,,,,,
2355,38584.7692,,,,,,Frage 1,,,,,,1.0,-1.0,-1.0,-1.0,-1.0,0.0,0.0,38602.223,-1.0,-1.0,-1.0,-1.0,-1.0,-1.0,4.0,4.0,1.0,0.4759322966953752,0.3954061960765668,,,,,,,,,,,,,,,,,,,,,,,
2356,38601.4223,,,,,,Frage 1,,,,,,1.0,-1.0,-1.0,-1.0,-1.0,0.0,0.0,38618.878000000026,-1.0,-1.0,-1.0,-1.0,-1.0,-1.0,4.0,4.0,1.0,0.4759322966953752,0.3954061960765668,,,,,,,,,,,,,,,,,,,,,,,
2357,38635.4718,,,,,,Frage 1,,,,,,1.0,-1.0,-1.0,-1.0,-1.0,0.0,0.0,38652.92599999998,-1.0,-1.0,-1.0,-1.0,-1.0,-1.0,4.0,4.0,1.0,0.4759322966953752,0.3954061960765668,,,,,,,,,,,,,,,,,,,,,,,
2358,38652.1252,,,,,,Frage 1,,,,,,1.0,362.0,503.0,354.0,502.0,0.8393002461320327,0.8187410946723376,38669.58000000008,512.6826782226562,509.38568115234375,0.6108115315437316,0.2666921019554138,0.4526703059673309,0.2885815799236297,0.0,0.0,1.0,0.40118697461537034,0.4635173058933582,358.0,502.5,511.0341796875,,,,,,,,,,,,,,,,,,,,
2359,38668.7795,,,,,,Frage 1,,,,,,1.0,362.0,503.0,354.0,502.0,0.8393002461320327,0.8187410946723376,38686.23499999999,512.4088134765625,509.2586669921875,0.6154869198799133,0.2629250884056091,0.4572389423847198,0.2858011126518249,0.0,0.0,1.0,0.18438914027149317,0.4635173058933582,358.0,502.5,510.833740234375,12.853340684918,,85.0,84.0,377.3125,504.6875,38660.45235,38793.69045,133.238099999995,0.509167227664493,,,,,,,,,,
2360,38685.4351,,,,,,Frage 1,,,,,,1.0,383.0,515.0,351.0,510.0,0.8351364709758912,0.8147477582678937,38702.890000000014,512.3827514648438,509.3556823730469,0.618639051914215,0.2645934224128723,0.4601981043815612,0.2876753807067871,0.0,0.0,1.0,0.18947963800904974,0.47287184284377914,367.0,512.5,510.869216918945,12.8531056792618,-0.0141097082196883,85.0,84.0,377.3125,504.6875,38660.45235,38793.69045,133.238099999995,0.509167227664493,,,,,,,,,,
2361,38702.0881,,,,,,Frage 1,,,,,,1.0,383.0,515.0,351.0,510.0,0.8117670340074591,0.8147477582678937,38719.544,512.1544189453125,509.25921630859375,0.6219783425331115,0.2634905874729156,0.4629694521427154,0.2860152125358581,0.0,0.0,1.0,0.18947963800904974,0.47287184284377914,367.0,512.5,510.706817626953,10.5462772625445,-138.523294104218,85.0,84.0,377.3125,504.6875,38660.45235,38793.69045,133.238099999995,0.509167227664493,,,,,,,,,,
2362,38718.744,,,,,,Frage 1,,,,,,1.0,392.0,502.0,362.0,513.0,0.8119727261995965,0.8122596231104637,38736.199000000015,511.9859924316406,509.1438293457031,0.62371426820755,0.2620909810066223,0.4636210799217224,0.2838824987411499,0.0,0.0,1.0,0.4038779331533229,0.4681945743685687,377.0,507.5,510.564910888672,26.5833170921778,962.844387252285,85.0,84.0,377.3125,504.6875,38660.45235,38793.69045,133.238099999995,0.509167227664493,,,,,,,,,,
2363,38735.4003,,,,,,Frage 1,,,,,,1.0,421.0,507.0,370.0,517.0,0.8355183999920122,0.8196704627020773,38752.85400000005,514.1800537109375,511.7165222167969,0.6323822140693665,0.2611318528652191,0.4721452593803405,0.2824244797229766,0.0,0.0,1.0,0.20559954751131218,0.47240411599625814,395.5,512.0,512.948287963867,16.4602960150775,-607.759290904872,85.0,84.0,377.3125,504.6875,38660.45235,38793.69045,133.238099999995,0.509167227664493,,,,,,,,,,
2364,38752.0528,,,,,,Frage 1,,,,,,1.0,421.0,501.0,367.0,505.0,0.8363022281688876,0.8215506251138275,38769.50800000003,522.7518920898438,520.3637084960938,0.6329236626625061,0.2610310912132263,0.4728491008281707,0.2817034125328064,0.0,0.0,1.0,0.40098380105413717,0.46398503274087927,394.0,503.0,521.557800292969,16.9462587826997,29.182571242894,85.0,84.0,377.3125,504.6875,38660.45235,38793.69045,133.238099999995,0.509167227664493,,,,,,,,,,
2365,38768.7089,,,,,,Frage 1,,,,,,1.0,409.0,495.0,363.0,499.0,0.8411424919744982,0.8427900259341612,38786.16300000006,522.5656127929688,520.2911987304688,0.6354295015335083,0.2608872056007385,0.4751276075839996,0.2811072170734405,0.0,0.0,1.0,0.20022624434389133,0.4583723105706267,386.0,497.0,521.428405761719,21.9228424047852,298.784446664312,85.0,84.0,377.3125,504.6875,38660.45235,38793.69045,133.238099999995,0.509167227664493,,,,,,,,,,
2366,38785.3627,,,,,,Frage 1,,,,,,1.0,401.0,490.0,347.0,491.0,0.8477975426737029,0.8495241349287705,38802.81799999997,526.9384155273438,524.7323608398438,0.6363614201545715,0.2608081102371215,0.4759343564510345,0.2805070877075195,0.0,0.0,1.0,0.19343891402714927,0.45229186155285306,374.0,490.5,525.835388183594,22.3337105417926,24.6711343361475,85.0,84.0,377.3125,504.6875,38660.45235,38793.69045,133.238099999995,0.509167227664493,,,,,,,,,,
2367,38802.0182,,,,,,Frage 1,,,,,,1.0,390.0,493.0,335.0,487.0,0.8510476837128493,0.8359678818979464,38819.47200000008,527.40576171875,525.3040771484375,0.6384837627410888,0.2607757747173309,0.4778815507888793,0.279979795217514,0.0,0.0,1.0,0.18693438914027147,0.451824134705332,362.5,490.0,526.354919433594,30.6765418953471,500.905487890137,,,,,,,,,109.0,109.0,38793.69045,38826.9995,33.3090500000035,0.813436248412826,31.1503621170073,500.905487890137,,223.315315682104
2368,38818.6712,,,,,,Frage 1,,,,,,1.0,375.0,473.0,315.0,474.0,0.8555559438639235,0.8401004895921494,38836.12699999998,529.4663696289064,527.4464111328125,0.6398689150810241,0.2608917653560638,0.4791438579559326,0.2795745432376861,0.0,0.0,1.0,0.17703619909502255,0.43638914873713747,345.0,473.5,528.456390380859,31.1503621170073,28.45254438601,,,,,,,,,109.0,109.0,38793.69045,38826.9995,33.3090500000035,0.813436248412826,31.1503621170073,500.905487890137,,223.315315682104
2369,38835.3278,,,,,,Frage 1,,,,,,1.0,369.0,464.0,305.0,471.0,0.857273376302428,0.8597304321868996,38852.78200000001,528.7879638671875,526.8619384765625,0.6417577862739563,0.2611458897590637,0.4808858633041381,0.2792758345603942,0.0,0.0,1.0,0.17251131221719454,0.43077642656688486,337.0,467.5,527.824951171875,11.822847856444,-1160.35170806532,86.0,85.0,335.95,453.2,38826.9995,38993.54645,166.546950000004,0.266991249847142,,,,,,,,,,
2370,38851.9817,,,,,,Frage 1,,,,,,1.0,368.0,468.0,306.0,459.0,0.858366741721127,0.8429555510322145,38869.436,530.6328125,528.771728515625,0.6426969170570374,0.2613920271396637,0.4817673861980438,0.2789967954158783,0.0,0.0,1.0,0.17251131221719454,0.42703461178671653,337.0,463.5,529.702270507813,8.58980992301214,-194.13098033688,86.0,85.0,335.95,453.2,38826.9995,38993.54645,166.546950000004,0.266991249847142,,,,,,,,,,
2371,38868.6352,,,,,,Frage 1,,,,,,1.0,367.0,460.0,309.0,457.0,0.8607506777367836,0.8435367408375561,38886.091000000015,529.6892700195312,527.9055786132812,0.644286036491394,0.2616195976734161,0.4832157492637634,0.27874755859375,0.0,0.0,1.0,0.17307692307692304,0.42235734331150604,338.0,458.5,528.797424316406,8.57049164531365,-1.16001307223645,86.0,85.0,335.95,453.2,38826.9995,38993.54645,166.546950000004,0.266991249847142,,,,,,,,,,
2372,38885.2914,,,,,,Frage 1,,,,,,1.0,361.0,457.0,311.0,452.0,0.8617342073599968,0.8449321320291827,38902.74600000004,530.60986328125,528.8782958984375,0.6450530886650085,0.2618124783039093,0.4839419722557067,0.2784798443317413,0.0,0.0,1.0,0.17194570135746606,0.41861552853133766,336.0,454.5,529.744079589844,3.82323873179141,-285.014163706058,86.0,85.0,335.95,453.2,38826.9995,38993.54645,166.546950000004,0.266991249847142,,,,,,,,,,
2373,38901.9457,,,,,,Frage 1,,,,,,1.0,368.0,454.0,309.0,455.0,0.8620262707252658,0.8431832060250903,38919.40100000007,529.7312622070312,528.061767578125,0.6462975144386292,0.262001097202301,0.4850786328315734,0.2782342731952667,0.0,0.0,1.0,0.17335972850678733,0.297489775153739,338.5,454.5,528.896514892578,3.16497297190462,-39.5252733460429,86.0,85.0,335.95,453.2,38826.9995,38993.54645,166.546950000004,0.266991249847142,,,,,,,,,,
2374,38918.6001,,,,,,Frage 1,,,,,,1.0,364.0,451.0,311.0,452.0,0.8606283606009018,0.8420984969413883,38936.05500000005,530.6849975585938,529.0515747070312,0.6467350125312805,0.2621974647045135,0.4855003356933593,0.2780510485172271,0.0,0.0,1.0,0.1727941176470588,0.4158091674462114,337.5,451.5,529.868286132813,9.34716958054816,371.205003400966,86.0,85.0,335.95,453.2,38826.9995,38993.54645,166.546950000004,0.266991249847142,,,,,,,,,,
2375,38935.2565,,,,,,Frage 1,,,,,,1.0,356.0,452.0,312.0,439.0,0.8570387271029811,0.8432019540833272,38952.70999999996,530.2184448242188,528.6278076171875,0.6475576758384703,0.2623425722122192,0.486257255077362,0.2778784334659576,0.0,0.0,1.0,0.17081447963800903,0.4101964452759588,334.0,445.5,529.423126220703,6.27639597124523,-184.359982307279,86.0,85.0,335.95,453.2,38826.9995,38993.54645,166.546950000004,0.266991249847142,,,,,,,,,,
2376,38951.909,,,,,,Frage 1,,,,,,1.0,359.0,450.0,313.0,440.0,0.856427141423572,0.8422645511714859,38969.36499999999,531.1625366210938,529.594970703125,0.647748053073883,0.2624605894088745,0.4864408373832702,0.2776930630207061,0.0,0.0,1.0,0.3747724833553832,0.4097287184284377,336.0,445.0,530.378753662109,0.642712561551013,-338.308566863558,86.0,85.0,335.95,453.2,38826.9995,38993.54645,166.546950000004,0.266991249847142,,,,,,,,,,
2377,38968.5645,,,,,,Frage 1,,,,,,1.0,358.0,446.0,311.0,446.0,0.8546622798915622,0.8390747029771917,38986.01899999997,530.89111328125,529.3517456054688,0.6482337117195129,0.2625829577445983,0.4868730008602142,0.277529627084732,0.0,0.0,1.0,0.17109728506787328,0.41066417212347983,334.5,446.0,530.121429443359,4.47742820143771,230.237197315393,86.0,85.0,335.95,453.2,38826.9995,38993.54645,166.546950000004,0.266991249847142,,,,,,,,,,
2378,38985.218,,,,,,Frage 1,,,,,,1.0,354.0,446.0,308.0,445.0,0.8527775974917499,0.8380917690667753,39002.674,531.6441650390625,530.1177368164064,0.6482653021812439,0.2626583576202392,0.4868899285793304,0.2773575186729431,0.0,0.0,1.0,0.16911764705882348,0.4101964452759588,331.0,445.5,530.880950927734,21.1654444957345,1002.07261502365,86.0,85.0,335.95,453.2,38826.9995,38993.54645,166.546950000004,0.266991249847142,,,,,,,,,,
2379,39001.8749,,,,,,Frage 1,,,,,,1.0,379.0,454.0,335.0,453.0,0.8527276721301656,0.8422806209356888,39019.32900000003,530.3203125,528.804443359375,0.6485618352890014,0.2627191245555877,0.4871293902397155,0.2772520184516906,0.0,0.0,1.0,0.18382352941176464,0.41768007483629555,357.0,453.5,529.562377929688,68.1717094035339,2822.0296038155,,,,,,,,,110.0,110.0,38993.54645,39026.85535,33.3088999999964,1.66879198638161,68.1717094035339,2822.0296038155,-1034.32388308792,357.686277502176
2380,39018.5281,,,,,,Frage 1,,,,,,1.0,436.0,458.0,377.0,445.0,0.8496073370311386,0.8397630245438866,39035.98300000001,530.1602783203125,528.6390991210938,0.6483562588691711,0.2627703547477722,0.4868766963481903,0.2771280407905578,0.0,0.0,1.0,0.37769751491341164,0.4158091674462114,406.5,451.5,529.399688720703,50.9469069136934,-1034.32388308792,,,,,,,,,110.0,110.0,38993.54645,39026.85535,33.3088999999964,1.66879198638161,68.1717094035339,2822.0296038155,-1034.32388308792,357.686277502176
2381,39035.1826,,,,,,Frage 1,,,,,,1.0,450.0,452.0,375.0,440.0,0.8492453781596514,0.8369856336308026,39052.63800000004,530.9016723632812,529.38623046875,0.6482556462287902,0.2629118263721466,0.4867629408836364,0.2770710885524749,0.0,0.0,1.0,0.21521493212669676,0.41066417212347983,412.5,446.0,530.143951416016,5.15549960513837,-2749.49156735798,87.0,86.0,401.913043478261,430.152173913044,39026.85535,39409.913,383.057650000002,0.538066121022016,,,,,,,,,,
2382,39051.8383,,,,,,Frage 1,,,,,,1.0,443.0,451.0,374.0,442.0,0.847043669713778,0.8350170875159358,39069.29300000006,531.6751098632812,530.16259765625,0.6481183171272277,0.2629904747009277,0.4866095185279846,0.2769864499568939,0.0,0.0,1.0,0.21295248868778274,0.31031637177904065,408.5,446.5,530.918853759766,7.38761679238998,134.015213245388,87.0,86.0,401.913043478261,430.152173913044,39026.85535,39409.913,383.057650000002,0.538066121022016,,,,,,,,,,
2383,39068.4915,,,,,,Frage 1,,,,,,1.0,439.0,446.0,372.0,438.0,0.8436237824452444,0.8324432469494232,39085.94700000005,531.896484375,530.3827514648438,0.6480131745338439,0.2630505263805389,0.4864652752876281,0.2769450843334198,0.0,0.0,1.0,0.21125565610859723,0.40692235734331145,405.5,442.0,531.139617919922,4.70361974143424,-161.170048456562,87.0,86.0,401.913043478261,430.152173913044,39026.85535,39409.913,383.057650000002,0.538066121022016,,,,,,,,,,
2384,39085.1552,,,,,,Frage 1,,,,,,1.0,438.0,449.0,383.0,435.0,0.8420686074318895,0.8405464268244665,39102.60200000007,532.2060546875,530.6895141601562,0.6478748321533203,0.2630963325500488,0.4863370358943939,0.2769491076469421,0.0,0.0,1.0,0.21408371040723975,0.40692235734331145,410.5,442.0,531.447784423828,5.62734164872143,55.4331815435312,87.0,86.0,401.913043478261,430.152173913044,39026.85535,39409.913,383.057650000002,0.538066121022016,,,,,,,,,,
2385,39101.8035,,,,,,Frage 1,,,,,,1.0,435.0,456.0,388.0,431.0,0.8296416427430209,0.830865731763496,39119.25699999998,532.1561889648438,530.6342163085938,0.6477444767951965,0.2630824744701385,0.4862081706523895,0.2769225239753723,0.0,0.0,1.0,0.21464932126696826,0.4083255378858746,411.5,443.5,531.395202636719,1.49780650743551,-248.045454568079,87.0,86.0,401.913043478261,430.152173913044,39026.85535,39409.913,383.057650000002,0.538066121022016,,,,,,,,,,
2386,39118.4552,,,,,,Frage 1,,,,,,1.0,439.0,449.0,381.0,432.0,0.8394100819275184,0.828854332944088,39135.91099999997,532.4996948242188,530.9676513671875,0.6474650502204895,0.2631134390830993,0.4859146177768707,0.2769231498241424,0.0,0.0,1.0,0.2138009049773755,0.40551917680074834,410.0,440.5,531.733673095703,1.02201252915245,-28.5732975181632,87.0,86.0,401.913043478261,430.152173913044,39026.85535,39409.913,383.057650000002,0.538066121022016,,,,,,,,,,
2387,39135.1119,,,,,,Frage 1,,,,,,1.0,445.0,448.0,376.0,438.0,0.8328780966661202,0.8342216341878879,39152.56599999999,532.5382690429688,530.9974365234375,0.6472486853599548,0.2632011473178863,0.4856797158718109,0.2769818007946014,0.0,0.0,1.0,0.21408371040723975,0.40785781103835356,410.5,443.0,531.767852783203,3.23109166111681,132.624057103955,87.0,86.0,401.913043478261,430.152173913044,39026.85535,39409.913,383.057650000002,0.538066121022016,,,,,,,,,,
2388,39151.7652,,,,,,Frage 1,,,,,,1.0,440.0,447.0,373.0,435.0,0.839347675225538,0.8323682547164758,39169.22100000002,532.5223999023438,530.9736328125,0.647067904472351,0.2632606625556945,0.4854866862297058,0.2770316004753112,0.0,0.0,1.0,0.21182126696832573,0.40598690364826934,406.5,441.0,531.748016357422,5.24111339986303,120.698104204358,87.0,86.0,401.913043478261,430.152173913044,39026.85535,39409.913,383.057650000002,0.538066121022016,,,,,,,,,,
2389,39168.4213,,,,,,Frage 1,,,,,,1.0,449.0,444.0,380.0,450.0,0.8381794217644623,0.8308362705291239,39185.87600000005,532.69287109375,531.1362915039064,0.6468593478202819,0.2632823586463928,0.485270470380783,0.2770325541496276,0.0,0.0,1.0,0.21634615384615377,0.41159962581852194,414.5,447.0,531.914581298828,10.6896740879163,327.121036020029,87.0,86.0,401.913043478261,430.152173913044,39026.85535,39409.913,383.057650000002,0.538066121022016,,,,,,,,,,
2390,39185.0761,,,,,,Frage 1,,,,,,1.0,451.0,439.0,385.0,439.0,0.8294795306273612,0.8305121969510301,39202.53000000002,532.9683227539064,531.4029541015625,0.6466397643089294,0.2633427083492279,0.4850528240203857,0.2771086394786834,0.0,0.0,1.0,0.2183257918552036,0.4041159962581852,418.0,439.0,532.185638427734,20.5819092740938,593.957008560864,87.0,86.0,401.913043478261,430.152173913044,39026.85535,39409.913,383.057650000002,0.538066121022016,,,,,,,,,,
2391,39201.729,,,,,,Frage 1,,,,,,1.0,443.0,431.0,375.0,421.0,0.8255249456295145,0.8260528373846995,39219.185000000056,533.0518188476562,531.4775390625,0.6464178562164306,0.2633549869060516,0.4848324358463287,0.2771081924438476,0.0,0.0,1.0,0.213235294117647,0.3919550982226379,409.0,426.0,532.264678955078,15.3664642620385,-313.185391856972,87.0,86.0,401.913043478261,430.152173913044,39026.85535,39409.913,383.057650000002,0.538066121022016,,,,,,,,,,
2392,39218.3855,,,,,,Frage 1,,,,,,1.0,442.0,435.0,365.0,426.0,0.8341030159910934,0.8244083648479266,39235.83999999997,533.2394409179688,531.655517578125,0.6461804509162902,0.2632200419902801,0.4845874309539794,0.2769589722156524,0.0,0.0,1.0,0.21012443438914022,0.30939855819021334,403.5,430.5,532.447479248047,4.88241259185753,-629.427050711892,87.0,86.0,401.913043478261,430.152173913044,39026.85535,39409.913,383.057650000002,0.538066121022016,,,,,,,,,,
2393,39235.0382,,,,,,Frage 1,,,,,,1.0,442.0,422.0,368.0,423.0,0.8317764941412589,0.8241458920326111,39252.494000000064,533.6751708984375,532.083251953125,0.6459450125694274,0.2632233202457428,0.4843546450138092,0.2769556641578674,0.0,0.0,1.0,0.21097285067873298,0.3886810102899906,405.0,422.5,532.879211425781,13.192301699574,499.011518114987,87.0,86.0,401.913043478261,430.152173913044,39026.85535,39409.913,383.057650000002,0.538066121022016,,,,,,,,,,
2394,39251.6943,,,,,,Frage 1,,,,,,1.0,446.0,414.0,367.0,420.0,0.830718076475669,0.8235807719914723,39269.148999999976,534.0848999023438,532.4857788085938,0.6457321643829345,0.263130247592926,0.4841395318508148,0.2768505811691284,0.0,0.0,1.0,0.21182126696832573,0.3099481288161292,406.5,417.0,533.285339355469,8.36246349850017,-289.974135666438,87.0,86.0,401.913043478261,430.152173913044,39026.85535,39409.913,383.057650000002,0.538066121022016,,,,,,,,,,
2395,39268.3497,,,,,,Frage 1,,,,,,1.0,436.0,422.0,364.0,408.0,0.8286287000933606,0.8199302572233591,39285.804,534.6314086914064,533.0250244140625,0.6455017924308776,0.2630466222763061,0.4839255809783935,0.2767627239227294,0.0,0.0,1.0,0.36539914182172906,0.38166510757717487,400.0,415.0,533.828216552734,14.6061745593988,374.87607988401,87.0,86.0,401.913043478261,430.152173913044,39026.85535,39409.913,383.057650000002,0.538066121022016,,,,,,,,,,
2396,39285.0022,,,,,,Frage 1,,,,,,1.0,422.0,416.0,359.0,413.0,0.8285213605659539,0.8194160247688633,39302.457999999984,535.1270141601562,533.5162963867188,0.6453208923339843,0.263058990240097,0.4837625622749328,0.2767538726329803,0.0,0.0,1.0,0.3652651062536793,0.3811973807296538,390.5,414.5,534.321655273438,12.1428930997174,-147.922621809387,87.0,86.0,401.913043478261,430.152173913044,39026.85535,39409.913,383.057650000002,0.538066121022016,,,,,,,,,,
2397,39301.6579,,,,,,Frage 1,,,,,,1.0,423.0,414.0,352.0,425.0,0.8293501215682555,0.8238325316306526,39319.113000000005,535.9981079101562,534.38427734375,0.6451390385627745,0.2630412578582763,0.4835962951183319,0.2767235934734344,0.0,0.0,1.0,0.20107466063348411,0.3858746492048643,387.5,419.5,535.191192626953,8.88174752159817,-195.797569487929,87.0,86.0,401.913043478261,430.152173913044,39026.85535,39409.913,383.057650000002,0.538066121022016,,,,,,,,,,
2398,39318.3128,,,,,,Frage 1,,,,,,1.0,421.0,417.0,350.0,428.0,0.82920783428774,0.8242182059715245,39335.76800000004,536.5719604492188,534.9559326171875,0.6450297236442565,0.2630601823329925,0.4834987521171569,0.2767533659934997,0.0,0.0,1.0,0.36786708561454695,0.3886810102899906,385.5,422.5,535.763946533203,2.50638280439426,-382.792134279005,87.0,86.0,401.913043478261,430.152173913044,39026.85535,39409.913,383.057650000002,0.538066121022016,,,,,,,,,,
2399,39321.2173,,,,,,Frage 1,1.0,1.03145241737366,29.4072801522715,0.38248348236084,202.70703125,,,,,,0.6585048574425887,0.6495113533451946,,,,,,,,,,,0.37959439571535225,0.3642823432120883,,,,,,,,,,,,,,,,,,,,,,,
2400,39334.9676,,,,,,Frage 1,,,,,,1.0,420.0,418.0,353.0,416.0,0.827033584790738,0.8223166172075035,39352.42200000002,537.3990478515625,535.7833251953125,0.6449519395828247,0.2631486654281616,0.4834285378456115,0.2768580913543701,0.0,0.0,1.0,0.2005090497737556,0.30628274873360783,386.5,417.0,536.591186523438,9.59958173108631,425.895172964575,87.0,86.0,401.913043478261,430.152173913044,39026.85535,39409.913,383.057650000002,0.538066121022016,,,,,,,,,,
2401,39351.6226,,,,,,Frage 1,,,,,,1.0,428.0,420.0,360.0,413.0,0.8271633907308574,0.8222496598566578,39369.07700000005,537.8300170898438,536.2178344726562,0.6449921131134033,0.2631600499153137,0.4834632873535156,0.2768749296665191,0.0,0.0,1.0,0.20475113122171942,0.38306828811973803,394.0,416.5,537.02392578125,14.3027558020263,282.388115937577,87.0,86.0,401.913043478261,430.152173913044,39026.85535,39409.913,383.057650000002,0.538066121022016,,,,,,,,,,
2402,39368.276,,,,,,Frage 1,,,,,,1.0,426.0,426.0,364.0,434.0,0.8287759799100346,0.8246869074274451,39385.73199999996,538.2987060546875,536.6905517578125,0.6450070738792419,0.2631343901157379,0.4834771454334259,0.276812195777893,0.0,0.0,1.0,0.20531674208144793,0.3956969130028063,395.0,430.0,537.49462890625,7.36693507040732,-416.480762584267,87.0,86.0,401.913043478261,430.152173913044,39026.85535,39409.913,383.057650000002,0.538066121022016,,,,,,,,,,
2403,39384.9318,,,,,,Frage 1,,,,,,1.0,418.0,428.0,363.0,419.0,0.8282617486857149,0.825182391823704,39402.38600000006,538.6771850585938,537.0742797851562,0.6450675725936889,0.2632203996181488,0.4835390150547027,0.2768798470497131,0.0,0.0,1.0,0.20277149321266966,0.3896164639850327,390.5,423.5,537.875732421875,22.9093273068104,933.151949255076,87.0,86.0,401.913043478261,430.152173913044,39026.85535,39409.913,383.057650000002,0.538066121022016,,,,,,,,,,
2404,39401.5854,,,,,,Frage 1,,,,,,1.0,411.0,421.0,354.0,396.0,0.8207379891652901,0.8207042841991365,39419.04099999997,539.0263671875,537.428466796875,0.6451418399810791,0.2632616162300109,0.4836065471172332,0.2769194841384887,0.0,0.0,1.0,0.19824660633484156,0.37558465855940126,382.5,408.5,538.227416992188,29.8086270409762,414.282781750711,87.0,86.0,401.913043478261,430.152173913044,39026.85535,39409.913,383.057650000002,0.538066121022016,,,,,,,,,,
2405,39418.2406,,,,,,Frage 1,,,,,,1.0,390.0,415.0,335.0,396.0,0.8213813042324649,0.8190330287220252,39435.696,538.41552734375,536.8375854492188,0.6456717848777771,0.2633087038993835,0.4841088056564331,0.2769664227962493,0.0,0.0,1.0,0.18693438914027147,0.3018840681874441,362.5,405.5,537.626556396484,37.9047130002874,486.099594079583,,,,,,,,,111.0,111.0,39409.913,39443.2233,33.3102999999974,0.795431048617939,41.2752767507034,486.099594079583,,156.644435140714
2406,39434.8955,,,,,,Frage 1,,,,,,1.0,370.0,423.0,311.0,407.0,0.8287884612504308,0.8222282335043871,39452.35100000002,537.8739624023438,536.310791015625,0.6460490226745605,0.2633370459079742,0.4844910800457,0.2769813239574432,0.0,0.0,1.0,0.1744909502262443,0.38166510757717487,340.5,415.0,537.092376708984,41.2752767507034,202.376702977243,,,,,,,,,111.0,111.0,39409.913,39443.2233,33.3102999999974,0.795431048617939,41.2752767507034,486.099594079583,,156.644435140714
2407,39451.5511,,,,,,Frage 1,,,,,,1.0,341.0,414.0,291.0,406.0,0.8214119947933476,0.8218988033382257,39469.005000000005,538.4970092773438,536.9317016601562,0.645887017250061,0.263439655303955,0.4843596816062927,0.2770552635192871,0.0,0.0,1.0,0.16063348416289588,0.37698783910196443,316.0,410.0,537.71435546875,24.072912213795,-1032.82766978735,88.0,87.0,319.214285714286,407.642857142857,39443.2233,39559.80535,116.582050000005,0.149973116452332,,,,,,,,,,
2408,39468.2055,,,,,,Frage 1,,,,,,1.0,331.0,410.0,297.0,405.0,0.8248069136640723,0.8188482264336908,39485.66000000003,538.1802368164064,536.6148681640625,0.6459326744079589,0.2634449899196624,0.4843845069408416,0.2770569622516632,0.0,0.0,1.0,0.3624690655197117,0.37464920486435915,314.0,407.5,537.397552490234,4.99289835579517,-1145.64402548278,88.0,87.0,319.214285714286,407.642857142857,39443.2233,39559.80535,116.582050000005,0.149973116452332,,,,,,,,,,
2409,39484.8592,,,,,,Frage 1,,,,,,1.0,341.0,411.0,297.0,400.0,0.8251239397101334,0.8185670055601384,39502.31500000006,537.8662719726562,536.30029296875,0.6459702849388121,0.263454794883728,0.4844103157520294,0.2770813405513763,0.0,0.0,1.0,0.36169752901733093,0.372778297474275,319.0,405.5,537.083282470703,11.0136486582508,361.526285597478,88.0,87.0,319.214285714286,407.642857142857,39443.2233,39559.80535,116.582050000005,0.149973116452332,,,,,,,,,,
2410,39501.5146,,,,,,Frage 1,,,,,,1.0,356.0,405.0,294.0,399.0,0.8245098577626448,0.8182429319820449,39518.96900000004,537.5106811523438,535.942626953125,0.645993947982788,0.2633862793445587,0.484415590763092,0.2770360708236694,0.0,0.0,1.0,0.16572398190045243,0.36950420954162766,325.0,402.0,536.726654052734,3.25465698148525,-465.854418192541,88.0,87.0,319.214285714286,407.642857142857,39443.2233,39559.80535,116.582050000005,0.149973116452332,,,,,,,,,,
2411,39518.168,,,,,,Frage 1,,,,,,1.0,349.0,412.0,293.0,405.0,0.8235238318713525,0.8170055601384143,39535.62400000007,537.770751953125,536.1915283203125,0.6457416415214537,0.2631650269031524,0.4841831922531127,0.2768588364124298,0.0,0.0,1.0,0.1634615384615384,0.37558465855940126,321.0,408.5,536.981140136719,9.87535393039625,397.558273320328,88.0,87.0,319.214285714286,407.642857142857,39443.2233,39559.80535,116.582050000005,0.149973116452332,,,,,,,,,,
2412,39534.8241,,,,,,Frage 1,,,,,,1.0,348.0,424.0,295.0,400.0,0.8246721151877943,0.8278628401974181,39552.27899999998,537.732421875,536.1427001953125,0.645563781261444,0.2629366815090179,0.4840202331542968,0.2767019271850585,0.0,0.0,1.0,0.16374434389140266,0.3788587464920486,321.5,412.0,536.937561035156,2.65224431636599,-433.661518244379,88.0,87.0,319.214285714286,407.642857142857,39443.2233,39559.80535,116.582050000005,0.149973116452332,,,,,,,,,,
2413,39551.4783,,,,,,Frage 1,,,,,,1.0,346.0,417.0,290.0,399.0,0.8241354175507618,0.8198124122858704,39568.93299999996,538.0811767578125,536.476806640625,0.6452268362045288,0.2626943290233612,0.4837018251419067,0.2765004336833953,0.0,0.0,1.0,0.1617647058823529,0.3751169317118802,318.0,408.0,537.278991699219,2.8056103662625,9.2088512144967,88.0,87.0,319.214285714286,407.642857142857,39443.2233,39559.80535,116.582050000005,0.149973116452332,,,,,,,,,,
2414,39568.1324,,,,,,Frage 1,,,,,,1.0,339.0,408.0,298.0,418.0,0.8238882870109188,0.80809119134301,39585.58799999999,538.0189208984375,536.3997802734375,0.6449318528175354,0.2624596059322357,0.483408898115158,0.2762938737869262,0.0,0.0,1.0,0.3561171684674213,0.35669775704011536,318.5,413.0,537.209350585938,64.0815950690511,3679.33329947518,,,,,,,,,112.0,112.0,39559.80535,39593.11515,33.3097999999955,2.43843986635061,113.444199263724,3679.33329947518,,283.374440464871
2415,39584.7884,,,,,,Frage 1,,,,,,1.0,342.0,344.0,329.0,339.0,0.829073035811462,0.8294515925136325,39602.24300000002,538.65283203125,537.0026245117188,0.644241213798523,0.2614316642284393,0.4827697575092315,0.2753465771675109,0.0,0.0,1.0,0.17166289592760176,0.3129092609915809,335.5,341.5,537.827728271484,113.444199263724,2963.65298959456,,,,,,,,,112.0,112.0,39559.80535,39593.11515,33.3097999999955,2.43843986635061,113.444199263724,3679.33329947518,,283.374440464871
2416,39601.4419,,,,,,Frage 1,,,,,,1.0,334.0,312.0,337.0,272.0,0.8274454690238096,0.8177876219962933,39618.897,538.638427734375,536.913818359375,0.6427997946739196,0.2602786421775817,0.481176733970642,0.2742907404899597,0.0,0.0,1.0,0.17166289592760176,0.2666043030869972,335.5,292.0,537.776123046875,,,,,,,,,,,,,,,,,,,,
2417,39618.1029,,,,,,Frage 1,,,,,,1.0,-1.0,-1.0,-1.0,-1.0,0.0,0.018097082863962055,39635.552000000025,-1.0,-1.0,-1.0,-1.0,-1.0,-1.0,4.0,4.0,1.0,0.47307184518740275,0.394481298666511,,,,,,,,,,,,,,,,,,,,,,,
2418,39634.7525,,,,,,Frage 1,,,,,,1.0,-1.0,-1.0,-1.0,-1.0,0.0,0.0,39652.207000000046,-1.0,-1.0,-1.0,-1.0,-1.0,-1.0,4.0,4.0,1.0,0.4759322966953752,0.3954061960765668,,,,,,,,,,,,,,,,,,,,,,,
2419,39651.4056,,,,,,Frage 1,,,,,,1.0,-1.0,-1.0,-1.0,-1.0,0.0,0.0,39668.86100000003,-1.0,-1.0,-1.0,-1.0,-1.0,-1.0,4.0,4.0,1.0,0.4759322966953752,0.3954061960765668,,,,,,,,,,,,,,,,,,,,,,,
2420,39668.0616,,,,,,Frage 1,,,,,,1.0,-1.0,-1.0,-1.0,-1.0,0.0,0.0,39685.51600000006,-1.0,-1.0,-1.0,-1.0,-1.0,-1.0,4.0,4.0,1.0,0.4759322966953752,0.3954061960765668,,,,,,,,,,,,,,,,,,,,,,,
2421,39684.7155,,,,,,Frage 1,,,,,,1.0,-1.0,-1.0,-1.0,-1.0,0.0,0.0,39702.170999999966,-1.0,-1.0,-1.0,-1.0,-1.0,-1.0,4.0,4.0,1.0,0.4759322966953752,0.3954061960765668,,,,,,,,,,,,,,,,,,,,,,,
2422,39701.3714,,,,,,Frage 1,,,,,,1.0,-1.0,-1.0,-1.0,-1.0,0.0,0.018097082863962055,39718.826,-1.0,-1.0,-1.0,-1.0,-1.0,-1.0,4.0,4.0,1.0,0.47307184518740275,0.394481298666511,,,,,,,,,,,,,,,,,,,,,,,
2423,39718.025,,,,,,Frage 1,,,,,,1.0,-1.0,-1.0,-1.0,-1.0,0.0,0.0,39735.47999999998,-1.0,-1.0,-1.0,-1.0,-1.0,-1.0,4.0,4.0,1.0,0.4759322966953752,0.3954061960765668,,,,,,,,,,,,,,,,,,,,,,,
2424,39734.6793,,,,,,Frage 1,,,,,,1.0,-1.0,-1.0,-1.0,-1.0,0.03388974098219233,0.0,39752.13500000001,-1.0,-1.0,-1.0,-1.0,-1.0,-1.0,4.0,4.0,1.0,0.4762576401214801,0.3955127310509079,,,,,,,,,,,,,,,,,,,,,,,
2425,39751.3353,,,,,,Frage 1,,,,,,1.0,-1.0,-1.0,-1.0,-1.0,0.0,0.0,39768.79000000004,-1.0,-1.0,-1.0,-1.0,-1.0,-1.0,4.0,4.0,1.0,0.4759322966953752,0.3954061960765668,,,,,,,,,,,,,,,,,,,,,,,
2426,39767.9888,,,,,,Frage 1,,,,,,1.0,-1.0,-1.0,-1.0,-1.0,0.0,0.0,39785.44400000002,-1.0,-1.0,-1.0,-1.0,-1.0,-1.0,4.0,4.0,1.0,0.4759322966953752,0.3954061960765668,,,,,,,,,,,,,,,,,,,,,,,
2427,39784.6439,,,,,,Frage 1,,,,,,1.0,-1.0,-1.0,-1.0,-1.0,0.0,0.0,39802.099000000046,-1.0,-1.0,-1.0,-1.0,-1.0,-1.0,4.0,4.0,1.0,0.4759322966953752,0.3954061960765668,,,,,,,,,,,,,,,,,,,,,,,
2428,39801.3002,,,,,,Frage 1,,,,,,1.0,-1.0,-1.0,-1.0,-1.0,0.0,0.018097082863962055,39818.75400000008,-1.0,-1.0,-1.0,-1.0,-1.0,-1.0,4.0,4.0,1.0,0.47307184518740275,0.394481298666511,,,,,,,,,,,,,,,,,,,,,,,
2429,39817.9528,,,,,,Frage 1,,,,,,1.0,-1.0,-1.0,-1.0,-1.0,0.0,0.018097082863962055,39835.40800000005,-1.0,-1.0,-1.0,-1.0,-1.0,-1.0,4.0,4.0,1.0,0.47307184518740275,0.394481298666511,,,,,,,,,,,,,,,,,,,,,,,
2430,39834.6089,,,,,,Frage 1,,,,,,1.0,-1.0,-1.0,-1.0,-1.0,0.0,0.0,39852.062999999966,-1.0,-1.0,-1.0,-1.0,-1.0,-1.0,4.0,4.0,1.0,0.4759322966953752,0.3954061960765668,,,,,,,,,,,,,,,,,,,,,,,
2431,39851.2626,,,,,,Frage 1,,,,,,1.0,-1.0,-1.0,-1.0,-1.0,0.03388974098219233,0.0,39868.71799999999,-1.0,-1.0,-1.0,-1.0,-1.0,-1.0,4.0,4.0,1.0,0.4762576401214801,0.3955127310509079,,,,,,,,,,,,,,,,,,,,,,,
2432,39867.9172,,,,,,Frage 1,,,,,,1.0,-1.0,-1.0,-1.0,-1.0,0.0,0.0,39885.37199999997,-1.0,-1.0,-1.0,-1.0,-1.0,-1.0,4.0,4.0,1.0,0.4759322966953752,0.3954061960765668,,,,,,,,,,,,,,,,,,,,,,,
2433,39884.5722,,,,,,Frage 1,,,,,,1.0,-1.0,-1.0,-1.0,-1.0,0.0,0.0,39902.027,-1.0,-1.0,-1.0,-1.0,-1.0,-1.0,4.0,4.0,1.0,0.4759322966953752,0.3954061960765668,,,,,,,,,,,,,,,,,,,,,,,
2434,39901.2265,,,,,,Frage 1,,,,,,1.0,-1.0,-1.0,-1.0,-1.0,0.0,0.0,39918.68200000003,-1.0,-1.0,-1.0,-1.0,-1.0,-1.0,4.0,4.0,1.0,0.4759322966953752,0.3954061960765668,,,,,,,,,,,,,,,,,,,,,,,
2435,39917.8809,,,,,,Frage 1,,,,,,1.0,-1.0,-1.0,-1.0,-1.0,0.0,0.0,39935.33600000001,-1.0,-1.0,-1.0,-1.0,-1.0,-1.0,4.0,4.0,1.0,0.4759322966953752,0.3954061960765668,,,,,,,,,,,,,,,,,,,,,,,
2436,39934.535,,,,,,Frage 1,,,,,,1.0,-1.0,-1.0,-1.0,-1.0,0.0,0.0,39951.99100000004,-1.0,-1.0,-1.0,-1.0,-1.0,-1.0,4.0,4.0,1.0,0.4759322966953752,0.3954061960765668,,,,,,,,,,,,,,,,,,,,,,,
2437,39951.1909,,,,,,Frage 1,,,,,,1.0,-1.0,-1.0,-1.0,-1.0,0.0,0.0,39968.64600000007,-1.0,-1.0,-1.0,-1.0,-1.0,-1.0,4.0,4.0,1.0,0.4759322966953752,0.3954061960765668,,,,,,,,,,,,,,,,,,,,,,,
2438,39967.8459,,,,,,Frage 1,,,,,,1.0,-1.0,-1.0,-1.0,-1.0,0.03388974098219233,0.0,39985.30099999998,-1.0,-1.0,-1.0,-1.0,-1.0,-1.0,4.0,4.0,1.0,0.4762576401214801,0.3955127310509079,,,,,,,,,,,,,,,,,,,,,,,
2439,39984.4992,,,,,,Frage 1,,,,,,1.0,-1.0,-1.0,-1.0,-1.0,0.0,0.0,40001.95500000008,-1.0,-1.0,-1.0,-1.0,-1.0,-1.0,4.0,4.0,1.0,0.4759322966953752,0.3954061960765668,,,,,,,,,,,,,,,,,,,,,,,
2440,40001.1557,,,,,,Frage 1,,,,,,1.0,-1.0,-1.0,-1.0,-1.0,0.0,0.0,40018.60999999999,-1.0,-1.0,-1.0,-1.0,-1.0,-1.0,4.0,4.0,1.0,0.4759322966953752,0.3954061960765668,,,,,,,,,,,,,,,,,,,,,,,
2441,40017.8091,,,,,,Frage 1,,,,,,1.0,-1.0,-1.0,-1.0,-1.0,0.0,0.0,40035.265000000014,-1.0,-1.0,-1.0,-1.0,-1.0,-1.0,4.0,4.0,1.0,0.4759322966953752,0.3954061960765668,,,,,,,,,,,,,,,,,,,,,,,
2442,40034.4644,,,,,,Frage 1,,,,,,1.0,-1.0,-1.0,-1.0,-1.0,0.03388974098219233,0.0,40051.919,-1.0,-1.0,-1.0,-1.0,-1.0,-1.0,4.0,4.0,1.0,0.4762576401214801,0.3955127310509079,,,,,,,,,,,,,,,,,,,,,,,
2443,40051.1189,,,,,,Frage 1,,,,,,1.0,-1.0,-1.0,-1.0,-1.0,0.0,0.0,40068.574000000015,-1.0,-1.0,-1.0,-1.0,-1.0,-1.0,4.0,4.0,1.0,0.4759322966953752,0.3954061960765668,,,,,,,,,,,,,,,,,,,,,,,
2444,40067.7736,,,,,,Frage 1,,,,,,1.0,-1.0,-1.0,-1.0,-1.0,0.0,0.0,40085.22900000005,-1.0,-1.0,-1.0,-1.0,-1.0,-1.0,4.0,4.0,1.0,0.4759322966953752,0.3954061960765668,,,,,,,,,,,,,,,,,,,,,,,
2445,40084.4281,,,,,,Frage 1,,,,,,1.0,-1.0,-1.0,-1.0,-1.0,0.0,0.0,40101.88300000003,-1.0,-1.0,-1.0,-1.0,-1.0,-1.0,4.0,4.0,1.0,0.4759322966953752,0.3954061960765668,,,,,,,,,,,,,,,,,,,,,,,
2446,40101.0824,,,,,,Frage 1,,,,,,1.0,-1.0,-1.0,-1.0,-1.0,0.03388974098219233,0.0,40118.53800000006,-1.0,-1.0,-1.0,-1.0,-1.0,-1.0,4.0,4.0,1.0,0.4762576401214801,0.3955127310509079,,,,,,,,,,,,,,,,,,,,,,,
2447,40117.7389,,,,,,Frage 1,,,,,,1.0,-1.0,-1.0,-1.0,-1.0,0.0,0.0,40135.19299999997,-1.0,-1.0,-1.0,-1.0,-1.0,-1.0,4.0,4.0,1.0,0.4759322966953752,0.3954061960765668,,,,,,,,,,,,,,,,,,,,,,,
2448,40134.3929,,,,,,Frage 1,,,,,,1.0,-1.0,-1.0,-1.0,-1.0,0.0,0.0,40151.84700000008,-1.0,-1.0,-1.0,-1.0,-1.0,-1.0,4.0,4.0,1.0,0.4759322966953752,0.3954061960765668,,,,,,,,,,,,,,,,,,,,,,,
2449,40151.0468,,,,,,Frage 1,,,,,,1.0,-1.0,-1.0,-1.0,-1.0,0.0,0.0,40168.50199999998,-1.0,-1.0,-1.0,-1.0,-1.0,-1.0,4.0,4.0,1.0,0.4759322966953752,0.3954061960765668,,,,,,,,,,,,,,,,,,,,,,,
2450,40167.7026,,,,,,Frage 1,,,,,,1.0,-1.0,-1.0,-1.0,-1.0,0.0,0.0,40185.15700000001,-1.0,-1.0,-1.0,-1.0,-1.0,-1.0,4.0,4.0,1.0,0.4759322966953752,0.3954061960765668,,,,,,,,,,,,,,,,,,,,,,,
2451,40184.3552,,,,,,Frage 1,,,,,,1.0,-1.0,-1.0,-1.0,-1.0,0.03388974098219233,0.0,40201.811,-1.0,-1.0,-1.0,-1.0,-1.0,-1.0,4.0,4.0,1.0,0.4762576401214801,0.3955127310509079,,,,,,,,,,,,,,,,,,,,,,,
2452,40201.0115,,,,,,Frage 1,,,,,,1.0,-1.0,-1.0,-1.0,-1.0,0.0,0.0,40218.466000000015,-1.0,-1.0,-1.0,-1.0,-1.0,-1.0,4.0,4.0,1.0,0.4759322966953752,0.3954061960765668,,,,,,,,,,,,,,,,,,,,,,,
2453,40217.6669,,,,,,Frage 1,,,,,,1.0,-1.0,-1.0,-1.0,-1.0,0.0,0.0,40235.12100000004,-1.0,-1.0,-1.0,-1.0,-1.0,-1.0,4.0,4.0,1.0,0.4759322966953752,0.3954061960765668,,,,,,,,,,,,,,,,,,,,,,,
2454,40234.3202,,,,,,Frage 1,,,,,,1.0,-1.0,-1.0,-1.0,-1.0,0.0,0.0,40251.77600000007,-1.0,-1.0,-1.0,-1.0,-1.0,-1.0,4.0,4.0,1.0,0.4759322966953752,0.3954061960765668,,,,,,,,,,,,,,,,,,,,,,,
2455,40250.9752,,,,,,Frage 1,,,,,,1.0,-1.0,-1.0,-1.0,-1.0,0.03388974098219233,0.0,40268.43000000005,-1.0,-1.0,-1.0,-1.0,-1.0,-1.0,4.0,4.0,1.0,0.4762576401214801,0.3955127310509079,,,,,,,,,,,,,,,,,,,,,,,
2456,40267.6296,,,,,,Frage 1,,,,,,1.0,-1.0,-1.0,-1.0,-1.0,0.0,0.018097082863962055,40285.08499999996,-1.0,-1.0,-1.0,-1.0,-1.0,-1.0,4.0,4.0,1.0,0.47307184518740275,0.394481298666511,,,,,,,,,,,,,,,,,,,,,,,
2457,40284.2841,,,,,,Frage 1,,,,,,1.0,-1.0,-1.0,-1.0,-1.0,0.0,0.0,40301.73999999999,-1.0,-1.0,-1.0,-1.0,-1.0,-1.0,4.0,4.0,1.0,0.4759322966953752,0.3954061960765668,,,,,,,,,,,,,,,,,,,,,,,
2458,40300.9392,,,,,,Frage 1,,,,,,1.0,-1.0,-1.0,-1.0,-1.0,0.0,0.0,40318.39399999997,-1.0,-1.0,-1.0,-1.0,-1.0,-1.0,4.0,4.0,1.0,0.4759322966953752,0.3954061960765668,,,,,,,,,,,,,,,,,,,,,,,
2459,40317.5937,,,,,,Frage 1,,,,,,1.0,-1.0,-1.0,-1.0,-1.0,0.0,0.0,40335.049,-1.0,-1.0,-1.0,-1.0,-1.0,-1.0,4.0,4.0,1.0,0.4759322966953752,0.3954061960765668,,,,,,,,,,,,,,,,,,,,,,,
2460,40331.3231,,,,,,Frage 1,1.0,1.96690022945404,29.4071833121173,0.387100577354431,202.70703125,,,,,,0.6585048574425887,0.6495113533451946,,,,,,,,,,,0.37959439571535225,0.3642823432120883,,,,,,,,,,,,,,,,,,,,,,,
2461,40334.2488,,,,,,Frage 1,,,,,,1.0,-1.0,-1.0,-1.0,-1.0,0.0,0.0,40351.70400000003,-1.0,-1.0,-1.0,-1.0,-1.0,-1.0,4.0,4.0,1.0,0.4759322966953752,0.3954061960765668,,,,,,,,,,,,,,,,,,,,,,,
2462,40350.9031,,,,,,Frage 1,,,,,,1.0,-1.0,-1.0,-1.0,-1.0,0.0,0.018097082863962055,40368.35800000001,-1.0,-1.0,-1.0,-1.0,-1.0,-1.0,4.0,4.0,1.0,0.47307184518740275,0.394481298666511,,,,,,,,,,,,,,,,,,,,,,,
2463,40367.5571,,,,,,Frage 1,,,,,,1.0,-1.0,-1.0,-1.0,-1.0,0.0,0.0,40385.01300000004,-1.0,-1.0,-1.0,-1.0,-1.0,-1.0,4.0,4.0,1.0,0.4759322966953752,0.3954061960765668,,,,,,,,,,,,,,,,,,,,,,,
2464,40384.2136,,,,,,Frage 1,,,,,,1.0,-1.0,-1.0,-1.0,-1.0,0.0,0.0,40401.66800000006,-1.0,-1.0,-1.0,-1.0,-1.0,-1.0,4.0,4.0,1.0,0.4759322966953752,0.3954061960765668,,,,,,,,,,,,,,,,,,,,,,,
2465,40400.8676,,,,,,Frage 1,,,,,,1.0,-1.0,-1.0,-1.0,-1.0,0.0,0.0,40418.32200000005,-1.0,-1.0,-1.0,-1.0,-1.0,-1.0,4.0,4.0,1.0,0.4759322966953752,0.3954061960765668,,,,,,,,,,,,,,,,,,,,,,,
2466,40417.5216,,,,,,Frage 1,,,,,,1.0,-1.0,-1.0,-1.0,-1.0,0.0,0.018097082863962055,40434.97700000007,-1.0,-1.0,-1.0,-1.0,-1.0,-1.0,4.0,4.0,1.0,0.47307184518740275,0.394481298666511,,,,,,,,,,,,,,,,,,,,,,,
2467,40434.1781,,,,,,Frage 1,,,,,,1.0,-1.0,-1.0,-1.0,-1.0,0.0,0.0,40451.63199999998,-1.0,-1.0,-1.0,-1.0,-1.0,-1.0,4.0,4.0,1.0,0.4759322966953752,0.3954061960765668,,,,,,,,,,,,,,,,,,,,,,,
2468,40450.8302,,,,,,Frage 1,,,,,,1.0,-1.0,-1.0,-1.0,-1.0,0.0,0.0,40468.28599999997,-1.0,-1.0,-1.0,-1.0,-1.0,-1.0,4.0,4.0,1.0,0.4759322966953752,0.3954061960765668,,,,,,,,,,,,,,,,,,,,,,,
2469,40467.4942,,,,,,Frage 1,,,,,,1.0,-1.0,-1.0,-1.0,-1.0,0.0,0.018097082863962055,40484.94099999999,-1.0,-1.0,-1.0,-1.0,-1.0,-1.0,4.0,4.0,1.0,0.47307184518740275,0.394481298666511,,,,,,,,,,,,,,,,,,,,,,,
2470,40484.1513,,,,,,Frage 1,,,,,,1.0,-1.0,-1.0,-1.0,-1.0,0.0,0.0,40501.59600000002,-1.0,-1.0,-1.0,-1.0,-1.0,-1.0,4.0,4.0,1.0,0.4759322966953752,0.3954061960765668,,,,,,,,,,,,,,,,,,,,,,,
2471,40500.795,,,,,,Frage 1,,,,,,1.0,-1.0,-1.0,-1.0,-1.0,0.0,0.0,40518.25100000005,-1.0,-1.0,-1.0,-1.0,-1.0,-1.0,4.0,4.0,1.0,0.4759322966953752,0.3954061960765668,,,,,,,,,,,,,,,,,,,,,,,
2472,40517.4502,,,,,,Frage 1,,,,,,1.0,-1.0,-1.0,-1.0,-1.0,0.0,0.0,40534.90500000002,-1.0,-1.0,-1.0,-1.0,-1.0,-1.0,4.0,4.0,1.0,0.4759322966953752,0.3954061960765668,,,,,,,,,,,,,,,,,,,,,,,
2473,40534.1048,,,,,,Frage 1,,,,,,1.0,-1.0,-1.0,-1.0,-1.0,0.0,0.0,40551.560000000056,-1.0,-1.0,-1.0,-1.0,-1.0,-1.0,4.0,4.0,1.0,0.4759322966953752,0.3954061960765668,,,,,,,,,,,,,,,,,,,,,,,
2474,40550.7605,,,,,,Frage 1,,,,,,1.0,-1.0,-1.0,-1.0,-1.0,0.03388974098219233,0.0,40568.21499999997,-1.0,-1.0,-1.0,-1.0,-1.0,-1.0,4.0,4.0,1.0,0.4762576401214801,0.3955127310509079,,,,,,,,,,,,,,,,,,,,,,,
2475,40567.4144,,,,,,Frage 1,,,,,,1.0,-1.0,-1.0,-1.0,-1.0,0.0,0.0,40584.869000000064,-1.0,-1.0,-1.0,-1.0,-1.0,-1.0,4.0,4.0,1.0,0.4759322966953752,0.3954061960765668,,,,,,,,,,,,,,,,,,,,,,,
2476,40584.0687,,,,,,Frage 1,,,,,,1.0,-1.0,-1.0,-1.0,-1.0,0.0,0.0,40601.523999999976,-1.0,-1.0,-1.0,-1.0,-1.0,-1.0,4.0,4.0,1.0,0.4759322966953752,0.3954061960765668,,,,,,,,,,,,,,,,,,,,,,,
2477,40600.7242,,,,,,Frage 1,,,,,,1.0,-1.0,-1.0,-1.0,-1.0,0.0,0.0,40618.179,-1.0,-1.0,-1.0,-1.0,-1.0,-1.0,4.0,4.0,1.0,0.4759322966953752,0.3954061960765668,,,,,,,,,,,,,,,,,,,,,,,
2478,40617.3769,,,,,,Frage 1,,,,,,1.0,-1.0,-1.0,-1.0,-1.0,0.0,0.0,40634.832999999984,-1.0,-1.0,-1.0,-1.0,-1.0,-1.0,4.0,4.0,1.0,0.4759322966953752,0.3954061960765668,,,,,,,,,,,,,,,,,,,,,,,
2479,40634.0331,,,,,,Frage 1,,,,,,1.0,-1.0,-1.0,-1.0,-1.0,0.0,0.0,40651.488000000005,-1.0,-1.0,-1.0,-1.0,-1.0,-1.0,4.0,4.0,1.0,0.4759322966953752,0.3954061960765668,,,,,,,,,,,,,,,,,,,,,,,
2480,40650.6889,,,,,,Frage 1,,,,,,1.0,-1.0,-1.0,-1.0,-1.0,0.0,0.0,40668.14300000004,-1.0,-1.0,-1.0,-1.0,-1.0,-1.0,4.0,4.0,1.0,0.4759322966953752,0.3954061960765668,,,,,,,,,,,,,,,,,,,,,,,
2481,40667.341,,,,,,Frage 1,,,,,,1.0,-1.0,-1.0,-1.0,-1.0,0.0,0.0,40684.79700000002,-1.0,-1.0,-1.0,-1.0,-1.0,-1.0,4.0,4.0,1.0,0.4759322966953752,0.3954061960765668,,,,,,,,,,,,,,,,,,,,,,,
2482,40683.9977,,,,,,Frage 1,,,,,,1.0,-1.0,-1.0,-1.0,-1.0,0.0,0.018097082863962055,40701.45200000005,-1.0,-1.0,-1.0,-1.0,-1.0,-1.0,4.0,4.0,1.0,0.47307184518740275,0.394481298666511,,,,,,,,,,,,,,,,,,,,,,,
2483,40700.6509,,,,,,Frage 1,,,,,,1.0,-1.0,-1.0,-1.0,-1.0,0.0,0.0,40718.10699999996,-1.0,-1.0,-1.0,-1.0,-1.0,-1.0,4.0,4.0,1.0,0.4759322966953752,0.3954061960765668,,,,,,,,,,,,,,,,,,,,,,,
2484,40717.3068,,,,,,Frage 1,,,,,,1.0,-1.0,-1.0,-1.0,-1.0,0.03388974098219233,0.0,40734.76100000006,-1.0,-1.0,-1.0,-1.0,-1.0,-1.0,4.0,4.0,1.0,0.4762576401214801,0.3955127310509079,,,,,,,,,,,,,,,,,,,,,,,
2485,40733.9622,,,,,,Frage 1,,,,,,1.0,-1.0,-1.0,-1.0,-1.0,0.03388974098219233,0.0,40751.41599999997,-1.0,-1.0,-1.0,-1.0,-1.0,-1.0,4.0,4.0,1.0,0.4762576401214801,0.3955127310509079,,,,,,,,,,,,,,,,,,,,,,,
2486,40750.6154,,,,,,Frage 1,,,,,,1.0,-1.0,-1.0,-1.0,-1.0,0.0,0.0,40768.071,-1.0,-1.0,-1.0,-1.0,-1.0,-1.0,4.0,4.0,1.0,0.4759322966953752,0.3954061960765668,,,,,,,,,,,,,,,,,,,,,,,
2487,40767.2707,,,,,,Frage 1,,,,,,1.0,-1.0,-1.0,-1.0,-1.0,0.0,0.0,40784.72600000002,-1.0,-1.0,-1.0,-1.0,-1.0,-1.0,4.0,4.0,1.0,0.4759322966953752,0.3954061960765668,,,,,,,,,,,,,,,,,,,,,,,
2488,40783.9244,,,,,,Frage 1,,,,,,1.0,-1.0,-1.0,-1.0,-1.0,0.03388974098219233,0.0,40801.380000000005,-1.0,-1.0,-1.0,-1.0,-1.0,-1.0,4.0,4.0,1.0,0.4762576401214801,0.3955127310509079,,,,,,,,,,,,,,,,,,,,,,,
2489,40800.5801,,,,,,Frage 1,,,,,,1.0,-1.0,-1.0,-1.0,-1.0,0.0,0.0,40818.03500000003,-1.0,-1.0,-1.0,-1.0,-1.0,-1.0,4.0,4.0,1.0,0.4759322966953752,0.3954061960765668,,,,,,,,,,,,,,,,,,,,,,,
2490,40817.2358,,,,,,Frage 1,,,,,,1.0,-1.0,-1.0,-1.0,-1.0,0.0,0.0,40834.69000000006,-1.0,-1.0,-1.0,-1.0,-1.0,-1.0,4.0,4.0,1.0,0.4759322966953752,0.3954061960765668,,,,,,,,,,,,,,,,,,,,,,,
2491,40848.7669,,,,,,Frage 1,,,,,,1.0,-1.0,-1.0,-1.0,-1.0,0.0,0.0,40866.223,-1.0,-1.0,-1.0,-1.0,-1.0,-1.0,4.0,4.0,1.0,0.4759322966953752,0.3954061960765668,,,,,,,,,,,,,,,,,,,,,,,
2492,40865.4237,,,,,,Frage 1,,,,,,1.0,-1.0,-1.0,-1.0,-1.0,0.03388974098219233,0.0,40882.878000000026,-1.0,-1.0,-1.0,-1.0,-1.0,-1.0,4.0,4.0,1.0,0.4762576401214801,0.3955127310509079,,,,,,,,,,,,,,,,,,,,,,,
2493,40882.0783,,,,,,Frage 1,,,,,,1.0,-1.0,-1.0,-1.0,-1.0,0.0,0.0,40899.53300000005,-1.0,-1.0,-1.0,-1.0,-1.0,-1.0,4.0,4.0,1.0,0.4759322966953752,0.3954061960765668,,,,,,,,,,,,,,,,,,,,,,,
2494,40898.7313,,,,,,Frage 1,,,,,,1.0,-1.0,-1.0,-1.0,-1.0,0.0,0.0,40916.187000000034,-1.0,-1.0,-1.0,-1.0,-1.0,-1.0,4.0,4.0,1.0,0.4759322966953752,0.3954061960765668,,,,,,,,,,,,,,,,,,,,,,,
2495,40915.3875,,,,,,Frage 1,,,,,,1.0,-1.0,-1.0,-1.0,-1.0,0.0,0.0,40932.84200000006,-1.0,-1.0,-1.0,-1.0,-1.0,-1.0,4.0,4.0,1.0,0.4759322966953752,0.3954061960765668,,,,,,,,,,,,,,,,,,,,,,,
2496,40932.0413,,,,,,Frage 1,,,,,,1.0,-1.0,-1.0,-1.0,-1.0,0.0,0.0,40949.49699999997,-1.0,-1.0,-1.0,-1.0,-1.0,-1.0,4.0,4.0,1.0,0.4759322966953752,0.3954061960765668,,,,,,,,,,,,,,,,,,,,,,,
2497,40948.7039,,,,,,Frage 1,,,,,,1.0,-1.0,-1.0,-1.0,-1.0,0.0,0.0,40966.15100000007,-1.0,-1.0,-1.0,-1.0,-1.0,-1.0,4.0,4.0,1.0,0.4759322966953752,0.3954061960765668,,,,,,,,,,,,,,,,,,,,,,,
2498,40965.3504,,,,,,Frage 1,,,,,,1.0,-1.0,-1.0,-1.0,-1.0,0.0,0.0,40982.80599999998,-1.0,-1.0,-1.0,-1.0,-1.0,-1.0,4.0,4.0,1.0,0.4759322966953752,0.3954061960765668,,,,,,,,,,,,,,,,,,,,,,,
2499,40982.0066,,,,,,Frage 1,,,,,,1.0,-1.0,-1.0,-1.0,-1.0,0.0,0.018097082863962055,40999.46100000001,-1.0,-1.0,-1.0,-1.0,-1.0,-1.0,4.0,4.0,1.0,0.47307184518740275,0.394481298666511,,,,,,,,,,,,,,,,,,,,,,,
2500,40998.6602,,,,,,Frage 1,,,,,,1.0,-1.0,-1.0,-1.0,-1.0,0.0,0.0,41016.11499999999,-1.0,-1.0,-1.0,-1.0,-1.0,-1.0,4.0,4.0,1.0,0.4759322966953752,0.3954061960765668,,,,,,,,,,,,,,,,,,,,,,,
2501,41015.3143,,,,,,Frage 1,,,,,,1.0,-1.0,-1.0,-1.0,-1.0,0.0,0.0,41032.77000000002,-1.0,-1.0,-1.0,-1.0,-1.0,-1.0,4.0,4.0,1.0,0.4759322966953752,0.3954061960765668,,,,,,,,,,,,,,,,,,,,,,,
2502,41031.9701,,,,,,Frage 1,,,,,,1.0,-1.0,-1.0,-1.0,-1.0,0.0,0.0,41049.42500000005,-1.0,-1.0,-1.0,-1.0,-1.0,-1.0,4.0,4.0,1.0,0.4759322966953752,0.3954061960765668,,,,,,,,,,,,,,,,,,,,,,,
2503,41048.623,,,,,,Frage 1,,,,,,1.0,-1.0,-1.0,-1.0,-1.0,0.0,0.0,41066.07900000003,-1.0,-1.0,-1.0,-1.0,-1.0,-1.0,4.0,4.0,1.0,0.4759322966953752,0.3954061960765668,,,,,,,,,,,,,,,,,,,,,,,
2504,41065.2793,,,,,,Frage 1,,,,,,1.0,-1.0,-1.0,-1.0,-1.0,0.0,0.018097082863962055,41082.734000000055,-1.0,-1.0,-1.0,-1.0,-1.0,-1.0,4.0,4.0,1.0,0.47307184518740275,0.394481298666511,,,,,,,,,,,,,,,,,,,,,,,
2505,41081.9345,,,,,,Frage 1,,,,,,1.0,-1.0,-1.0,-1.0,-1.0,0.0,0.0,41099.38899999997,-1.0,-1.0,-1.0,-1.0,-1.0,-1.0,4.0,4.0,1.0,0.4759322966953752,0.3954061960765668,,,,,,,,,,,,,,,,,,,,,,,
2506,41098.5875,,,,,,Frage 1,,,,,,1.0,-1.0,-1.0,-1.0,-1.0,0.0,0.0,41116.04300000006,-1.0,-1.0,-1.0,-1.0,-1.0,-1.0,4.0,4.0,1.0,0.4759322966953752,0.3954061960765668,,,,,,,,,,,,,,,,,,,,,,,
2507,41115.2433,,,,,,Frage 1,,,,,,1.0,-1.0,-1.0,-1.0,-1.0,0.0,0.0,41132.697999999975,-1.0,-1.0,-1.0,-1.0,-1.0,-1.0,4.0,4.0,1.0,0.4759322966953752,0.3954061960765668,,,,,,,,,,,,,,,,,,,,,,,
2508,41131.8969,,,,,,Frage 1,,,,,,1.0,-1.0,-1.0,-1.0,-1.0,0.0,0.0,41149.353,-1.0,-1.0,-1.0,-1.0,-1.0,-1.0,4.0,4.0,1.0,0.4759322966953752,0.3954061960765668,,,,,,,,,,,,,,,,,,,,,,,
2509,41148.5531,,,,,,Frage 1,,,,,,1.0,-1.0,-1.0,-1.0,-1.0,0.0,0.018097082863962055,41166.00800000003,-1.0,-1.0,-1.0,-1.0,-1.0,-1.0,4.0,4.0,1.0,0.47307184518740275,0.394481298666511,,,,,,,,,,,,,,,,,,,,,,,
2510,41165.207,,,,,,Frage 1,,,,,,1.0,-1.0,-1.0,-1.0,-1.0,0.0,0.0,41182.66200000001,-1.0,-1.0,-1.0,-1.0,-1.0,-1.0,4.0,4.0,1.0,0.4759322966953752,0.3954061960765668,,,,,,,,,,,,,,,,,,,,,,,
2511,41181.8617,,,,,,Frage 1,,,,,,1.0,-1.0,-1.0,-1.0,-1.0,0.0,0.0,41199.31700000004,-1.0,-1.0,-1.0,-1.0,-1.0,-1.0,4.0,4.0,1.0,0.4759322966953752,0.3954061960765668,,,,,,,,,,,,,,,,,,,,,,,
2512,41198.5176,,,,,,Frage 1,,,,,,1.0,-1.0,-1.0,-1.0,-1.0,0.0,0.0,41215.97200000008,-1.0,-1.0,-1.0,-1.0,-1.0,-1.0,4.0,4.0,1.0,0.4759322966953752,0.3954061960765668,,,,,,,,,,,,,,,,,,,,,,,
2513,41215.1702,,,,,,Frage 1,,,,,,1.0,-1.0,-1.0,-1.0,-1.0,0.0,0.018097082863962055,41232.62600000005,-1.0,-1.0,-1.0,-1.0,-1.0,-1.0,4.0,4.0,1.0,0.47307184518740275,0.394481298666511,,,,,,,,,,,,,,,,,,,,,,,
2514,41231.8261,,,,,,Frage 1,,,,,,1.0,-1.0,-1.0,-1.0,-1.0,0.0,0.0,41249.28100000008,-1.0,-1.0,-1.0,-1.0,-1.0,-1.0,4.0,4.0,1.0,0.4759322966953752,0.3954061960765668,,,,,,,,,,,,,,,,,,,,,,,
2515,41248.482,,,,,,Frage 1,,,,,,1.0,-1.0,-1.0,-1.0,-1.0,0.0,0.0,41265.936,-1.0,-1.0,-1.0,-1.0,-1.0,-1.0,4.0,4.0,1.0,0.4759322966953752,0.3954061960765668,,,,,,,,,,,,,,,,,,,,,,,
2516,41265.1348,,,,,,Frage 1,,,,,,1.0,-1.0,-1.0,-1.0,-1.0,0.0,0.0,41282.58999999997,-1.0,-1.0,-1.0,-1.0,-1.0,-1.0,4.0,4.0,1.0,0.4759322966953752,0.3954061960765668,,,,,,,,,,,,,,,,,,,,,,,
2517,41299.469,,,,,,Frage 1,,,,,,1.0,-1.0,-1.0,-1.0,-1.0,0.0,0.018097082863962055,41316.924,-1.0,-1.0,-1.0,-1.0,-1.0,-1.0,4.0,4.0,1.0,0.47307184518740275,0.394481298666511,,,,,,,,,,,,,,,,,,,,,,,
2518,41316.1252,,,,,,Frage 1,,,,,,1.0,-1.0,-1.0,-1.0,-1.0,0.0,0.0,41333.57900000003,-1.0,-1.0,-1.0,-1.0,-1.0,-1.0,4.0,4.0,1.0,0.4759322966953752,0.3954061960765668,,,,,,,,,,,,,,,,,,,,,,,
2519,41332.7787,,,,,,Frage 1,,,,,,1.0,-1.0,-1.0,-1.0,-1.0,0.0,0.0,41350.234000000055,-1.0,-1.0,-1.0,-1.0,-1.0,-1.0,4.0,4.0,1.0,0.4759322966953752,0.3954061960765668,,,,,,,,,,,,,,,,,,,,,,,
2520,41341.4447,,,,,,Frage 1,1.0,0.808291852474213,29.4072075221558,0.579855024814606,202.70703125,,,,,,0.6585048574425887,0.6495113533451946,,,,,,,,,,,0.37959439571535225,0.3642823432120883,,,,,,,,,,,,,,,,,,,,,,,
2521,41349.4338,,,,,,Frage 1,,,,,,1.0,-1.0,-1.0,-1.0,-1.0,0.0,0.0,41366.88800000004,-1.0,-1.0,-1.0,-1.0,-1.0,-1.0,4.0,4.0,1.0,0.4759322966953752,0.3954061960765668,,,,,,,,,,,,,,,,,,,,,,,
2522,41366.087,,,,,,Frage 1,,,,,,1.0,-1.0,-1.0,-1.0,-1.0,0.0,0.0,41383.54300000006,-1.0,-1.0,-1.0,-1.0,-1.0,-1.0,4.0,4.0,1.0,0.4759322966953752,0.3954061960765668,,,,,,,,,,,,,,,,,,,,,,,
2523,41382.7436,,,,,,Frage 1,,,,,,1.0,-1.0,-1.0,-1.0,-1.0,0.0,0.0,41400.197999999975,-1.0,-1.0,-1.0,-1.0,-1.0,-1.0,4.0,4.0,1.0,0.4759322966953752,0.3954061960765668,,,,,,,,,,,,,,,,,,,,,,,
2524,41399.3979,,,,,,Frage 1,,,,,,1.0,-1.0,-1.0,-1.0,-1.0,0.0,0.0,41416.85200000007,-1.0,-1.0,-1.0,-1.0,-1.0,-1.0,4.0,4.0,1.0,0.4759322966953752,0.3954061960765668,,,,,,,,,,,,,,,,,,,,,,,
2525,41416.0513,,,,,,Frage 1,,,,,,1.0,-1.0,-1.0,-1.0,-1.0,0.0,0.0,41433.50699999998,-1.0,-1.0,-1.0,-1.0,-1.0,-1.0,4.0,4.0,1.0,0.4759322966953752,0.3954061960765668,,,,,,,,,,,,,,,,,,,,,,,
2526,41432.7074,,,,,,Frage 1,,,,,,1.0,-1.0,-1.0,-1.0,-1.0,0.0,0.0,41450.16200000001,-1.0,-1.0,-1.0,-1.0,-1.0,-1.0,4.0,4.0,1.0,0.4759322966953752,0.3954061960765668,,,,,,,,,,,,,,,,,,,,,,,
2527,41462.773,,,,,,Frage 1,,,,,,1.0,-1.0,-1.0,-1.0,-1.0,0.0,0.0,41480.22900000005,-1.0,-1.0,-1.0,-1.0,-1.0,-1.0,4.0,4.0,1.0,0.4759322966953752,0.3954061960765668,,,,,,,,,,,,,,,,,,,,,,,
2528,41479.4279,,,,,,Frage 1,,,,,,1.0,-1.0,-1.0,-1.0,-1.0,0.0,0.0,41496.88300000003,-1.0,-1.0,-1.0,-1.0,-1.0,-1.0,4.0,4.0,1.0,0.4759322966953752,0.3954061960765668,,,,,,,,,,,,,,,,,,,,,,,
2529,41496.0832,,,,,,Frage 1,,,,,,1.0,-1.0,-1.0,-1.0,-1.0,0.03388974098219233,0.0,41513.53800000006,-1.0,-1.0,-1.0,-1.0,-1.0,-1.0,4.0,4.0,1.0,0.4762576401214801,0.3955127310509079,,,,,,,,,,,,,,,,,,,,,,,
2530,41512.7376,,,,,,Frage 1,,,,,,1.0,-1.0,-1.0,-1.0,-1.0,0.0,0.0,41530.19299999997,-1.0,-1.0,-1.0,-1.0,-1.0,-1.0,4.0,4.0,1.0,0.4759322966953752,0.3954061960765668,,,,,,,,,,,,,,,,,,,,,,,
2531,41529.3929,,,,,,Frage 1,,,,,,1.0,-1.0,-1.0,-1.0,-1.0,0.0,0.0,41546.84700000008,-1.0,-1.0,-1.0,-1.0,-1.0,-1.0,4.0,4.0,1.0,0.4759322966953752,0.3954061960765668,,,,,,,,,,,,,,,,,,,,,,,
2532,41546.0463,,,,,,Frage 1,,,,,,1.0,-1.0,-1.0,-1.0,-1.0,0.0,0.0,41563.50199999998,-1.0,-1.0,-1.0,-1.0,-1.0,-1.0,4.0,4.0,1.0,0.4759322966953752,0.3954061960765668,,,,,,,,,,,,,,,,,,,,,,,
2533,41562.7025,,,,,,Frage 1,,,,,,1.0,-1.0,-1.0,-1.0,-1.0,0.0,0.0,41580.15700000001,-1.0,-1.0,-1.0,-1.0,-1.0,-1.0,4.0,4.0,1.0,0.4759322966953752,0.3954061960765668,,,,,,,,,,,,,,,,,,,,,,,
2534,41579.3563,,,,,,Frage 1,,,,,,1.0,-1.0,-1.0,-1.0,-1.0,0.0,0.018097082863962055,41596.811,-1.0,-1.0,-1.0,-1.0,-1.0,-1.0,4.0,4.0,1.0,0.47307184518740275,0.394481298666511,,,,,,,,,,,,,,,,,,,,,,,
2535,41596.0106,,,,,,Frage 1,,,,,,1.0,-1.0,-1.0,-1.0,-1.0,0.0,0.0,41613.466000000015,-1.0,-1.0,-1.0,-1.0,-1.0,-1.0,4.0,4.0,1.0,0.4759322966953752,0.3954061960765668,,,,,,,,,,,,,,,,,,,,,,,
2536,41612.6668,,,,,,Frage 1,,,,,,1.0,-1.0,-1.0,-1.0,-1.0,0.0,0.0,41630.12100000004,-1.0,-1.0,-1.0,-1.0,-1.0,-1.0,4.0,4.0,1.0,0.4759322966953752,0.3954061960765668,,,,,,,,,,,,,,,,,,,,,,,
2537,41629.32,,,,,,Frage 1,,,,,,1.0,-1.0,-1.0,-1.0,-1.0,0.03388974098219233,0.0,41646.77600000007,-1.0,-1.0,-1.0,-1.0,-1.0,-1.0,4.0,4.0,1.0,0.4762576401214801,0.3955127310509079,,,,,,,,,,,,,,,,,,,,,,,
2538,41645.9757,,,,,,Frage 1,,,,,,1.0,-1.0,-1.0,-1.0,-1.0,0.0,0.0,41663.43000000005,-1.0,-1.0,-1.0,-1.0,-1.0,-1.0,4.0,4.0,1.0,0.4759322966953752,0.3954061960765668,,,,,,,,,,,,,,,,,,,,,,,
2539,41662.6307,,,,,,Frage 1,,,,,,1.0,-1.0,-1.0,-1.0,-1.0,0.0,0.0,41680.08499999996,-1.0,-1.0,-1.0,-1.0,-1.0,-1.0,4.0,4.0,1.0,0.4759322966953752,0.3954061960765668,,,,,,,,,,,,,,,,,,,,,,,
2540,41679.2845,,,,,,Frage 1,,,,,,1.0,-1.0,-1.0,-1.0,-1.0,0.0,0.0,41696.73999999999,-1.0,-1.0,-1.0,-1.0,-1.0,-1.0,4.0,4.0,1.0,0.4759322966953752,0.3954061960765668,,,,,,,,,,,,,,,,,,,,,,,
2541,41695.9395,,,,,,Frage 1,,,,,,1.0,-1.0,-1.0,-1.0,-1.0,0.0,0.018097082863962055,41713.39399999997,-1.0,-1.0,-1.0,-1.0,-1.0,-1.0,4.0,4.0,1.0,0.47307184518740275,0.394481298666511,,,,,,,,,,,,,,,,,,,,,,,
2542,41712.5949,,,,,,Frage 1,,,,,,1.0,-1.0,-1.0,-1.0,-1.0,0.0,0.0,41730.049,-1.0,-1.0,-1.0,-1.0,-1.0,-1.0,4.0,4.0,1.0,0.4759322966953752,0.3954061960765668,,,,,,,,,,,,,,,,,,,,,,,
2543,41729.2489,,,,,,Frage 1,,,,,,1.0,-1.0,-1.0,-1.0,-1.0,0.0,0.0,41746.70400000003,-1.0,-1.0,-1.0,-1.0,-1.0,-1.0,4.0,4.0,1.0,0.4759322966953752,0.3954061960765668,,,,,,,,,,,,,,,,,,,,,,,
2544,41745.9029,,,,,,Frage 1,,,,,,1.0,-1.0,-1.0,-1.0,-1.0,0.0,0.0,41763.35800000001,-1.0,-1.0,-1.0,-1.0,-1.0,-1.0,4.0,4.0,1.0,0.4759322966953752,0.3954061960765668,,,,,,,,,,,,,,,,,,,,,,,
2545,41762.5571,,,,,,Frage 1,,,,,,1.0,-1.0,-1.0,-1.0,-1.0,0.0,0.0,41780.01300000004,-1.0,-1.0,-1.0,-1.0,-1.0,-1.0,4.0,4.0,1.0,0.4759322966953752,0.3954061960765668,,,,,,,,,,,,,,,,,,,,,,,
2546,41779.2134,,,,,,Frage 1,,,,,,1.0,-1.0,-1.0,-1.0,-1.0,0.0,0.0,41796.66800000006,-1.0,-1.0,-1.0,-1.0,-1.0,-1.0,4.0,4.0,1.0,0.4759322966953752,0.3954061960765668,,,,,,,,,,,,,,,,,,,,,,,
2547,41795.868,,,,,,Frage 1,,,,,,1.0,-1.0,-1.0,-1.0,-1.0,0.0,0.0,41813.32200000005,-1.0,-1.0,-1.0,-1.0,-1.0,-1.0,4.0,4.0,1.0,0.4759322966953752,0.3954061960765668,,,,,,,,,,,,,,,,,,,,,,,
2548,41812.5213,,,,,,Frage 1,,,,,,1.0,-1.0,-1.0,-1.0,-1.0,0.0,0.0,41829.97700000007,-1.0,-1.0,-1.0,-1.0,-1.0,-1.0,4.0,4.0,1.0,0.4759322966953752,0.3954061960765668,,,,,,,,,,,,,,,,,,,,,,,
2549,41829.1779,,,,,,Frage 1,,,,,,1.0,-1.0,-1.0,-1.0,-1.0,0.0,0.0,41846.63199999998,-1.0,-1.0,-1.0,-1.0,-1.0,-1.0,4.0,4.0,1.0,0.4759322966953752,0.3954061960765668,,,,,,,,,,,,,,,,,,,,,,,
2550,41845.8306,,,,,,Frage 1,,,,,,1.0,-1.0,-1.0,-1.0,-1.0,0.0,0.0,41863.28599999997,-1.0,-1.0,-1.0,-1.0,-1.0,-1.0,4.0,4.0,1.0,0.4759322966953752,0.3954061960765668,,,,,,,,,,,,,,,,,,,,,,,
2551,41862.4849,,,,,,Frage 1,,,,,,1.0,-1.0,-1.0,-1.0,-1.0,0.0,0.0,41879.94099999999,-1.0,-1.0,-1.0,-1.0,-1.0,-1.0,4.0,4.0,1.0,0.4759322966953752,0.3954061960765668,,,,,,,,,,,,,,,,,,,,,,,
2552,41897.4712,,,,,,Frage 1,,,,,,1.0,-1.0,-1.0,-1.0,-1.0,0.0,0.0,41914.92599999998,-1.0,-1.0,-1.0,-1.0,-1.0,-1.0,4.0,4.0,1.0,0.4759322966953752,0.3954061960765668,,,,,,,,,,,,,,,,,,,,,,,
2553,41914.1243,,,,,,Frage 1,,,,,,1.0,-1.0,-1.0,-1.0,-1.0,0.0,0.0,41931.58000000008,-1.0,-1.0,-1.0,-1.0,-1.0,-1.0,4.0,4.0,1.0,0.4759322966953752,0.3954061960765668,,,,,,,,,,,,,,,,,,,,,,,
2554,41930.7807,,,,,,Frage 1,,,,,,1.0,-1.0,-1.0,-1.0,-1.0,0.0,0.0,41948.23499999999,-1.0,-1.0,-1.0,-1.0,-1.0,-1.0,4.0,4.0,1.0,0.4759322966953752,0.3954061960765668,,,,,,,,,,,,,,,,,,,,,,,
2555,41947.434,,,,,,Frage 1,,,,,,1.0,-1.0,-1.0,-1.0,-1.0,0.0,0.0,41964.890000000014,-1.0,-1.0,-1.0,-1.0,-1.0,-1.0,4.0,4.0,1.0,0.4759322966953752,0.3954061960765668,,,,,,,,,,,,,,,,,,,,,,,
2556,41964.089,,,,,,Frage 1,,,,,,1.0,-1.0,-1.0,-1.0,-1.0,0.0,0.0,41981.544,-1.0,-1.0,-1.0,-1.0,-1.0,-1.0,4.0,4.0,1.0,0.4759322966953752,0.3954061960765668,,,,,,,,,,,,,,,,,,,,,,,
2557,41980.745,,,,,,Frage 1,,,,,,1.0,-1.0,-1.0,-1.0,-1.0,0.0,0.0,41998.199000000015,-1.0,-1.0,-1.0,-1.0,-1.0,-1.0,4.0,4.0,1.0,0.4759322966953752,0.3954061960765668,,,,,,,,,,,,,,,,,,,,,,,
2558,41997.3983,,,,,,Frage 1,,,,,,1.0,-1.0,-1.0,-1.0,-1.0,0.0,0.0,42014.85400000005,-1.0,-1.0,-1.0,-1.0,-1.0,-1.0,4.0,4.0,1.0,0.4759322966953752,0.3954061960765668,,,,,,,,,,,,,,,,,,,,,,,
2559,42014.0534,,,,,,Frage 1,,,,,,1.0,-1.0,-1.0,-1.0,-1.0,0.0,0.0,42031.50800000003,-1.0,-1.0,-1.0,-1.0,-1.0,-1.0,4.0,4.0,1.0,0.4759322966953752,0.3954061960765668,,,,,,,,,,,,,,,,,,,,,,,
2560,42030.7072,,,,,,Frage 1,,,,,,1.0,-1.0,-1.0,-1.0,-1.0,0.0,0.0,42048.16300000006,-1.0,-1.0,-1.0,-1.0,-1.0,-1.0,4.0,4.0,1.0,0.4759322966953752,0.3954061960765668,,,,,,,,,,,,,,,,,,,,,,,
2561,42060.7742,,,,,,Frage 1,,,,,,1.0,-1.0,-1.0,-1.0,-1.0,0.0,0.0,42078.22900000005,-1.0,-1.0,-1.0,-1.0,-1.0,-1.0,4.0,4.0,1.0,0.4759322966953752,0.3954061960765668,,,,,,,,,,,,,,,,,,,,,,,
2562,42077.4289,,,,,,Frage 1,,,,,,1.0,-1.0,-1.0,-1.0,-1.0,0.0,0.0,42094.88300000003,-1.0,-1.0,-1.0,-1.0,-1.0,-1.0,4.0,4.0,1.0,0.4759322966953752,0.3954061960765668,,,,,,,,,,,,,,,,,,,,,,,
2563,42094.0825,,,,,,Frage 1,,,,,,1.0,-1.0,-1.0,-1.0,-1.0,0.0,0.0,42111.53800000006,-1.0,-1.0,-1.0,-1.0,-1.0,-1.0,4.0,4.0,1.0,0.4759322966953752,0.3954061960765668,,,,,,,,,,,,,,,,,,,,,,,
2564,42110.7382,,,,,,Frage 1,,,,,,1.0,-1.0,-1.0,-1.0,-1.0,0.03388974098219233,0.0,42128.19299999997,-1.0,-1.0,-1.0,-1.0,-1.0,-1.0,4.0,4.0,1.0,0.4762576401214801,0.3955127310509079,,,,,,,,,,,,,,,,,,,,,,,
2565,42127.3912,,,,,,Frage 1,,,,,,1.0,-1.0,-1.0,-1.0,-1.0,0.0,0.0,42144.84700000008,-1.0,-1.0,-1.0,-1.0,-1.0,-1.0,4.0,4.0,1.0,0.4759322966953752,0.3954061960765668,,,,,,,,,,,,,,,,,,,,,,,
2566,42144.0472,,,,,,Frage 1,,,,,,1.0,-1.0,-1.0,-1.0,-1.0,0.0,0.0,42161.50199999998,-1.0,-1.0,-1.0,-1.0,-1.0,-1.0,4.0,4.0,1.0,0.4759322966953752,0.3954061960765668,,,,,,,,,,,,,,,,,,,,,,,
2567,42160.7019,,,,,,Frage 1,,,,,,1.0,-1.0,-1.0,-1.0,-1.0,0.0,0.0,42178.15700000001,-1.0,-1.0,-1.0,-1.0,-1.0,-1.0,4.0,4.0,1.0,0.4759322966953752,0.3954061960765668,,,,,,,,,,,,,,,,,,,,,,,
2568,42177.3558,,,,,,Frage 1,,,,,,1.0,-1.0,-1.0,-1.0,-1.0,0.0,0.0,42194.811,-1.0,-1.0,-1.0,-1.0,-1.0,-1.0,4.0,4.0,1.0,0.4759322966953752,0.3954061960765668,,,,,,,,,,,,,,,,,,,,,,,
2569,42194.0115,,,,,,Frage 1,,,,,,1.0,-1.0,-1.0,-1.0,-1.0,0.0,0.0,42211.466000000015,-1.0,-1.0,-1.0,-1.0,-1.0,-1.0,4.0,4.0,1.0,0.4759322966953752,0.3954061960765668,,,,,,,,,,,,,,,,,,,,,,,
2570,42210.6651,,,,,,Frage 1,,,,,,1.0,-1.0,-1.0,-1.0,-1.0,0.0,0.0,42228.12100000004,-1.0,-1.0,-1.0,-1.0,-1.0,-1.0,4.0,4.0,1.0,0.4759322966953752,0.3954061960765668,,,,,,,,,,,,,,,,,,,,,,,
2571,42227.3211,,,,,,Frage 1,,,,,,1.0,-1.0,-1.0,-1.0,-1.0,0.0,0.0,42244.77600000007,-1.0,-1.0,-1.0,-1.0,-1.0,-1.0,4.0,4.0,1.0,0.4759322966953752,0.3954061960765668,,,,,,,,,,,,,,,,,,,,,,,
2572,42243.9756,,,,,,Frage 1,,,,,,1.0,-1.0,-1.0,-1.0,-1.0,0.0,0.0,42261.43000000005,-1.0,-1.0,-1.0,-1.0,-1.0,-1.0,4.0,4.0,1.0,0.4759322966953752,0.3954061960765668,,,,,,,,,,,,,,,,,,,,,,,
2573,42260.6292,,,,,,Frage 1,,,,,,1.0,-1.0,-1.0,-1.0,-1.0,0.03388974098219233,0.0,42278.08499999996,-1.0,-1.0,-1.0,-1.0,-1.0,-1.0,4.0,4.0,1.0,0.4762576401214801,0.3955127310509079,,,,,,,,,,,,,,,,,,,,,,,
2574,42277.2919,,,,,,Frage 1,,,,,,1.0,-1.0,-1.0,-1.0,-1.0,0.03388974098219233,0.0,42294.73999999999,-1.0,-1.0,-1.0,-1.0,-1.0,-1.0,4.0,4.0,1.0,0.4762576401214801,0.3955127310509079,,,,,,,,,,,,,,,,,,,,,,,
2575,42293.9386,,,,,,Frage 1,,,,,,1.0,-1.0,-1.0,-1.0,-1.0,0.0,0.0,42311.39399999997,-1.0,-1.0,-1.0,-1.0,-1.0,-1.0,4.0,4.0,1.0,0.4759322966953752,0.3954061960765668,,,,,,,,,,,,,,,,,,,,,,,
2576,42310.5941,,,,,,Frage 1,,,,,,1.0,-1.0,-1.0,-1.0,-1.0,0.0,0.0,42328.049,-1.0,-1.0,-1.0,-1.0,-1.0,-1.0,4.0,4.0,1.0,0.4759322966953752,0.3954061960765668,,,,,,,,,,,,,,,,,,,,,,,
2577,42327.2495,,,,,,Frage 1,,,,,,1.0,-1.0,-1.0,-1.0,-1.0,0.0,0.0,42344.70400000003,-1.0,-1.0,-1.0,-1.0,-1.0,-1.0,4.0,4.0,1.0,0.4759322966953752,0.3954061960765668,,,,,,,,,,,,,,,,,,,,,,,
2578,42343.9018,,,,,,Frage 1,,,,,,1.0,-1.0,-1.0,-1.0,-1.0,0.0,0.0,42361.35800000001,-1.0,-1.0,-1.0,-1.0,-1.0,-1.0,4.0,4.0,1.0,0.4759322966953752,0.3954061960765668,,,,,,,,,,,,,,,,,,,,,,,
2579,42360.5587,,,,,,Frage 1,,,,,,1.0,-1.0,-1.0,-1.0,-1.0,0.0,0.0,42378.01300000004,-1.0,-1.0,-1.0,-1.0,-1.0,-1.0,4.0,4.0,1.0,0.4759322966953752,0.3954061960765668,,,,,,,,,,,,,,,,,,,,,,,
2580,42361.8943,,,,,,Frage 1,1.0,1.42942416667938,29.4070622619245,0.191281870007515,202.70703125,,,,,,0.6585048574425887,0.6495113533451946,,,,,,,,,,,0.37959439571535225,0.3642823432120883,,,,,,,,,,,,,,,,,,,,,,,
2581,42377.2133,,,,,,Frage 1,,,,,,1.0,-1.0,-1.0,-1.0,-1.0,0.0,0.018097082863962055,42394.66800000006,-1.0,-1.0,-1.0,-1.0,-1.0,-1.0,4.0,4.0,1.0,0.47307184518740275,0.394481298666511,,,,,,,,,,,,,,,,,,,,,,,
2582,42411.4632,,,,,,Frage 1,,,,,,1.0,-1.0,-1.0,-1.0,-1.0,0.0,0.018097082863962055,42428.919,-1.0,-1.0,-1.0,-1.0,-1.0,-1.0,4.0,4.0,1.0,0.47307184518740275,0.394481298666511,,,,,,,,,,,,,,,,,,,,,,,
2583,42428.1199,,,,,,Frage 1,,,,,,1.0,-1.0,-1.0,-1.0,-1.0,0.0,0.0,42445.574000000015,-1.0,-1.0,-1.0,-1.0,-1.0,-1.0,4.0,4.0,1.0,0.4759322966953752,0.3954061960765668,,,,,,,,,,,,,,,,,,,,,,,
2584,42444.7737,,,,,,Frage 1,,,,,,1.0,-1.0,-1.0,-1.0,-1.0,0.0,0.0,42462.22900000005,-1.0,-1.0,-1.0,-1.0,-1.0,-1.0,4.0,4.0,1.0,0.4759322966953752,0.3954061960765668,,,,,,,,,,,,,,,,,,,,,,,
2585,42461.4288,,,,,,Frage 1,,,,,,1.0,-1.0,-1.0,-1.0,-1.0,0.0,0.0,42478.88300000003,-1.0,-1.0,-1.0,-1.0,-1.0,-1.0,4.0,4.0,1.0,0.4759322966953752,0.3954061960765668,,,,,,,,,,,,,,,,,,,,,,,
2586,42478.084,,,,,,Frage 1,,,,,,1.0,-1.0,-1.0,-1.0,-1.0,0.0,0.0,42495.53800000006,-1.0,-1.0,-1.0,-1.0,-1.0,-1.0,4.0,4.0,1.0,0.4759322966953752,0.3954061960765668,,,,,,,,,,,,,,,,,,,,,,,
2587,42494.7375,,,,,,Frage 1,,,,,,1.0,-1.0,-1.0,-1.0,-1.0,0.0,0.018097082863962055,42512.19299999997,-1.0,-1.0,-1.0,-1.0,-1.0,-1.0,4.0,4.0,1.0,0.47307184518740275,0.394481298666511,,,,,,,,,,,,,,,,,,,,,,,
2588,42511.3927,,,,,,Frage 1,,,,,,1.0,-1.0,-1.0,-1.0,-1.0,0.0,0.0,42528.84700000008,-1.0,-1.0,-1.0,-1.0,-1.0,-1.0,4.0,4.0,1.0,0.4759322966953752,0.3954061960765668,,,,,,,,,,,,,,,,,,,,,,,
2589,42528.0466,,,,,,Frage 1,,,,,,1.0,-1.0,-1.0,-1.0,-1.0,0.0,0.0,42545.50199999998,-1.0,-1.0,-1.0,-1.0,-1.0,-1.0,4.0,4.0,1.0,0.4759322966953752,0.3954061960765668,,,,,,,,,,,,,,,,,,,,,,,
2590,42544.702,,,,,,Frage 1,,,,,,1.0,813.0,220.0,-1.0,-1.0,0.9632624226780963,0.0,42562.15700000001,581.7665405273438,-1.0,0.517713725566864,0.2596531212329864,-1.0,-1.0,0.0,4.0,1.0,0.39876740358376517,0.19925163704396628,813.0,220.0,581.766540527344,,,,,,,,,,,,,,,,,,,,
2591,42561.3572,,,,,,Frage 1,,,,,,1.0,813.0,220.0,-1.0,-1.0,0.9632624226780963,0.0,42578.811,576.15234375,-1.0,0.5284850001335144,0.2573084235191345,-1.0,-1.0,0.0,4.0,1.0,0.44174208144796373,0.3843606285005477,813.0,220.0,576.15234375,119.278509904985,,,,,,,,,,113.0,113.0,42553.0296,42586.3389,33.3093000000081,4.16612521776305,119.278509904985,,-8.48903782315883,229.214178522734
2592,42578.0108,,,,,,Frage 1,,,,,,1.0,725.0,118.0,-1.0,-1.0,0.9558634840912835,0.0,42595.466000000015,576.88818359375,-1.0,0.5325660109519958,0.2563404440879821,-1.0,-1.0,0.0,4.0,1.0,0.39196832579185514,0.1038353601496726,725.0,118.0,576.88818359375,119.137136864694,-8.48903782315883,,,,,,,,,113.0,113.0,42553.0296,42586.3389,33.3093000000081,4.16612521776305,119.278509904985,,-8.48903782315883,229.214178522734
2593,42594.667,,,,,,Frage 1,,,,,,1.0,725.0,118.0,-1.0,-1.0,0.04234750299057255,0.0,42612.12100000004,576.4171142578125,-1.0,0.5340131521224974,0.2570149898529052,-1.0,-1.0,0.0,4.0,1.0,0.39196832579185514,0.1038353601496726,725.0,118.0,576.417114257813,13.1486664229507,-6363.30438165439,,,,,,,,,,,,,,,,,,
2594,42611.3199,,,,,,Frage 1,,,,,,1.0,725.0,97.0,699.0,124.0,0.9564750697706927,0.9387875898567648,42628.77600000007,576.753173828125,568.6074829101562,0.5474185943603515,0.2451323717832565,0.3770984709262847,0.3029519617557525,0.0,0.0,1.0,0.2265947948968155,0.09681945743685683,712.0,110.5,572.680328369141,33.9992201150421,1252.06742922196,,,,,,,,,114.0,114.0,42602.99345,42619.64765,16.6541999999972,,33.9992201150421,1252.06742922196,,
2595,42627.9754,,,,,,Frage 1,,,,,,1.0,705.0,95.0,669.0,138.0,0.9587441774547052,0.9476554214027832,42645.43000000005,568.2393798828125,560.8001708984375,0.5526528358459472,0.2445002496242523,0.385257214307785,0.2947921454906463,0.0,0.0,1.0,0.3704751131221719,0.10243217960710937,687.0,116.5,564.519775390625,24.9035197488364,-546.107914274886,,,,,,,,,,,,,,,,,,
2596,42644.6312,,,,,,Frage 1,,,,,,1.0,706.0,112.0,678.0,146.0,0.9524211304100371,0.9400999539333426,42662.08499999996,566.5947875976562,559.5418090820312,0.5546720027923584,0.2459183931350708,0.389338880777359,0.2914339005947113,0.0,0.0,1.0,0.37330316742081443,0.11412535079513558,692.0,129.0,563.068298339844,32.0552923688714,429.386317080829,,,,,,,,,115.0,115.0,42636.3033,42669.61215,33.3088500000013,0.778062269427455,39.4686915651195,445.152951689065,,30.7627195342389
2597,42661.2848,,,,,,Frage 1,,,,,,1.0,726.0,118.0,700.0,165.0,0.9477955456592394,0.938688492977513,42678.73999999999,560.7713012695312,554.0874633789064,0.5579811334609985,0.2469725757837295,0.3940380215644836,0.2893013656139373,0.0,0.0,1.0,0.23912927292999311,0.1258185219831618,713.0,141.5,557.429382324219,39.4686915651195,445.152951689065,,,,,,,,,115.0,115.0,42636.3033,42669.61215,33.3088500000013,0.778062269427455,39.4686915651195,445.152951689065,,30.7627195342389
2598,42677.9395,,,,,,Frage 1,,,,,,1.0,728.0,143.0,717.0,178.0,0.937824855357574,0.9323650407636352,42695.39399999997,561.41162109375,554.9440307617188,0.559549570083618,0.2474405616521835,0.396702617406845,0.2871961891651153,0.0,0.0,1.0,0.3905542986425338,0.14359214218896163,722.5,160.5,558.177825927734,25.761417452775,-823.027380399836,,,,,,,,,,,,,,,,,,
2599,42694.5936,,,,,,Frage 1,,,,,,1.0,722.0,156.0,719.0,182.0,0.9374285443262322,0.928235111363466,42712.049,557.3316040039064,551.10693359375,0.5622234344482421,0.2477335035800933,0.4001664519309997,0.2856297194957733,0.0,0.0,1.0,0.38942307692307687,0.1515434985968194,720.5,169.0,554.219268798828,20.0075877067119,-345.490284438258,,,,,,,,,,,,,,,,,,
2600,42711.2485,,,,,,Frage 1,,,,,,1.0,719.0,165.0,710.0,196.0,0.9335792989480727,0.9256130615043442,42728.70400000003,557.9733276367188,551.8974609375,0.5635797977447509,0.2481078207492828,0.4021345973014831,0.284340500831604,0.0,0.0,1.0,0.3860294117647058,0.16230121608980352,714.5,180.5,554.935394287109,38.274057290777,1096.76248936131,,,,,,,,,116.0,116.0,42702.92105,42752.8852,49.9641499999998,7.87973254681071,231.060971748315,11575.5955986646,-2448.74889143323,354.089811716673
2601,42727.9031,,,,,,Frage 1,,,,,,1.0,726.0,177.0,797.0,169.0,0.9248755490435315,0.9190324930632184,42745.35800000001,550.6923828125,544.8209228515625,0.5661415457725524,0.2481569498777389,0.4051307439804077,0.2831038534641265,0.0,0.0,1.0,0.4126131221719456,0.1552853133769878,761.5,173.0,547.756652832031,231.060971748315,11575.5955986646,,,,,,,,,116.0,116.0,42702.92105,42752.8852,49.9641499999998,7.87973254681071,231.060971748315,11575.5955986646,-2448.74889143323,354.089811716673
2602,42744.5575,,,,,,Frage 1,,,,,,1.0,967.0,143.0,945.0,168.0,0.9202292572603957,0.9112145527784622,42762.01300000004,546.3619995117188,540.6357421875,0.5676841139793396,0.2486894726753234,0.4070852696895599,0.2824357450008392,0.0,0.0,1.0,0.5226244343891402,0.13891487371375114,956.0,155.5,543.498870849609,190.278528210831,-2448.74889143323,,,,,,,,,116.0,116.0,42702.92105,42752.8852,49.9641499999998,7.87973254681071,231.060971748315,11575.5955986646,-2448.74889143323,354.089811716673
2603,42761.2129,,,,,,Frage 1,,,,,,1.0,966.0,144.0,952.0,169.0,0.9196675969425709,0.9026225855179285,42778.66800000006,548.3998413085938,542.7759399414064,0.5688903331756591,0.248915821313858,0.408642292022705,0.2815722525119781,0.0,0.0,1.0,0.24989789003400156,0.13985032740879325,959.0,156.5,545.587890625,11.8159975059721,-10714.9951790351,89.0,88.0,951.357142857143,160.785714285714,42752.8852,42986.0512,233.165999999997,0.257337405228767,,,,,,,,,,
2604,42777.866,,,,,,Frage 1,,,,,,1.0,961.0,155.0,939.0,178.0,0.9141508444874912,0.8967223037613963,42795.32200000005,549.6246948242188,544.1060791015625,0.5702990889549255,0.2492241859436035,0.4102693796157836,0.280874490737915,0.0,0.0,1.0,0.5192307692307692,0.14920486435921418,950.0,166.5,546.865386962891,20.3328388114783,511.426779728972,89.0,88.0,951.357142857143,160.785714285714,42752.8852,42986.0512,233.165999999997,0.257337405228767,,,,,,,,,,
2605,42794.5221,,,,,,Frage 1,,,,,,1.0,960.0,153.0,924.0,186.0,0.9135642214888742,0.8941832810173233,42811.97700000007,549.1531982421875,543.6866455078125,0.571493923664093,0.2510051131248474,0.4113085567951202,0.2827754318714141,0.0,0.0,1.0,0.5147058823529411,0.15201122544434045,942.0,169.5,546.419921875,3.02570685104215,-1039.08669859306,89.0,88.0,951.357142857143,160.785714285714,42752.8852,42986.0512,233.165999999997,0.257337405228767,,,,,,,,,,
2606,42811.1778,,,,,,Frage 1,,,,,,1.0,964.0,148.0,930.0,187.0,0.9105412408449368,0.8899515764438685,42828.63199999998,548.896728515625,543.5133666992188,0.5732867121696472,0.2504375576972961,0.4130338430404663,0.2819268703460693,0.0,0.0,1.0,0.5175339366515836,0.15014031805425626,947.0,167.5,546.205047607422,9.85834755741884,410.228372651913,89.0,88.0,951.357142857143,160.785714285714,42752.8852,42986.0512,233.165999999997,0.257337405228767,,,,,,,,,,
2607,42827.8307,,,,,,Frage 1,,,,,,1.0,974.0,141.0,929.0,190.0,0.9078128198343476,0.8929459091736927,42845.28599999997,548.6427001953125,543.3645629882812,0.5753998756408691,0.2507214546203613,0.4152962565422058,0.2821480631828308,0.0,0.0,1.0,0.5200791855203619,0.14826941066417207,951.5,165.5,546.003631591797,2.6812437326975,-430.982220797635,89.0,88.0,951.357142857143,160.785714285714,42752.8852,42986.0512,233.165999999997,0.257337405228767,,,,,,,,,,
2608,42844.4862,,,,,,Frage 1,,,,,,1.0,965.0,142.0,925.0,189.0,0.9038911826818907,0.8704659708865684,42861.94099999999,549.019287109375,543.8464965820312,0.5767731666564941,0.248989313840866,0.4168705344200134,0.279096633195877,0.0,0.0,1.0,0.5164027149321266,0.4086389589334957,945.0,165.5,546.432891845703,7.6263866094097,296.90750062814,89.0,88.0,951.357142857143,160.785714285714,42752.8852,42986.0512,233.165999999997,0.257337405228767,,,,,,,,,,
2609,42861.1403,,,,,,Frage 1,,,,,,1.0,968.0,148.0,932.0,167.0,0.902341000204694,0.8837593606376484,42878.59600000002,549.553955078125,544.4884643554688,0.5782505273818969,0.2492168396711349,0.4185125231742858,0.2783255279064178,0.0,0.0,1.0,0.5192307692307692,0.1407857811038353,950.0,157.5,547.021209716797,18.0944431307256,628.557323500885,89.0,88.0,951.357142857143,160.785714285714,42752.8852,42986.0512,233.165999999997,0.257337405228767,,,,,,,,,,
2610,42877.7966,,,,,,Frage 1,,,,,,1.0,980.0,143.0,938.0,162.0,0.8994503217689553,0.8808882294333802,42895.25100000005,549.502685546875,544.5396118164064,0.5798014402389526,0.2493762820959091,0.4201475977897644,0.2776400744915008,0.0,0.0,1.0,0.5243212669683257,0.13610851262862483,959.0,152.5,547.021148681641,8.14924829931785,-597.083075557378,89.0,88.0,951.357142857143,160.785714285714,42752.8852,42986.0512,233.165999999997,0.257337405228767,,,,,,,,,,
2611,42894.4527,,,,,,Frage 1,,,,,,1.0,976.0,141.0,940.0,168.0,0.8963499568145622,0.8800017141081816,42911.90500000002,549.725341796875,544.864501953125,0.5814599394798278,0.249406412243843,0.4218712747097015,0.2769169211387634,0.0,0.0,1.0,0.5237556561085972,0.13797942001870905,958.0,154.5,547.294921875,8.08451549151074,-3.88643246661057,89.0,88.0,951.357142857143,160.785714285714,42752.8852,42986.0512,233.165999999997,0.257337405228767,,,,,,,,,,
2612,42911.1048,,,,,,Frage 1,,,,,,1.0,968.0,146.0,935.0,167.0,0.8861237161513015,0.8769484589096128,42928.560000000056,549.8378295898438,545.0693969726562,0.582987070083618,0.249470978975296,0.4234380722045898,0.2763205468654632,0.0,0.0,1.0,0.5200791855203619,0.13985032740879325,951.5,156.5,547.45361328125,16.8197267382132,524.571149987257,89.0,88.0,951.357142857143,160.785714285714,42752.8852,42986.0512,233.165999999997,0.257337405228767,,,,,,,,,,
2613,42927.7601,,,,,,Frage 1,,,,,,1.0,959.0,151.0,926.0,175.0,0.8920064503567167,0.850124843488753,42945.21499999997,549.8486938476562,545.178466796875,0.5847032666206359,0.2494647055864334,0.4251807034015655,0.2757147550582885,0.0,0.0,1.0,0.5149886877828054,0.14593077642656682,942.5,163.0,547.513580322266,5.74890645978997,-664.702543840351,89.0,88.0,951.357142857143,160.785714285714,42752.8852,42986.0512,233.165999999997,0.257337405228767,,,,,,,,,,
2614,42944.4137,,,,,,Frage 1,,,,,,1.0,960.0,151.0,936.0,172.0,0.8879999400895663,0.8753146995489752,42961.869000000064,549.9713745117188,545.3880615234375,0.5861969590187072,0.2495169937610626,0.4266909956932067,0.2752006649971008,0.0,0.0,1.0,0.5180995475113122,0.14452759588400368,948.0,161.5,547.679718017578,14.1777827319478,506.129381764842,89.0,88.0,951.357142857143,160.785714285714,42752.8852,42986.0512,233.165999999997,0.257337405228767,,,,,,,,,,
2615,42961.0695,,,,,,Frage 1,,,,,,1.0,966.0,151.0,947.0,165.0,0.8858182017883265,0.8730515410903871,42978.523999999976,549.4581298828125,544.9692993164064,0.5879186987876892,0.2495142668485641,0.4284111261367797,0.2746859490871429,0.0,0.0,1.0,0.5229072398190044,0.14125350795135636,956.5,158.0,547.213714599609,11.5139625894807,-159.933485180359,89.0,88.0,951.357142857143,160.785714285714,42752.8852,42986.0512,233.165999999997,0.257337405228767,,,,,,,,,,
2616,42977.7251,,,,,,Frage 1,,,,,,1.0,973.0,152.0,945.0,161.0,0.8830049076630437,0.8404999549648987,42995.179,550.095947265625,545.67236328125,0.5890109539031982,0.2495295256376266,0.4295026957988739,0.2742101550102233,0.0,0.0,1.0,0.5243212669683257,0.13985032740879325,959.0,156.5,547.884155273438,0.466676135606949,-663.277603560973,89.0,88.0,951.357142857143,160.785714285714,42752.8852,42986.0512,233.165999999997,0.257337405228767,,,,,,,,,,
2617,42994.3773,,,,,,Frage 1,,,,,,1.0,968.0,159.0,945.0,158.0,0.6069533882598235,0.5792411575238521,43011.832999999984,549.7163696289064,545.3697509765625,0.5904250741004943,0.2496047019958496,0.4308918714523315,0.2738667130470275,0.0,0.0,1.0,0.5229072398190044,0.14172123479887738,956.5,158.5,547.543060302734,37.3100078501512,2212.52037055472,,,,,,,,,117.0,117.0,42986.0512,43052.66995,66.6187499999942,9.52068436657118,243.035292949254,11309.5427341147,-989.175997836852,180.879900130877
2618,43011.0335,,,,,,Frage 1,,,,,,1.0,924.0,166.0,917.0,160.0,0.8849819519817872,0.8701723750040175,43028.488000000005,548.234375,543.9786987304688,0.5922171473503112,0.249731034040451,0.432632952928543,0.2736374735832214,0.0,0.0,1.0,0.5025452488687782,0.4041485210432264,920.5,163.0,546.106536865234,54.6839063467098,1043.08896966661,,,,,,,,,117.0,117.0,42986.0512,43052.66995,66.6187499999942,9.52068436657118,243.035292949254,11309.5427341147,-989.175997836852,180.879900130877
2619,43027.6877,,,,,,Frage 1,,,,,,1.0,902.0,165.0,898.0,168.0,0.8826853853489034,0.8649309535798079,43045.14300000004,549.7845458984375,545.6024780273438,0.5940600037574768,0.251128613948822,0.4345576763153076,0.2755327224731445,0.0,0.0,1.0,0.4909502262443438,0.14920486435921418,900.0,166.5,547.693511962891,243.035292949254,11309.5427341147,,,,,,,,,117.0,117.0,42986.0512,43052.66995,66.6187499999942,9.52068436657118,243.035292949254,11309.5427341147,-989.175997836852,180.879900130877
2620,43044.3424,,,,,,Frage 1,,,,,,1.0,678.0,150.0,649.0,158.0,0.8764147599338988,0.864001585550068,43061.79700000002,551.6961059570312,547.52978515625,0.5948572158813475,0.2507941126823425,0.4350715577602386,0.2753813564777374,0.0,0.0,1.0,0.357183257918552,0.137511693171188,663.5,154.0,549.612945556641,226.560863458082,-989.175997836852,,,,,,,,,117.0,117.0,42986.0512,43052.66995,66.6187499999942,9.52068436657118,243.035292949254,11309.5427341147,-989.175997836852,180.879900130877
2621,43060.9975,,,,,,Frage 1,,,,,,1.0,677.0,145.0,642.0,162.0,0.880056815061483,0.870116130829307,43078.45200000005,551.1085205078125,546.9945068359375,0.596509277820587,0.2513291239738464,0.436375617980957,0.2761834263801574,0.0,0.0,1.0,0.35492081447963797,0.13704396632366694,659.5,153.5,549.051513671875,12.7981597867499,-12834.6694809025,90.0,89.0,659.083333333333,151.75,43052.66995,43152.59815,99.9282000000021,0.227727422435367,,,,,,,,,,
2622,43077.6514,,,,,,Frage 1,,,,,,1.0,687.0,147.0,629.0,135.0,0.8801516732484936,0.8704830571119418,43095.10699999996,549.8717041015625,545.8907470703125,0.5988059043884277,0.2497122138738632,0.4387102127075195,0.2735548615455627,0.0,0.0,1.0,0.3540723981900452,0.12535079513564074,658.0,141.0,547.881225585938,7.83601582315612,-297.956872780089,90.0,89.0,659.083333333333,151.75,43052.66995,43152.59815,99.9282000000021,0.227727422435367,,,,,,,,,,
2623,43094.3062,,,,,,Frage 1,,,,,,1.0,686.0,152.0,631.0,138.0,0.8786842161258975,0.8708205221602048,43111.76100000006,549.6074829101562,545.7305297851562,0.6003917455673217,0.2499572187662124,0.4403443932533264,0.2729345262050628,0.0,0.0,1.0,0.35435520361990946,0.12909260991580912,658.5,145.0,547.669006347656,17.183808179726,561.267163614801,90.0,89.0,659.083333333333,151.75,43052.66995,43152.59815,99.9282000000021,0.227727422435367,,,,,,,,,,
2624,43110.9607,,,,,,Frage 1,,,,,,1.0,673.0,152.0,639.0,167.0,0.8770637896344965,0.8695911851986758,43128.41599999997,548.8655395507812,545.0906982421875,0.6020401716232299,0.2502254545688629,0.4420136213302612,0.2724356353282928,0.0,0.0,1.0,0.3529411764705882,0.14265668849391952,656.0,159.5,546.978118896484,11.9771358315998,-312.628559736103,90.0,89.0,659.083333333333,151.75,43052.66995,43152.59815,99.9282000000021,0.227727422435367,,,,,,,,,,
2625,43127.6172,,,,,,Frage 1,,,,,,1.0,681.0,150.0,638.0,166.0,0.8758006779864103,0.8660183409575437,43145.071,549.3637084960938,545.6925048828125,0.6037673354148864,0.2503745853900909,0.4437930285930633,0.271915465593338,0.0,0.0,1.0,0.35492081447963797,0.14125350795135636,659.5,158.0,547.528106689453,8.68859838502521,-197.432680729751,90.0,89.0,659.083333333333,151.75,43052.66995,43152.59815,99.9282000000021,0.227727422435367,,,,,,,,,,
2626,43144.272,,,,,,Frage 1,,,,,,1.0,683.0,152.0,643.0,155.0,0.8763698271084728,0.8666745229958325,43161.72600000002,547.2318115234375,543.7025146484375,0.606534719467163,0.2502049207687377,0.4464742541313171,0.2710582613945007,0.0,0.0,1.0,0.35690045248868774,0.13704396632366694,663.0,153.5,545.467163085938,8.40194036449037,-17.2117359881174,90.0,89.0,659.083333333333,151.75,43052.66995,43152.59815,99.9282000000021,0.227727422435367,,,,,,,,,,
2627,43160.9243,,,,,,Frage 1,,,,,,1.0,676.0,155.0,651.0,145.0,0.8751940848431595,0.8636855468540758,43178.380000000005,557.3866577148438,553.9024047851562,0.6081398129463195,0.2513415515422821,0.4481541216373443,0.2734853625297546,0.0,0.0,1.0,0.357183257918552,0.13376987839101961,663.5,150.0,555.64453125,,,,,,,,,,,,,,,,,,,,
2628,43177.5802,,,,,,Frage 1,,,,,,1.0,-1.0,-1.0,-1.0,-1.0,0.0,0.0,43195.03500000003,-1.0,-1.0,-1.0,-1.0,-1.0,-1.0,4.0,4.0,1.0,0.4759322966953752,0.3954061960765668,,,,,,,,,,,,,,,,,,,,,,,
2629,43194.2345,,,,,,Frage 1,,,,,,1.0,-1.0,-1.0,-1.0,-1.0,0.0,0.018097082863962055,43211.69000000006,-1.0,-1.0,-1.0,-1.0,-1.0,-1.0,4.0,4.0,1.0,0.47307184518740275,0.394481298666511,,,,,,,,,,,,,,,,,,,,,,,
2630,43210.8885,,,,,,Frage 1,,,,,,1.0,-1.0,-1.0,-1.0,-1.0,0.0,0.0,43228.34400000004,-1.0,-1.0,-1.0,-1.0,-1.0,-1.0,4.0,4.0,1.0,0.4759322966953752,0.3954061960765668,,,,,,,,,,,,,,,,,,,,,,,
2631,43227.5445,,,,,,Frage 1,,,,,,1.0,-1.0,-1.0,-1.0,-1.0,0.0,0.0,43244.99900000007,-1.0,-1.0,-1.0,-1.0,-1.0,-1.0,4.0,4.0,1.0,0.4759322966953752,0.3954061960765668,,,,,,,,,,,,,,,,,,,,,,,
2632,43244.1998,,,,,,Frage 1,,,,,,1.0,-1.0,-1.0,-1.0,-1.0,0.0,0.0,43261.65399999998,-1.0,-1.0,-1.0,-1.0,-1.0,-1.0,4.0,4.0,1.0,0.4759322966953752,0.3954061960765668,,,,,,,,,,,,,,,,,,,,,,,
2633,43260.8519,,,,,,Frage 1,,,,,,1.0,-1.0,-1.0,-1.0,-1.0,0.0,0.0,43278.30799999996,-1.0,-1.0,-1.0,-1.0,-1.0,-1.0,4.0,4.0,1.0,0.4759322966953752,0.3954061960765668,,,,,,,,,,,,,,,,,,,,,,,
2634,43277.5088,,,,,,Frage 1,,,,,,1.0,-1.0,-1.0,-1.0,-1.0,0.0,0.0,43294.96299999999,-1.0,-1.0,-1.0,-1.0,-1.0,-1.0,4.0,4.0,1.0,0.4759322966953752,0.3954061960765668,,,,,,,,,,,,,,,,,,,,,,,
2635,43294.1622,,,,,,Frage 1,,,,,,1.0,-1.0,-1.0,-1.0,-1.0,0.03388974098219233,0.0,43311.61800000002,-1.0,-1.0,-1.0,-1.0,-1.0,-1.0,4.0,4.0,1.0,0.4762576401214801,0.3955127310509079,,,,,,,,,,,,,,,,,,,,,,,
2636,43310.8177,,,,,,Frage 1,,,,,,1.0,-1.0,-1.0,-1.0,-1.0,0.6585048574425887,0.6495113533451946,43328.272,-1.0,-1.0,-1.0,-1.0,-1.0,-1.0,4.0,4.0,1.0,0.37959439571535225,0.3642823432120883,,,,,,,,,,,,,,,,,,,,,,,
2637,43327.472,,,,,,Frage 1,,,,,,1.0,-1.0,-1.0,-1.0,-1.0,0.0,0.0,43344.927000000025,-1.0,-1.0,-1.0,-1.0,-1.0,-1.0,4.0,4.0,1.0,0.4759322966953752,0.3954061960765668,,,,,,,,,,,,,,,,,,,,,,,
2638,43344.1273,,,,,,Frage 1,,,,,,1.0,-1.0,-1.0,-1.0,-1.0,0.03388974098219233,0.0,43361.582000000046,-1.0,-1.0,-1.0,-1.0,-1.0,-1.0,4.0,4.0,1.0,0.4762576401214801,0.3955127310509079,,,,,,,,,,,,,,,,,,,,,,,
2639,43360.7808,,,,,,Frage 1,,,,,,1.0,-1.0,-1.0,-1.0,-1.0,0.0,0.0,43378.23600000003,-1.0,-1.0,-1.0,-1.0,-1.0,-1.0,4.0,4.0,1.0,0.4759322966953752,0.3954061960765668,,,,,,,,,,,,,,,,,,,,,,,
2640,43372.4878,,,,,,Frage 1,1.0,1.2411367893219,29.4053917692648,1.35286283493042,202.7734375,,,,,,0.6585048574425887,0.6495113533451946,,,,,,,,,,,0.37959439571535225,0.3642823432120883,,,,,,,,,,,,,,,,,,,,,,,
2641,43377.4356,,,,,,Frage 1,,,,,,1.0,-1.0,-1.0,-1.0,-1.0,0.0,0.0,43394.89100000006,-1.0,-1.0,-1.0,-1.0,-1.0,-1.0,4.0,4.0,1.0,0.4759322966953752,0.3954061960765668,,,,,,,,,,,,,,,,,,,,,,,
2642,43394.091,,,,,,Frage 1,,,,,,1.0,-1.0,-1.0,-1.0,-1.0,0.0,0.0,43411.545999999966,-1.0,-1.0,-1.0,-1.0,-1.0,-1.0,4.0,4.0,1.0,0.4759322966953752,0.3954061960765668,,,,,,,,,,,,,,,,,,,,,,,
2643,43410.7469,,,,,,Frage 1,,,,,,1.0,-1.0,-1.0,-1.0,-1.0,0.0,0.0,43428.201,-1.0,-1.0,-1.0,-1.0,-1.0,-1.0,4.0,4.0,1.0,0.4759322966953752,0.3954061960765668,,,,,,,,,,,,,,,,,,,,,,,
2644,43427.3993,,,,,,Frage 1,,,,,,1.0,-1.0,-1.0,-1.0,-1.0,0.0,0.0,43444.85499999998,-1.0,-1.0,-1.0,-1.0,-1.0,-1.0,4.0,4.0,1.0,0.4759322966953752,0.3954061960765668,,,,,,,,,,,,,,,,,,,,,,,
2645,43444.0551,,,,,,Frage 1,,,,,,1.0,-1.0,-1.0,-1.0,-1.0,0.0,0.0,43461.51000000001,-1.0,-1.0,-1.0,-1.0,-1.0,-1.0,4.0,4.0,1.0,0.4759322966953752,0.3954061960765668,,,,,,,,,,,,,,,,,,,,,,,
2646,43460.7097,,,,,,Frage 1,,,,,,1.0,-1.0,-1.0,-1.0,-1.0,0.0,0.0,43478.16500000004,-1.0,-1.0,-1.0,-1.0,-1.0,-1.0,4.0,4.0,1.0,0.4759322966953752,0.3954061960765668,,,,,,,,,,,,,,,,,,,,,,,
2647,43477.3644,,,,,,Frage 1,,,,,,1.0,-1.0,-1.0,-1.0,-1.0,0.0,0.018097082863962055,43494.81900000002,-1.0,-1.0,-1.0,-1.0,-1.0,-1.0,4.0,4.0,1.0,0.47307184518740275,0.394481298666511,,,,,,,,,,,,,,,,,,,,,,,
2648,43494.0201,,,,,,Frage 1,,,,,,1.0,-1.0,-1.0,-1.0,-1.0,0.0,0.0,43511.474000000046,-1.0,-1.0,-1.0,-1.0,-1.0,-1.0,4.0,4.0,1.0,0.4759322966953752,0.3954061960765668,,,,,,,,,,,,,,,,,,,,,,,
2649,43510.6729,,,,,,Frage 1,,,,,,1.0,-1.0,-1.0,-1.0,-1.0,0.0,0.0,43528.12900000008,-1.0,-1.0,-1.0,-1.0,-1.0,-1.0,4.0,4.0,1.0,0.4759322966953752,0.3954061960765668,,,,,,,,,,,,,,,,,,,,,,,
2650,43527.3278,,,,,,Frage 1,,,,,,1.0,-1.0,-1.0,-1.0,-1.0,0.0,0.0,43544.78300000005,-1.0,-1.0,-1.0,-1.0,-1.0,-1.0,4.0,4.0,1.0,0.4759322966953752,0.3954061960765668,,,,,,,,,,,,,,,,,,,,,,,
2651,43543.9826,,,,,,Frage 1,,,,,,1.0,-1.0,-1.0,-1.0,-1.0,0.03388974098219233,0.0,43561.437999999966,-1.0,-1.0,-1.0,-1.0,-1.0,-1.0,4.0,4.0,1.0,0.4762576401214801,0.3955127310509079,,,,,,,,,,,,,,,,,,,,,,,
2652,43560.6383,,,,,,Frage 1,,,,,,1.0,-1.0,-1.0,-1.0,-1.0,0.0,0.018097082863962055,43578.09299999999,-1.0,-1.0,-1.0,-1.0,-1.0,-1.0,4.0,4.0,1.0,0.47307184518740275,0.394481298666511,,,,,,,,,,,,,,,,,,,,,,,
2653,43577.2928,,,,,,Frage 1,,,,,,1.0,-1.0,-1.0,-1.0,-1.0,0.0,0.0,43594.74699999997,-1.0,-1.0,-1.0,-1.0,-1.0,-1.0,4.0,4.0,1.0,0.4759322966953752,0.3954061960765668,,,,,,,,,,,,,,,,,,,,,,,
2654,43593.9466,,,,,,Frage 1,,,,,,1.0,-1.0,-1.0,-1.0,-1.0,0.03388974098219233,0.0,43611.402,-1.0,-1.0,-1.0,-1.0,-1.0,-1.0,4.0,4.0,1.0,0.4762576401214801,0.3955127310509079,,,,,,,,,,,,,,,,,,,,,,,
2655,43610.602,,,,,,Frage 1,,,,,,1.0,-1.0,-1.0,-1.0,-1.0,0.0,0.0,43628.05700000003,-1.0,-1.0,-1.0,-1.0,-1.0,-1.0,4.0,4.0,1.0,0.4759322966953752,0.3954061960765668,,,,,,,,,,,,,,,,,,,,,,,
2656,43627.2553,,,,,,Frage 1,,,,,,1.0,-1.0,-1.0,-1.0,-1.0,0.0,0.0,43644.71100000001,-1.0,-1.0,-1.0,-1.0,-1.0,-1.0,4.0,4.0,1.0,0.4759322966953752,0.3954061960765668,,,,,,,,,,,,,,,,,,,,,,,
2657,43643.9105,,,,,,Frage 1,,,,,,1.0,-1.0,-1.0,-1.0,-1.0,0.0,0.0,43661.36600000004,-1.0,-1.0,-1.0,-1.0,-1.0,-1.0,4.0,4.0,1.0,0.4759322966953752,0.3954061960765668,,,,,,,,,,,,,,,,,,,,,,,
2658,43660.5669,,,,,,Frage 1,,,,,,1.0,-1.0,-1.0,-1.0,-1.0,0.0,0.0,43678.02100000007,-1.0,-1.0,-1.0,-1.0,-1.0,-1.0,4.0,4.0,1.0,0.4759322966953752,0.3954061960765668,,,,,,,,,,,,,,,,,,,,,,,
2659,43677.22,,,,,,Frage 1,,,,,,1.0,-1.0,-1.0,-1.0,-1.0,0.0,0.0,43694.67599999998,-1.0,-1.0,-1.0,-1.0,-1.0,-1.0,4.0,4.0,1.0,0.4759322966953752,0.3954061960765668,,,,,,,,,,,,,,,,,,,,,,,
2660,43693.8757,,,,,,Frage 1,,,,,,1.0,-1.0,-1.0,-1.0,-1.0,0.0,0.018097082863962055,43711.33000000008,-1.0,-1.0,-1.0,-1.0,-1.0,-1.0,4.0,4.0,1.0,0.47307184518740275,0.394481298666511,,,,,,,,,,,,,,,,,,,,,,,
2661,43710.529,,,,,,Frage 1,,,,,,1.0,-1.0,-1.0,-1.0,-1.0,0.0,0.0,43727.98499999999,-1.0,-1.0,-1.0,-1.0,-1.0,-1.0,4.0,4.0,1.0,0.4759322966953752,0.3954061960765668,,,,,,,,,,,,,,,,,,,,,,,
2662,43727.1857,,,,,,Frage 1,,,,,,1.0,-1.0,-1.0,-1.0,-1.0,0.0,0.0,43744.640000000014,-1.0,-1.0,-1.0,-1.0,-1.0,-1.0,4.0,4.0,1.0,0.4759322966953752,0.3954061960765668,,,,,,,,,,,,,,,,,,,,,,,
2663,43743.8391,,,,,,Frage 1,,,,,,1.0,-1.0,-1.0,-1.0,-1.0,0.03388974098219233,0.0,43761.294,-1.0,-1.0,-1.0,-1.0,-1.0,-1.0,4.0,4.0,1.0,0.4762576401214801,0.3955127310509079,,,,,,,,,,,,,,,,,,,,,,,
2664,43760.4929,,,,,,Frage 1,,,,,,1.0,-1.0,-1.0,-1.0,-1.0,0.03388974098219233,0.0,43777.949000000015,-1.0,-1.0,-1.0,-1.0,-1.0,-1.0,4.0,4.0,1.0,0.4762576401214801,0.3955127310509079,,,,,,,,,,,,,,,,,,,,,,,
2665,43777.1493,,,,,,Frage 1,,,,,,1.0,-1.0,-1.0,-1.0,-1.0,0.0,0.0,43794.60400000005,-1.0,-1.0,-1.0,-1.0,-1.0,-1.0,4.0,4.0,1.0,0.4759322966953752,0.3954061960765668,,,,,,,,,,,,,,,,,,,,,,,
2666,43793.8021,,,,,,Frage 1,,,,,,1.0,-1.0,-1.0,-1.0,-1.0,0.0,0.0,43811.25800000003,-1.0,-1.0,-1.0,-1.0,-1.0,-1.0,4.0,4.0,1.0,0.4759322966953752,0.3954061960765668,,,,,,,,,,,,,,,,,,,,,,,
2667,43810.4586,,,,,,Frage 1,,,,,,1.0,-1.0,-1.0,-1.0,-1.0,0.0,0.0,43827.91300000006,-1.0,-1.0,-1.0,-1.0,-1.0,-1.0,4.0,4.0,1.0,0.4759322966953752,0.3954061960765668,,,,,,,,,,,,,,,,,,,,,,,
2668,43827.113,,,,,,Frage 1,,,,,,1.0,-1.0,-1.0,-1.0,-1.0,0.0,0.018097082863962055,43844.56799999997,-1.0,-1.0,-1.0,-1.0,-1.0,-1.0,4.0,4.0,1.0,0.47307184518740275,0.394481298666511,,,,,,,,,,,,,,,,,,,,,,,
2669,43843.7667,,,,,,Frage 1,,,,,,1.0,-1.0,-1.0,-1.0,-1.0,0.0,0.0,43861.22200000008,-1.0,-1.0,-1.0,-1.0,-1.0,-1.0,4.0,4.0,1.0,0.4759322966953752,0.3954061960765668,,,,,,,,,,,,,,,,,,,,,,,
2670,43860.4219,,,,,,Frage 1,,,,,,1.0,-1.0,-1.0,-1.0,-1.0,0.0,0.0,43877.87699999998,-1.0,-1.0,-1.0,-1.0,-1.0,-1.0,4.0,4.0,1.0,0.4759322966953752,0.3954061960765668,,,,,,,,,,,,,,,,,,,,,,,
2671,43877.0767,,,,,,Frage 1,,,,,,1.0,-1.0,-1.0,-1.0,-1.0,0.0,0.0,43894.53200000001,-1.0,-1.0,-1.0,-1.0,-1.0,-1.0,4.0,4.0,1.0,0.4759322966953752,0.3954061960765668,,,,,,,,,,,,,,,,,,,,,,,
2672,43893.7315,,,,,,Frage 1,,,,,,1.0,-1.0,-1.0,-1.0,-1.0,0.0,0.0,43911.186,-1.0,-1.0,-1.0,-1.0,-1.0,-1.0,4.0,4.0,1.0,0.4759322966953752,0.3954061960765668,,,,,,,,,,,,,,,,,,,,,,,
2673,43910.387,,,,,,Frage 1,,,,,,1.0,-1.0,-1.0,-1.0,-1.0,0.0,0.0,43927.841000000015,-1.0,-1.0,-1.0,-1.0,-1.0,-1.0,4.0,4.0,1.0,0.4759322966953752,0.3954061960765668,,,,,,,,,,,,,,,,,,,,,,,
2674,43927.0401,,,,,,Frage 1,,,,,,1.0,-1.0,-1.0,-1.0,-1.0,0.0,0.0,43944.49600000004,-1.0,-1.0,-1.0,-1.0,-1.0,-1.0,4.0,4.0,1.0,0.4759322966953752,0.3954061960765668,,,,,,,,,,,,,,,,,,,,,,,
2675,43943.6965,,,,,,Frage 1,,,,,,1.0,-1.0,-1.0,-1.0,-1.0,0.0,0.0,43961.15100000007,-1.0,-1.0,-1.0,-1.0,-1.0,-1.0,4.0,4.0,1.0,0.4759322966953752,0.3954061960765668,,,,,,,,,,,,,,,,,,,,,,,
2676,43960.3488,,,,,,Frage 1,,,,,,1.0,-1.0,-1.0,-1.0,-1.0,0.0,0.0,43977.80500000005,-1.0,-1.0,-1.0,-1.0,-1.0,-1.0,4.0,4.0,1.0,0.4759322966953752,0.3954061960765668,,,,,,,,,,,,,,,,,,,,,,,
2677,43977.0055,,,,,,Frage 1,,,,,,1.0,-1.0,-1.0,-1.0,-1.0,0.0,0.0,43994.45999999996,-1.0,-1.0,-1.0,-1.0,-1.0,-1.0,4.0,4.0,1.0,0.4759322966953752,0.3954061960765668,,,,,,,,,,,,,,,,,,,,,,,
2678,43993.6605,,,,,,Frage 1,,,,,,1.0,-1.0,-1.0,-1.0,-1.0,0.0,0.018097082863962055,44011.11499999999,-1.0,-1.0,-1.0,-1.0,-1.0,-1.0,4.0,4.0,1.0,0.47307184518740275,0.394481298666511,,,,,,,,,,,,,,,,,,,,,,,
2679,44010.3131,,,,,,Frage 1,,,,,,1.0,-1.0,-1.0,-1.0,-1.0,0.0,0.0,44027.76899999997,-1.0,-1.0,-1.0,-1.0,-1.0,-1.0,4.0,4.0,1.0,0.4759322966953752,0.3954061960765668,,,,,,,,,,,,,,,,,,,,,,,
2680,44026.9698,,,,,,Frage 1,,,,,,1.0,-1.0,-1.0,-1.0,-1.0,0.0,0.0,44044.424,-1.0,-1.0,-1.0,-1.0,-1.0,-1.0,4.0,4.0,1.0,0.4759322966953752,0.3954061960765668,,,,,,,,,,,,,,,,,,,,,,,
2681,44043.6228,,,,,,Frage 1,,,,,,1.0,-1.0,-1.0,-1.0,-1.0,0.0,0.0,44061.07900000003,-1.0,-1.0,-1.0,-1.0,-1.0,-1.0,4.0,4.0,1.0,0.4759322966953752,0.3954061960765668,,,,,,,,,,,,,,,,,,,,,,,
2682,44060.2787,,,,,,Frage 1,,,,,,1.0,-1.0,-1.0,-1.0,-1.0,0.0,0.0,44077.73300000001,-1.0,-1.0,-1.0,-1.0,-1.0,-1.0,4.0,4.0,1.0,0.4759322966953752,0.3954061960765668,,,,,,,,,,,,,,,,,,,,,,,
2683,44076.9329,,,,,,Frage 1,,,,,,1.0,-1.0,-1.0,-1.0,-1.0,0.0,0.0,44094.38800000004,-1.0,-1.0,-1.0,-1.0,-1.0,-1.0,4.0,4.0,1.0,0.4759322966953752,0.3954061960765668,,,,,,,,,,,,,,,,,,,,,,,
2684,44093.5878,,,,,,Frage 1,,,,,,1.0,-1.0,-1.0,-1.0,-1.0,0.0,0.0,44111.04300000006,-1.0,-1.0,-1.0,-1.0,-1.0,-1.0,4.0,4.0,1.0,0.4759322966953752,0.3954061960765668,,,,,,,,,,,,,,,,,,,,,,,
2685,44110.2426,,,,,,Frage 1,,,,,,1.0,-1.0,-1.0,-1.0,-1.0,0.0,0.0,44127.69700000005,-1.0,-1.0,-1.0,-1.0,-1.0,-1.0,4.0,4.0,1.0,0.4759322966953752,0.3954061960765668,,,,,,,,,,,,,,,,,,,,,,,
2686,44126.8964,,,,,,Frage 1,,,,,,1.0,-1.0,-1.0,-1.0,-1.0,0.0,0.0,44144.35200000007,-1.0,-1.0,-1.0,-1.0,-1.0,-1.0,4.0,4.0,1.0,0.4759322966953752,0.3954061960765668,,,,,,,,,,,,,,,,,,,,,,,
2687,44156.7749,,,,,,Frage 1,,,,,,1.0,-1.0,-1.0,-1.0,-1.0,0.0,0.0,44174.22999999998,-1.0,-1.0,-1.0,-1.0,-1.0,-1.0,4.0,4.0,1.0,0.4759322966953752,0.3954061960765668,,,,,,,,,,,,,,,,,,,,,,,
2688,44173.4302,,,,,,Frage 1,,,,,,1.0,-1.0,-1.0,-1.0,-1.0,0.0,0.0,44190.88500000001,-1.0,-1.0,-1.0,-1.0,-1.0,-1.0,4.0,4.0,1.0,0.4759322966953752,0.3954061960765668,,,,,,,,,,,,,,,,,,,,,,,
2689,44207.4631,,,,,,Frage 1,,,,,,1.0,-1.0,-1.0,-1.0,-1.0,0.0,0.0,44224.919,-1.0,-1.0,-1.0,-1.0,-1.0,-1.0,4.0,4.0,1.0,0.4759322966953752,0.3954061960765668,,,,,,,,,,,,,,,,,,,,,,,
2690,44224.118,,,,,,Frage 1,,,,,,1.0,-1.0,-1.0,-1.0,-1.0,0.0,0.0,44241.574000000015,-1.0,-1.0,-1.0,-1.0,-1.0,-1.0,4.0,4.0,1.0,0.4759322966953752,0.3954061960765668,,,,,,,,,,,,,,,,,,,,,,,
2691,44240.7743,,,,,,Frage 1,,,,,,1.0,-1.0,-1.0,815.0,-1.0,0.0,0.8675288987926251,44258.22900000005,-1.0,548.7352905273438,-1.0,-1.0,0.5129374265670776,0.2916203141212463,4.0,0.0,1.0,0.44287330316742074,0.384785336470417,815.0,,548.735290527344,,,,,,,,,,,,,,,,,,,,
2692,44257.4291,,,,,,Frage 1,,,,,,1.0,866.0,-1.0,803.0,-1.0,0.8496972026819907,0.8702848633534384,44274.88300000003,547.2681884765625,546.7418212890625,0.6414362788200378,0.2912541627883911,0.5018271207809448,0.2872279286384582,0.0,0.0,1.0,0.45390271493212664,0.38838731816103433,834.5,,547.005004882813,,,,,,,,,,,,,,,,,,,,
2693,44274.0821,,,,,,Frage 1,,,,,,1.0,876.0,-1.0,813.0,-1.0,0.8605235173415744,0.8795249777701595,44291.53800000006,541.8815307617188,541.3408813476562,0.648353636264801,0.2854834496974945,0.5024858117103576,0.2848909497261047,0.0,0.0,1.0,0.4595588235294117,0.39022120095662766,844.5,,541.611206054688,,,,,,,,,,,,,,,,,,,,
2694,44290.7386,,,,,,Frage 1,,,,,,1.0,882.0,-1.0,812.0,-1.0,0.8680722320131403,0.8815497680597366,44308.19299999997,543.179443359375,542.5345458984375,0.6494402289390564,0.2843596041202545,0.4998895227909088,0.2858171761035919,0.0,0.0,1.0,0.46097285067873295,0.3906798026962556,847.0,,542.856994628906,,,,,,,,,,,,,,,,,,,,
2695,44307.3909,,,,,,Frage 1,,,,,,1.0,-1.0,-1.0,726.0,-1.0,0.8990583957822648,0.8995880783775966,44324.84700000008,-1.0,536.970458984375,-1.0,-1.0,0.4983664155006408,0.2863361239433288,4.0,0.0,1.0,0.39253393665158365,0.36850869074590087,726.0,,536.970458984375,,,,,,,,,,,,,,,,,,,,
2696,44324.047,,,,,,Frage 1,,,,,,1.0,-1.0,-1.0,694.0,-1.0,0.0,0.026213951156870308,44341.50199999998,-1.0,536.85498046875,-1.0,-1.0,0.4984703660011291,0.2862345278263092,4.0,0.0,1.0,0.37443438914027144,0.3625238849762033,694.0,,536.85498046875,,,,,,,,,,,,,,,,,,,,
2697,44340.7022,,,,,,Frage 1,,,,,,1.0,451.0,616.0,453.0,645.0,0.9067643872410746,0.9106896071478311,44358.15700000001,537.459716796875,536.7445678710938,0.6530473232269287,0.2818999886512756,0.4988311827182769,0.2855722308158874,0.0,0.0,1.0,0.2375565610859728,0.5832553788587465,452.0,630.5,537.102142333984,,,,,,,,,,,,,,,,,,,,
2698,44357.3549,,,,,,Frage 1,,,,,,1.0,469.0,632.0,447.0,655.0,0.9097599089361406,0.9124358548578897,44374.811,535.4114990234375,534.770751953125,0.6567031145095825,0.2774411439895629,0.5008652806282043,0.281958669424057,0.0,0.0,1.0,0.24095022624434384,0.31939768693576953,458.0,643.5,535.091125488281,33.8374430915591,,,,,,,,,,118.0,118.0,44349.02855,44365.68285,16.6542999999947,,33.8374430915591,,,
2699,44374.0108,,,,,,Frage 1,,,,,,1.0,491.0,658.0,449.0,664.0,0.9067993349941836,0.9090049602005507,44391.466000000015,535.025146484375,534.3743896484375,0.6575680375099182,0.2772297859191894,0.5005571246147155,0.2822286486625671,0.0,0.0,1.0,0.2477375565610859,0.6117867165575304,470.0,661.0,534.699768066406,23.2493012174911,-635.699174110637,91.0,90.0,476.428571428571,663.214285714286,44365.68285,44482.26635,116.583500000008,0.220525984287294,,,,,,,,,,
2700,44390.6655,,,,,,Frage 1,,,,,,1.0,507.0,657.0,451.0,656.0,0.7018066205799052,0.7110628210878533,44408.12100000004,535.843994140625,535.197509765625,0.6582663059234619,0.2768498063087463,0.5003762245178222,0.2821322679519653,0.0,0.0,1.0,0.2528280542986425,0.6075771749298409,479.0,656.5,535.520751953125,5.03536423055644,-1093.62143940916,91.0,90.0,476.428571428571,663.214285714286,44365.68285,44482.26635,116.583500000008,0.220525984287294,,,,,,,,,,
2701,44394.8931,,,,,,Frage 1,1.0,0.853842616081238,29.4053433491877,0.0,203.0625,,,,,,0.6585048574425887,0.6495113533451946,,,,,,,,,,,0.37959439571535225,0.3642823432120883,,,,,,,,,,,,,,,,,,,,,,,
2702,44407.321,,,,,,Frage 1,,,,,,1.0,513.0,662.0,435.0,667.0,0.9091857672779194,0.9140080134557493,44424.77600000007,535.6315307617188,534.9979858398438,0.6591550111770629,0.2765188217163085,0.5005269050598145,0.2819820940494537,0.0,0.0,1.0,0.24999999999999994,0.32232993242056523,474.0,664.5,535.314758300781,17.7769000810449,765.004704181074,91.0,90.0,476.428571428571,663.214285714286,44365.68285,44482.26635,116.583500000008,0.220525984287294,,,,,,,,,,
2703,44423.9763,,,,,,Frage 1,,,,,,1.0,517.0,669.0,443.0,681.0,0.9099596103824782,0.9127143974374082,44441.43000000005,536.5985107421875,535.984130859375,0.6598691344261169,0.2763387560844421,0.5006616115570068,0.2819230854511261,0.0,0.0,1.0,0.25339366515837103,0.6248830682881197,480.0,675.0,536.291320800781,8.26117474065643,-571.333169645056,91.0,90.0,476.428571428571,663.214285714286,44365.68285,44482.26635,116.583500000008,0.220525984287294,,,,,,,,,,
2704,44440.629,,,,,,Frage 1,,,,,,1.0,505.0,668.0,457.0,650.0,0.9130974193580597,0.9167720128986641,44458.08499999996,536.8004150390625,536.207275390625,0.660693347454071,0.2762809693813324,0.5010274648666381,0.2820162773132324,0.0,0.0,1.0,0.25395927601809953,0.6099158091674461,481.0,659.0,536.503845214844,14.0972062087962,350.45556985595,91.0,90.0,476.428571428571,663.214285714286,44365.68285,44482.26635,116.583500000008,0.220525984287294,,,,,,,,,,
2705,44457.2859,,,,,,Frage 1,,,,,,1.0,501.0,679.0,450.0,643.0,0.916851806549209,0.9181352645618847,44474.73999999999,537.728515625,537.162353515625,0.6614484190940856,0.2760858237743377,0.5014033913612365,0.2819104492664337,0.0,0.0,1.0,0.25084841628959276,0.6117867165575304,475.5,661.0,537.445434570313,7.94331951637558,-369.449699068851,91.0,90.0,476.428571428571,663.214285714286,44365.68285,44482.26635,116.583500000008,0.220525984287294,,,,,,,,,,
2706,44473.9383,,,,,,Frage 1,,,,,,1.0,507.0,679.0,444.0,652.0,0.9207135332677647,0.9222357327276819,44491.39399999997,537.9882202148438,537.45361328125,0.6623345613479614,0.2759442627429962,0.5019538402557373,0.2818016409873962,0.0,0.0,1.0,0.25084841628959276,0.6159962581852197,475.5,665.5,537.720916748047,21.2907065108972,801.529328776774,91.0,90.0,476.428571428571,663.214285714286,44365.68285,44482.26635,116.583500000008,0.220525984287294,,,,,,,,,,
2707,44490.5944,,,,,,Frage 1,,,,,,1.0,493.0,661.0,413.0,651.0,0.9231673647896396,0.926716518646283,44508.049,539.0704956054688,538.5740356445312,0.6631686091423034,0.2756159603595733,0.502517580986023,0.2814467847347259,0.0,0.0,1.0,0.4495317238985424,0.6071094480823198,453.0,656.0,538.822265625,168.812790340811,8856.94032996394,,,,,,,,,119.0,119.0,44482.26635,44548.88895,66.6225999999952,9.69837257647934,230.270345792687,8856.94032996394,-6174.33743020025,249.398136493891
2708,44507.2501,,,,,,Frage 1,,,,,,1.0,408.0,520.0,345.0,511.0,0.9300046430586273,0.9342264551171485,44524.70400000003,537.3746337890625,536.937744140625,0.6648738384246826,0.2745611369609832,0.5041303634643554,0.2804490029811859,0.0,0.0,1.0,0.19485294117647053,0.30446523320639773,376.5,515.5,537.156188964844,230.270345792687,3689.88126898852,,,,,,,,,119.0,119.0,44482.26635,44548.88895,66.6225999999952,9.69837257647934,230.270345792687,8856.94032996394,-6174.33743020025,249.398136493891
2709,44523.9021,,,,,,Frage 1,,,,,,1.0,378.0,429.0,325.0,437.0,0.9306736429038587,0.9394089540726138,44541.35800000001,536.0226440429688,535.6431274414064,0.666327953338623,0.2738632261753082,0.5056000351905822,0.2796826660633087,0.0,0.0,1.0,0.18071266968325786,0.39850327408793257,351.5,433.0,535.832885742188,127.455278904981,-6174.33743020025,,,,,,,,,119.0,119.0,44482.26635,44548.88895,66.6225999999952,9.69837257647934,230.270345792687,8856.94032996394,-6174.33743020025,249.398136493891
2710,44540.5656,,,,,,Frage 1,,,,,,1.0,380.0,390.0,320.0,374.0,0.9271039795505719,0.9357637958925683,44558.01300000004,536.6788330078125,536.33642578125,0.6669455170631408,0.2741730511188507,0.506145179271698,0.2797856032848358,0.0,0.0,1.0,0.1798642533936651,0.35079513564078574,350.0,382.0,536.507629394531,48.2543243216538,-4752.96033746307,,,,,,,,,119.0,119.0,44482.26635,44548.88895,66.6225999999952,9.69837257647934,230.270345792687,8856.94032996394,-6174.33743020025,249.398136493891
2711,44557.2123,,,,,,Frage 1,,,,,,1.0,371.0,394.0,323.0,369.0,0.9244853943354686,0.9200295115587631,44574.66800000006,536.716064453125,536.419921875,0.6679485440254211,0.2744874060153961,0.5070032477378845,0.279958039522171,0.0,0.0,1.0,0.17816742081447962,0.3503274087932647,347.0,381.5,536.567993164063,5.72419665818945,-2554.86839214203,92.0,91.0,325.21875,395.015625,44548.88895,45081.83555,532.946600000003,0.677925313663298,,,,,,,,,,
2712,44573.8673,,,,,,Frage 1,,,,,,1.0,371.0,388.0,317.0,371.0,0.9258733193875156,0.937970710176446,44591.32200000005,536.7828979492188,536.5285034179688,0.66883385181427,0.2746607065200805,0.507776916027069,0.2799947559833526,0.0,0.0,1.0,0.17647058823529407,0.3484565014031805,344.0,379.5,536.655700683594,5.69812691541851,-1.5652802624403,92.0,91.0,325.21875,395.015625,44548.88895,45081.83555,532.946600000003,0.677925313663298,,,,,,,,,,
2713,44590.5231,,,,,,Frage 1,,,,,,1.0,366.0,381.0,322.0,371.0,0.9257210470346832,0.9378635784150927,44607.97700000007,536.7496337890625,536.541748046875,0.6698290705680847,0.2748999595642089,0.5086569786071777,0.2800797224044799,0.0,0.0,1.0,0.17647058823529407,0.34518241347053313,344.0,376.0,536.645690917969,4.92821009414651,-46.2251480728623,92.0,91.0,325.21875,395.015625,44548.88895,45081.83555,532.946600000003,0.677925313663298,,,,,,,,,,
2714,44607.1768,,,,,,Frage 1,,,,,,1.0,371.0,392.0,327.0,372.0,0.9261329312677548,0.9378394737687883,44624.63199999998,537.292236328125,537.1195068359375,0.670475959777832,0.2750857174396514,0.5092114210128784,0.2801267504692077,0.0,0.0,1.0,0.3367530693356907,0.35079513564078574,349.0,382.0,537.205871582031,6.94594758900826,121.158511013254,92.0,91.0,325.21875,395.015625,44548.88895,45081.83555,532.946600000003,0.677925313663298,,,,,,,,,,
2715,44623.8385,,,,,,Frage 1,,,,,,1.0,381.0,392.0,318.0,371.0,0.9264923938711627,0.9402901128097446,44641.28599999997,536.8960571289064,536.7606811523438,0.6713359355926513,0.2753329277038574,0.5099546909332275,0.2802388370037078,0.0,0.0,1.0,0.17958144796380085,0.3503274087932647,349.5,381.5,536.828369140625,6.81846313964318,-7.65134706333104,92.0,91.0,325.21875,395.015625,44548.88895,45081.83555,532.946600000003,0.677925313663298,,,,,,,,,,
2716,44640.4855,,,,,,Frage 1,,,,,,1.0,386.0,389.0,297.0,371.0,0.9358710767331321,0.9397865935313843,44657.94099999999,537.7304077148438,537.6141967773438,0.6715741753578186,0.2754497826099395,0.5101131200790405,0.280227780342102,0.0,0.0,1.0,0.17505656108597278,0.3489242282507015,341.5,380.0,537.672302246094,5.526652779544,-77.6001898299293,92.0,91.0,325.21875,395.015625,44548.88895,45081.83555,532.946600000003,0.677925313663298,,,,,,,,,,
2717,44657.1412,,,,,,Frage 1,,,,,,1.0,390.0,397.0,300.0,374.0,0.9270765206017004,0.9362191058783197,44674.59600000002,537.48779296875,537.3944091796875,0.6720747947692871,0.2755290865898132,0.5105164051055908,0.2801720201969146,0.0,0.0,1.0,0.17703619909502255,0.35406922357343307,345.0,385.5,537.441101074219,9.40827335036185,233.050581531779,92.0,91.0,325.21875,395.015625,44548.88895,45081.83555,532.946600000003,0.677925313663298,,,,,,,,,,
2718,44673.7971,,,,,,Frage 1,,,,,,1.0,376.0,390.0,292.0,384.0,0.9265997333985692,0.9344353620517875,44691.25100000005,538.322021484375,538.2379150390625,0.672057569026947,0.2757280170917511,0.5104691982269287,0.2802388668060302,0.0,0.0,1.0,0.17081447963800903,0.29667674825894186,334.0,387.0,538.279968261719,14.1120021558121,282.406162708035,92.0,91.0,325.21875,395.015625,44548.88895,45081.83555,532.946600000003,0.677925313663298,,,,,,,,,,
2719,44690.4492,,,,,,Frage 1,,,,,,1.0,368.0,386.0,291.0,376.0,0.9266571475643913,0.9328042809851838,44707.90500000002,538.9412231445312,538.8693237304688,0.6721814274787902,0.2760718464851379,0.5105777978897094,0.2805116176605224,0.0,0.0,1.0,0.16826923076923073,0.34985968194574363,329.5,381.0,538.9052734375,7.87287278740396,-374.675228253997,92.0,91.0,325.21875,395.015625,44548.88895,45081.83555,532.946600000003,0.677925313663298,,,,,,,,,,
2720,44707.1059,,,,,,Frage 1,,,,,,1.0,364.0,409.0,318.0,376.0,0.9253066665335323,0.9306991418745916,44724.560000000056,539.7355346679688,539.6714477539064,0.6721941232681274,0.2762016654014587,0.5106051564216613,0.2806174755096435,0.0,0.0,1.0,0.17477375565610856,0.3606173994387277,341.0,392.5,539.703491210938,13.7555560524868,353.17219287632,92.0,91.0,325.21875,395.015625,44548.88895,45081.83555,532.946600000003,0.677925313663298,,,,,,,,,,
2721,44723.759,,,,,,Frage 1,,,,,,1.0,355.0,406.0,298.0,385.0,0.9229127454455589,0.9309214402793996,44741.21499999997,539.1870727539064,539.1249389648438,0.6723168492317199,0.276267409324646,0.5106486678123474,0.280611515045166,0.0,0.0,1.0,0.1665723981900452,0.363423760523854,326.5,395.5,539.156005859375,16.2930736989949,152.375092115508,92.0,91.0,325.21875,395.015625,44548.88895,45081.83555,532.946600000003,0.677925313663298,,,,,,,,,,
2722,44740.413,,,,,,Frage 1,,,,,,1.0,357.0,400.0,289.0,375.0,0.9196651006744916,0.9272334293948128,44757.869000000064,538.697509765625,538.6348876953125,0.6723877191543579,0.2764879465103149,0.5106664299964904,0.280798465013504,0.0,0.0,1.0,0.16459276018099545,0.3559401309635173,323.0,387.5,538.666198730469,5.81788431077511,-628.989395233481,92.0,91.0,325.21875,395.015625,44548.88895,45081.83555,532.946600000003,0.677925313663298,,,,,,,,,,
2723,44757.0754,,,,,,Frage 1,,,,,,1.0,363.0,410.0,300.0,373.0,0.9175457690752326,0.9239123447928608,44774.523999999976,538.1318969726562,538.0684204101562,0.6724705100059509,0.2765111625194549,0.5106958150863647,0.2807952761650085,0.0,0.0,1.0,0.16940045248868774,0.3596819457436856,331.5,391.5,538.100158691406,13.5776261179664,465.703728585963,92.0,91.0,325.21875,395.015625,44548.88895,45081.83555,532.946600000003,0.677925313663298,,,,,,,,,,
2724,44773.7238,,,,,,Frage 1,,,,,,1.0,370.0,410.0,301.0,383.0,0.9131698111323571,0.9187110977791586,44791.179,537.5899047851562,537.5254516601562,0.672541856765747,0.2764855921268463,0.5107306241989135,0.2807470858097076,0.0,0.0,1.0,0.17166289592760176,0.3643592142188961,335.5,396.5,537.557678222656,10.1667465995673,-204.877316643004,92.0,91.0,325.21875,395.015625,44548.88895,45081.83555,532.946600000003,0.677925313663298,,,,,,,,,,
2725,44790.3784,,,,,,Frage 1,,,,,,1.0,372.0,400.0,314.0,386.0,0.9108083415294135,0.9178486871002648,44807.832999999984,537.3259887695312,537.2617797851562,0.6725910305976867,0.2765058875083923,0.5107666850090026,0.2807593941688537,0.0,0.0,1.0,0.34381496502462416,0.3610851262862488,343.0,393.0,537.293884277344,7.72385081692126,-146.679943237654,92.0,91.0,325.21875,395.015625,44548.88895,45081.83555,532.946600000003,0.677925313663298,,,,,,,,,,
2726,44807.0322,,,,,,Frage 1,,,,,,1.0,368.0,408.0,318.0,394.0,0.9067544021687577,0.9135366337057949,44824.488000000005,537.2014770507812,537.1349487304688,0.6725654006004333,0.2764310538768768,0.5107443928718566,0.2806907892227172,0.0,0.0,1.0,0.17590497737556557,0.36856875584658555,343.0,401.0,537.168212890625,3.73120464606556,-239.743852505476,92.0,91.0,325.21875,395.015625,44548.88895,45081.83555,532.946600000003,0.677925313663298,,,,,,,,,,
2727,44823.6889,,,,,,Frage 1,,,,,,1.0,375.0,406.0,311.0,388.0,0.906599633547846,0.9102825064546887,44841.14300000004,537.1773681640625,537.1099853515625,0.6725620031356812,0.2764143347740173,0.5107456445693969,0.2806959748268127,0.0,0.0,1.0,0.17590497737556557,0.36482694106641717,343.0,397.0,537.143676757813,15.8752870045556,729.080931906702,92.0,91.0,325.21875,395.015625,44548.88895,45081.83555,532.946600000003,0.677925313663298,,,,,,,,,,
2728,44840.3425,,,,,,Frage 1,,,,,,1.0,378.0,407.0,272.0,391.0,0.9046512702121362,0.9080354177603035,44857.79700000002,537.1757202148438,537.1077270507812,0.6725672483444213,0.2764032185077667,0.5107089877128601,0.2806824147701263,0.0,0.0,1.0,0.16572398190045243,0.36669784845650133,325.0,399.0,537.141723632813,19.9568679973422,245.087007781332,92.0,91.0,325.21875,395.015625,44548.88895,45081.83555,532.946600000003,0.677925313663298,,,,,,,,,,
2729,44856.996,,,,,,Frage 1,,,,,,1.0,368.0,414.0,273.0,385.0,0.9015446906874223,0.9062114995232636,44874.45200000005,537.5248413085938,537.4602661132812,0.6725741028785704,0.2764773368835449,0.5107135772705078,0.2807411849498748,0.0,0.0,1.0,0.16317873303167418,0.3671655753040224,320.5,399.5,537.492553710938,12.7405263764281,-433.322822284443,92.0,91.0,325.21875,395.015625,44548.88895,45081.83555,532.946600000003,0.677925313663298,,,,,,,,,,
2730,44873.652,,,,,,Frage 1,,,,,,1.0,359.0,406.0,262.0,388.0,0.9001642544396128,0.9048107517435694,44891.10699999996,537.8867797851562,537.8265991210938,0.6725795865058898,0.2765463888645172,0.5107127428054808,0.2807605862617492,0.0,0.0,1.0,0.1575226244343891,0.36482694106641717,310.5,397.0,537.856689453125,4.74695939285641,-479.921168562106,92.0,91.0,325.21875,395.015625,44548.88895,45081.83555,532.946600000003,0.677925313663298,,,,,,,,,,
2731,44890.3057,,,,,,Frage 1,,,,,,1.0,369.0,402.0,274.0,387.0,0.8998622060020272,0.9079818518796268,44907.76100000006,538.7935180664064,538.7416381835938,0.672577679157257,0.2766209840774536,0.5107309818267822,0.2808009088039398,0.0,0.0,1.0,0.16374434389140266,0.36248830682881195,321.5,394.5,538.767578125,11.1885741420633,386.797813651542,92.0,91.0,325.21875,395.015625,44548.88895,45081.83555,532.946600000003,0.677925313663298,,,,,,,,,,
2732,44906.9615,,,,,,Frage 1,,,,,,1.0,343.0,400.0,302.0,386.0,0.9002241648735141,0.9088174796181824,44924.41599999997,538.9977416992188,538.9606323242188,0.672866404056549,0.2767018377780914,0.5110811591148376,0.2809133529663085,0.0,0.0,1.0,0.16430995475113114,0.3610851262862488,322.5,393.0,538.979187011719,21.3026119903108,607.238190194839,92.0,91.0,325.21875,395.015625,44548.88895,45081.83555,532.946600000003,0.677925313663298,,,,,,,,,,
2733,44923.6172,,,,,,Frage 1,,,,,,1.0,325.0,411.0,271.0,390.0,0.899085866629389,0.9056088833656515,44941.071,538.5189819335938,538.4865112304688,0.6730623841285704,0.2767083346843719,0.5113173127174377,0.2809637486934661,0.0,0.0,1.0,0.15045248868778277,0.3681010289990645,298.0,400.5,538.502746582031,25.5219392442401,253.326323956881,92.0,91.0,325.21875,395.015625,44548.88895,45081.83555,532.946600000003,0.677925313663298,,,,,,,,,,
2734,44940.2707,,,,,,Frage 1,,,,,,1.0,342.0,417.0,265.0,410.0,0.8975232028117963,0.8785303667445153,44957.72600000002,538.287353515625,538.2579345703125,0.6731656789779663,0.2766703367233276,0.5114248394966125,0.2809175848960876,0.0,0.0,1.0,0.3573798367820984,0.38026192703461176,303.5,413.5,538.272644042969,16.4602734568264,-544.12980979455,92.0,91.0,325.21875,395.015625,44548.88895,45081.83555,532.946600000003,0.677925313663298,,,,,,,,,,
2735,44956.9255,,,,,,Frage 1,,,,,,1.0,338.0,414.0,266.0,422.0,0.8959106136326191,0.9069748133229057,44974.380000000005,538.0892333984375,538.065185546875,0.6733024716377258,0.2766917645931243,0.5115734934806823,0.2809233367443084,0.0,0.0,1.0,0.1527149321266968,0.38447146866230114,302.0,418.0,538.077209472656,2.88802563192721,-814.915089037513,92.0,91.0,325.21875,395.015625,44548.88895,45081.83555,532.946600000003,0.677925313663298,,,,,,,,,,
2736,44973.5791,,,,,,Frage 1,,,,,,1.0,334.0,418.0,268.0,413.0,0.8952266361789125,0.9064712940445455,44991.03500000003,538.047607421875,538.0260009765625,0.6733528971672058,0.2767564952373504,0.5116541981697083,0.2809942364692688,0.0,0.0,1.0,0.15214932126696828,0.3821328344246959,301.0,415.5,538.036804199219,12.4700586104591,575.373071199557,92.0,91.0,325.21875,395.015625,44548.88895,45081.83555,532.946600000003,0.677925313663298,,,,,,,,,,
2737,44990.2353,,,,,,Frage 1,,,,,,1.0,337.0,414.0,277.0,397.0,0.8955336771526567,0.901848558542151,45007.69000000006,537.97705078125,537.959716796875,0.6734320521354675,0.2768678367137908,0.5117604732513427,0.2810867428779602,0.0,0.0,1.0,0.15554298642533934,0.372778297474275,307.0,405.5,537.968383789063,21.2918878707299,529.642371025326,92.0,91.0,325.21875,395.015625,44548.88895,45081.83555,532.946600000003,0.677925313663298,,,,,,,,,,
2738,45006.8896,,,,,,Frage 1,,,,,,1.0,333.0,407.0,278.0,379.0,0.8952990279532099,0.9023761824668158,45024.34400000004,537.9633178710938,537.9486694335938,0.6734765768051147,0.2770700454711914,0.5118335485458374,0.2812839746475219,0.0,0.0,1.0,0.15469457013574658,0.3610851262862488,305.5,393.0,537.955993652344,8.47253241814143,-769.732468646951,92.0,91.0,325.21875,395.015625,44548.88895,45081.83555,532.946600000003,0.677925313663298,,,,,,,,,,
2739,45023.5434,,,,,,Frage 1,,,,,,1.0,339.0,406.0,278.0,387.0,0.9036309872258906,0.9070069528513119,45040.99900000007,538.0161743164064,538.0053100585938,0.6735501885414124,0.2772548198699951,0.5119297504425048,0.2814800143241882,0.0,0.0,1.0,0.1563914027149321,0.3643592142188961,308.5,396.5,538.0107421875,14.4346814809807,358.005323880392,92.0,91.0,325.21875,395.015625,44548.88895,45081.83555,532.946600000003,0.677925313663298,,,,,,,,,,
2740,45040.2004,,,,,,Frage 1,,,,,,1.0,352.0,417.0,269.0,399.0,0.8955960838546373,0.9068060807987743,45057.65399999998,538.0968017578125,538.0892333984375,0.673610270023346,0.2773523330688476,0.5119898915290833,0.2815824449062347,0.0,0.0,1.0,0.1575226244343891,0.3751169317118802,310.5,408.0,538.093017578125,14.7040073182511,16.1689282145899,92.0,91.0,325.21875,395.015625,44548.88895,45081.83555,532.946600000003,0.677925313663298,,,,,,,,,,
2741,45056.8522,,,,,,Frage 1,,,,,,1.0,343.0,416.0,261.0,406.0,0.8950868451664762,0.9048803873884492,45074.30799999996,537.99560546875,537.9921875,0.6736944913864135,0.2775609195232391,0.5120661854743958,0.2817500233650207,0.0,0.0,1.0,0.1527149321266968,0.3779232927970065,302.0,411.0,537.993896484375,9.98465286567147,-283.414072507462,92.0,91.0,325.21875,395.015625,44548.88895,45081.83555,532.946600000003,0.677925313663298,,,,,,,,,,
2742,45073.5081,,,,,,Frage 1,,,,,,1.0,326.0,409.0,272.0,406.0,0.895264080200101,0.9049071703287874,45090.96299999999,537.79931640625,537.8001708984375,0.6738044619560241,0.2777345478534698,0.5121993422508239,0.2819125652313232,0.0,0.0,1.0,0.15101809954751128,0.37464920486435915,299.0,407.5,537.799743652344,4.8904730298098,-305.848368197594,92.0,91.0,325.21875,395.015625,44548.88895,45081.83555,532.946600000003,0.677925313663298,,,,,,,,,,
2743,45090.163,,,,,,Frage 1,,,,,,1.0,339.0,415.0,276.0,405.0,0.8958781621475893,0.9047652207449942,45107.61800000002,537.72607421875,537.7301025390625,0.6739025712013244,0.2778291404247283,0.5123141407966613,0.282035619020462,0.0,0.0,1.0,0.1558257918552036,0.2918163526761862,307.5,410.0,537.728088378906,74.8808857704972,4202.39165294788,,,,,,,,,120.0,120.0,45081.83555,45131.7996,49.9640499999951,3.75930798241748,101.061522181534,4202.39165294788,-3800.1164847024,353.437301491063
2744,45106.8165,,,,,,Frage 1,,,,,,1.0,410.0,413.0,358.0,400.0,0.8966569977883064,0.8925064717027994,45124.272,539.5962524414064,539.5801391601562,0.6730870604515075,0.2778983116149902,0.5115997195243835,0.2821152806282043,0.0,0.0,1.0,0.19909502262443432,0.3737137511693171,384.0,406.5,539.588195800781,101.061522181534,1572.08012796327,,,,,,,,,120.0,120.0,45081.83555,45131.7996,49.9640499999951,3.75930798241748,101.061522181534,4202.39165294788,-3800.1164847024,353.437301491063
2745,45123.4724,,,,,,Frage 1,,,,,,1.0,442.0,411.0,399.0,383.0,0.8973531426125355,0.899743419431559,45140.927000000025,541.2055053710938,541.1790161132812,0.6725518107414244,0.2778774499893188,0.5111276507377625,0.2820931375026702,0.0,0.0,1.0,0.21973981900452486,0.36482694106641717,420.5,397.0,541.192260742188,37.7671620239872,-3800.1164847024,,,,,,,,,120.0,120.0,45081.83555,45131.7996,49.9640499999951,3.75930798241748,101.061522181534,4202.39165294788,-3800.1164847024,353.437301491063
2746,45140.1268,,,,,,Frage 1,,,,,,1.0,457.0,406.0,389.0,378.0,0.8993130270245983,0.9022610158233612,45157.582000000046,540.49169921875,540.4840087890625,0.6731014251708984,0.2778985202312469,0.5116156935691833,0.2820846438407897,0.0,0.0,1.0,0.22115384615384612,0.36014967259120667,423.0,392.0,540.487854003906,9.73536963439325,-1683.14633908126,93.0,92.0,419.0,395.111111111111,45131.7996,45281.6915,149.891900000002,0.269663151750597,,,,,,,,,,
2747,45156.7817,,,,,,Frage 1,,,,,,1.0,469.0,405.0,390.0,378.0,0.9024832874852096,0.9077675883569202,45174.23600000003,539.9326171875,539.932373046875,0.6733568906784057,0.2779394686222076,0.5118338465690612,0.2820940017700195,0.0,0.0,1.0,0.2248303167420814,0.3596819457436856,429.5,391.5,539.932495117188,13.2354693700027,210.154353109844,93.0,92.0,419.0,395.111111111111,45131.7996,45281.6915,149.891900000002,0.269663151750597,,,,,,,,,,
2748,45173.4364,,,,,,Frage 1,,,,,,1.0,465.0,407.0,379.0,405.0,0.9007558699743883,0.8943321790952874,45190.89100000006,539.795654296875,539.796142578125,0.673361599445343,0.2778724133968353,0.5118184685707092,0.2819646000862121,0.0,0.0,1.0,0.2205882352941176,0.37324602432179604,422.0,406.0,539.7958984375,17.6945772890463,267.738711537518,93.0,92.0,419.0,395.111111111111,45131.7996,45281.6915,149.891900000002,0.269663151750597,,,,,,,,,,
2749,45190.0908,,,,,,Frage 1,,,,,,1.0,454.0,406.0,373.0,398.0,0.8964498075377311,0.9005147681133027,45207.545999999966,539.7401123046875,539.7449951171875,0.6734462976455688,0.2779018878936767,0.5118898749351501,0.2819541990756988,0.0,0.0,1.0,0.21578054298642527,0.36950420954162766,413.5,402.0,539.742553710938,21.6063190709086,234.877376660965,93.0,92.0,419.0,395.111111111111,45131.7996,45281.6915,149.891900000002,0.269663151750597,,,,,,,,,,
2750,45206.7454,,,,,,Frage 1,,,,,,1.0,449.0,403.0,377.0,366.0,0.8958282367860051,0.8894424441754317,45224.201,539.8966674804688,539.9016723632812,0.6734228134155273,0.2779539227485656,0.5118718147277832,0.2820066511631012,0.0,0.0,1.0,0.21549773755656101,0.35313376987839096,413.0,384.5,539.899169921875,9.84778160427737,-706.023408945879,93.0,92.0,419.0,395.111111111111,45131.7996,45281.6915,149.891900000002,0.269663151750597,,,,,,,,,,
2751,45223.4004,,,,,,Frage 1,,,,,,1.0,446.0,404.0,387.0,380.0,0.8965097179716324,0.8901461961143218,45240.85499999998,539.898681640625,539.9036865234375,0.6734140515327453,0.2778400778770446,0.5118680596351624,0.2818887829780578,0.0,0.0,1.0,0.2174773755656108,0.36014967259120667,416.5,392.0,539.901184082031,16.291705361293,386.906259802826,93.0,92.0,419.0,395.111111111111,45131.7996,45281.6915,149.891900000002,0.269663151750597,,,,,,,,,,
2752,45240.0563,,,,,,Frage 1,,,,,,1.0,451.0,410.0,383.0,393.0,0.7161136797193914,0.7175648831367563,45257.51000000001,540.1077880859375,540.1109619140625,0.6733288168907166,0.2777749300003051,0.5117741823196411,0.2818014919757843,0.0,0.0,1.0,0.21776018099547506,0.3118574990037598,417.0,401.5,540.109375,4.8588543782019,-686.414482741402,93.0,92.0,419.0,395.111111111111,45131.7996,45281.6915,149.891900000002,0.269663151750597,,,,,,,,,,
2753,45256.7091,,,,,,Frage 1,,,,,,1.0,457.0,411.0,379.0,383.0,0.8983369862056226,0.9023735041727821,45274.16500000004,539.9833374023438,539.9829711914064,0.6732715368270874,0.2777943611145019,0.5116969347000122,0.2818124294281005,0.0,0.0,1.0,0.2183257918552036,0.36482694106641717,418.0,397.0,539.983154296875,11.400932416092,392.851534750233,93.0,92.0,419.0,395.111111111111,45131.7996,45281.6915,149.891900000002,0.269663151750597,,,,,,,,,,
2754,45273.3647,,,,,,Frage 1,,,,,,1.0,449.0,412.0,388.0,367.0,0.898092351933859,0.9026788296926391,45290.81900000002,540.3992919921875,540.3875732421875,0.672967791557312,0.277801513671875,0.5114213228225708,0.2818671464920043,0.0,0.0,1.0,0.21860859728506785,0.35781103835360145,418.5,389.5,540.393432617188,25.2744444119965,832.963807722687,93.0,92.0,419.0,395.111111111111,45131.7996,45281.6915,149.891900000002,0.269663151750597,,,,,,,,,,
2755,45290.0183,,,,,,Frage 1,,,,,,1.0,460.0,430.0,400.0,413.0,0.8973859080674393,0.9024645661699325,45307.474000000046,538.4431762695312,538.4082641601562,0.6727868914604187,0.278485357761383,0.5112397670745848,0.2825645208358764,0.0,0.0,1.0,0.3419063721857259,0.3521057462498571,430.0,421.5,538.425720214844,103.999239580894,4727.19383009521,,,,,,,,,121.0,121.0,45281.6915,45298.3466,16.6551000000036,,103.999239580894,4727.19383009521,,
2756,45306.6749,,,,,,Frage 1,,,,,,1.0,521.0,471.0,417.0,506.0,0.9060429657661795,0.8995247052064134,45324.12900000008,538.612060546875,538.3837890625,0.6683231592178344,0.2808368802070617,0.506848394870758,0.2848449647426605,0.0,0.0,1.0,0.2471719457013574,0.4504209541627689,469.0,488.5,538.497924804688,,,,,,,,,,,,,,,,,,,,
2757,45323.3285,,,,,,Frage 1,,,,,,1.0,1183.0,-1.0,-1.0,-1.0,0.8922386032880842,0.0,45340.78300000005,538.6240844726562,-1.0,0.6698782444000244,0.2828221321105957,-1.0,-1.0,0.0,4.0,1.0,0.6510180995475112,0.4521631105819237,1183.0,,538.624084472656,,,,,,,,,,,,,,,,,,,,
2758,45339.9821,,,,,,Frage 1,,,,,,1.0,1183.0,-1.0,-1.0,-1.0,0.8922386032880842,0.0,45357.437999999966,538.7205810546875,-1.0,0.666266918182373,0.2834284901618957,-1.0,-1.0,0.0,4.0,1.0,0.48449783424857423,0.39821101478211246,1183.0,,538.720581054688,,,,,,,,,,,,,,,,,,,,
2759,45356.6382,,,,,,Frage 1,,,,,,1.0,1473.0,-1.0,1387.0,-1.0,0.899794806763888,0.9033135853786571,45374.09299999999,538.7726440429688,538.4647827148438,0.665093421936035,0.2844767570495605,0.5041875839233398,0.2869562804698944,0.0,0.0,1.0,0.7907239819004523,0.49752155277173765,1430.0,,538.618713378906,,,,,,,,,,,,,,,,,,,,
2760,45373.2909,,,,,,Frage 1,,,,,,1.0,1446.0,-1.0,1389.0,-1.0,0.900176735780009,0.897330276507076,45390.74699999997,538.326416015625,537.810546875,0.6609066724777221,0.2854016423225402,0.5004244446754454,0.2888074815273284,0.0,0.0,1.0,0.3427446748963162,0.3523769129752427,1417.5,,538.068481445313,,,,,,,,,,,,,,,,,,,,
2761,45389.9474,,,,,,Frage 1,,,,,,1.0,1431.0,-1.0,1398.0,-1.0,0.9003889185667427,0.8936047695060154,45407.402,538.642333984375,538.0624389648438,0.6593753695487976,0.2868666052818298,0.4989096224308013,0.2902459800243377,0.0,0.0,1.0,0.7819570135746605,0.49468009048004297,1414.5,,538.352386474609,,,,,,,,,,,,,,,,,,,,
2762,45406.6022,,,,,,Frage 1,,,,,,1.0,1411.0,-1.0,1397.0,-1.0,0.8976180609988068,0.8896382160419098,45424.05700000003,538.5951538085938,537.9021606445312,0.6575264930725097,0.2848298847675323,0.4972034394741058,0.2892889976501464,0.0,0.0,1.0,0.7760180995475112,0.4927553949152092,1404.0,,538.248657226563,,,,,,,,,,,,,,,,,,,,
2763,45416.3015,,,,,,Frage 1,1.0,0.565858006477356,29.4081032935821,1.33723127841949,203.33203125,,,,,,0.6585048574425887,0.6495113533451946,,,,,,,,,,,0.37959439571535225,0.3642823432120883,,,,,,,,,,,,,,,,,,,,,,,
2764,45423.2553,,,,,,Frage 1,,,,,,1.0,1420.0,-1.0,1394.0,-1.0,0.8998871686828191,0.8906613243628337,45440.71100000001,539.9118041992188,539.1251831054688,0.6557008624076843,0.2843326032161712,0.4954791069030761,0.2895308136940002,0.0,0.0,1.0,0.7777149321266967,0.49330534550987026,1407.0,,539.518493652344,,,,,,,,,,,,,,,,,,,,
2765,45439.9112,,,,,,Frage 1,,,,,,1.0,1415.0,-1.0,1393.0,-1.0,0.9017893249591861,0.8919549403811747,45457.36600000004,539.1551513671875,538.3154907226562,0.655066967010498,0.2838810682296752,0.4947825670242309,0.289663940668106,0.0,0.0,1.0,0.7760180995475112,0.4927557741112285,1404.0,,538.735321044922,,,,,,,,,,,,,,,,,,,,
2766,45456.5657,,,,,,Frage 1,,,,,,1.0,1423.0,-1.0,1382.0,-1.0,0.8991807248163995,0.8903667120191122,45474.02100000007,540.1815795898438,539.2816772460938,0.6539227962493896,0.2834216952323913,0.4935978949069976,0.2896552085876464,0.0,0.0,1.0,0.3438357535173131,0.3527296626028334,1402.5,,539.731628417969,,,,,,,,,,,,,,,,,,,,
2767,45473.2214,,,,,,Frage 1,,,,,,1.0,1417.0,-1.0,1374.0,-1.0,0.9006984558085662,0.8910871731142133,45490.67599999998,539.630126953125,538.6983642578125,0.6536186337471008,0.2830840051174163,0.4931766390800476,0.2896897494792938,0.0,0.0,1.0,0.7712104072398189,0.4911979689917225,1395.5,,539.164245605469,,,,,,,,,,,,,,,,,,,,
2768,45489.8758,,,,,,Frage 1,,,,,,1.0,1403.0,-1.0,1379.0,-1.0,0.9034168917468386,0.8924397116012983,45507.33000000008,540.2183837890625,539.2528686523438,0.6529666781425476,0.2828421890735626,0.492467850446701,0.2896570861339569,0.0,0.0,1.0,0.7686651583710407,0.490373546322456,1391.0,,539.735626220703,,,,,,,,,,,,,,,,,,,,
2769,45506.5293,,,,,,Frage 1,,,,,,1.0,1410.0,-1.0,1377.0,-1.0,0.9044503467316364,0.8937922500883836,45523.98499999999,540.0062255859375,539.0215454101562,0.652750015258789,0.2826065123081207,0.4921213388442993,0.2895711958408355,0.0,0.0,1.0,0.7700791855203619,0.49083186198865947,1393.5,,539.513885498047,,,,,,,,,,,,,,,,,,,,
2770,45523.1852,,,,,,Frage 1,,,,,,1.0,1414.0,-1.0,1370.0,-1.0,0.906632085032876,0.8926030875373622,45540.640000000014,539.7478637695312,538.7372436523438,0.6523789167404174,0.2824173867702484,0.4916093051433563,0.2895073294639587,0.0,0.0,1.0,0.7692307692307692,0.49055692631887415,1392.0,,539.242553710938,,,,,,,,,,,,,,,,,,,,
2771,45539.8378,,,,,,Frage 1,,,,,,1.0,1421.0,-1.0,1366.0,-1.0,0.9070938946275318,0.8913710722817993,45557.294,539.7322387695312,538.7123413085938,0.6521766185760498,0.2821391224861145,0.491398274898529,0.2892216742038726,0.0,0.0,1.0,0.7700791855203619,0.49083169808483507,1393.5,,539.222290039063,,,,,,,,,,,,,,,,,,,,
2772,45556.4947,,,,,,Frage 1,,,,,,1.0,1422.0,-1.0,1345.0,-1.0,0.9074608460351774,0.9039724457109799,45573.949000000015,539.0958251953125,538.0347290039064,0.6515616774559021,0.2822043597698211,0.4905977249145507,0.2894518673419952,0.0,0.0,1.0,0.7644230769230768,0.4890004566876435,1383.5,,538.565277099609,,,,,,,,,,,,,,,,,,,,
2773,45573.1489,,,,,,Frage 1,,,,,,1.0,1406.0,-1.0,1345.0,-1.0,0.9092881142691677,0.9039724457109799,45590.60400000005,539.138427734375,538.0536499023438,0.6510329842567443,0.281618595123291,0.4900628626346588,0.2888624668121337,0.0,0.0,1.0,0.7598981900452487,0.487534466752349,1375.5,,538.596038818359,,,,,,,,,,,,,,,,,,,,
2774,45589.8026,,,,,,Frage 1,,,,,,1.0,1400.0,-1.0,1364.0,-1.0,0.9070339841936306,0.9047786122151635,45607.25800000003,538.600341796875,537.4736328125,0.650351345539093,0.2816615402698516,0.4892800450325012,0.2890882492065429,0.0,0.0,1.0,0.763574660633484,0.48872564182360323,1382.0,,538.036987304688,,,,,,,,,,,,,,,,,,,,
2775,45606.4586,,,,,,Frage 1,,,,,,1.0,1393.0,-1.0,1371.0,-1.0,0.9051767607426897,0.8860355150429313,45623.91300000006,538.6829223632812,537.516357421875,0.64960378408432,0.2818506062030792,0.4884472489356994,0.2894322872161865,0.0,0.0,1.0,0.34457790117081755,0.35296986518946943,1382.0,,538.099639892578,,,,,,,,,,,,,,,,,,,,
2776,45623.1123,,,,,,Frage 1,,,,,,1.0,1389.0,-1.0,1364.0,-1.0,0.905461335303721,0.8966392766463473,45640.56799999997,538.400390625,537.1902465820312,0.6488657593727111,0.2819010615348815,0.4876014292240142,0.2896832227706909,0.0,0.0,1.0,0.7604638009049772,0.48771683395811327,1376.5,,537.795318603516,,,,,,,,,,,,,,,,,,,,
2777,45639.7671,,,,,,Frage 1,,,,,,1.0,1394.0,-1.0,1359.0,-1.0,0.8954182706526288,0.8954367226251568,45657.22200000008,538.1104125976562,536.8607177734375,0.6482045650482177,0.2819013893604278,0.4868706166744232,0.2898929417133331,0.0,0.0,1.0,0.7604638009049772,0.4877163757018316,1376.5,,537.485565185547,,,,,,,,,,,,,,,,,,,,
2778,45656.4227,,,,,,Frage 1,,,,,,1.0,1389.0,-1.0,1362.0,-1.0,0.9032072052281839,0.894617164650804,45673.87699999998,538.0078735351562,536.714111328125,0.6474334597587585,0.2820268869400024,0.4860555529594421,0.2902759313583374,0.0,0.0,1.0,0.7598981900452487,0.4875332926787373,1375.5,,537.360992431641,,,,,,,,,,,,,,,,,,,,
2779,45673.0759,,,,,,Frage 1,,,,,,1.0,1379.0,-1.0,1378.0,-1.0,0.9017793398868693,0.8939636609065489,45690.53200000001,537.5908813476562,536.2599487304688,0.646890103816986,0.2822231352329254,0.4855097532272338,0.2908205091953277,0.0,0.0,1.0,0.7615950226244342,0.48808294634250304,1378.5,,536.925415039063,,,,,,,,,,,,,,,,,,,,
2780,45689.731,,,,,,Frage 1,,,,,,1.0,1387.0,-1.0,1388.0,-1.0,0.901979041333207,0.8921102814351372,45707.186,537.70166015625,536.3307495117188,0.6461907625198364,0.2823311686515808,0.4848358631134033,0.2912611961364746,0.0,0.0,1.0,0.7666855203619909,0.4897320672449841,1387.5,,537.016204833984,,,,,,,,,,,,,,,,,,,,
2781,45706.3853,,,,,,Frage 1,,,,,,1.0,1383.0,-1.0,1382.0,-1.0,0.9004762879495154,0.8905113398969392,45723.841000000015,537.3141479492188,535.9159545898438,0.6457998156547546,0.2824496328830719,0.4844436049461364,0.2916324436664581,0.0,0.0,1.0,0.7638574660633483,0.4888155695929486,1382.5,,536.615051269531,,,,,,,,,,,,,,,,,,,,
2782,45723.0413,,,,,,Frage 1,,,,,,1.0,1373.0,-1.0,1370.0,-1.0,0.8996650008237685,0.8463087290921331,45740.49600000004,537.7279663085938,536.3017578125,0.6452428102493286,0.2827357649803161,0.4839135110378265,0.2921312749385833,0.0,0.0,1.0,0.7576357466063347,0.4867951292230204,1371.5,,537.014862060547,,,,,,,,,,,,,,,,,,,,
2783,45739.6962,,,,,,Frage 1,,,,,,1.0,1378.0,-1.0,1357.0,-1.0,0.898014967623403,0.8791683530021785,45757.15100000007,537.1943359375,535.7575073242188,0.6451997756958007,0.282906174659729,0.4838473796844482,0.2924778461456298,0.0,0.0,1.0,0.3455945501658414,0.3532983052373599,1367.5,,536.475921630859,,,,,,,,,,,,,,,,,,,,
2784,45756.3498,,,,,,Frage 1,,,,,,1.0,1379.0,-1.0,1353.0,-1.0,0.8962526023594726,0.8921852736680843,45773.80500000005,537.3802490234375,535.9297485351562,0.6449445486068724,0.2831023335456848,0.4836066961288452,0.2928012311458587,0.0,0.0,1.0,0.7545248868778279,0.48579187409405516,1366.0,,536.654998779297,,,,,,,,,,,,,,,,,,,,
2785,45773.0054,,,,,,Frage 1,,,,,,1.0,1382.0,-1.0,1347.0,-1.0,0.895276561540497,0.8884222705505501,45790.45999999996,536.9512939453125,535.5000610351562,0.6450425386428833,0.2833259403705596,0.4836747944355011,0.2931030094623565,0.0,0.0,1.0,0.7536764705882352,0.48551656613880206,1364.5,,536.225677490234,,,,,,,,,,,,,,,,,,,,
2786,45789.6593,,,,,,Frage 1,,,,,,1.0,1383.0,-1.0,1350.0,-1.0,0.8948122556777618,0.8868527902467244,45807.11499999999,537.0537109375,535.6002807617188,0.645007312297821,0.2837107479572296,0.4836466312408447,0.2935448884963989,0.0,0.0,1.0,0.7548076923076922,0.4858829002604136,1366.5,,536.326995849609,,,,,,,,,,,,,,,,,,,,
2787,45806.3138,,,,,,Frage 1,,,,,,1.0,1373.0,-1.0,1354.0,-1.0,0.886562476133518,0.886236782618943,45823.76899999997,536.7473754882812,535.298583984375,0.6451699137687683,0.2840599417686462,0.4838204085826873,0.29394993185997,0.0,0.0,1.0,0.7531108597285067,0.4853327935079573,1363.5,,536.022979736328,,,,,,,,,,,,,,,,,,,,
2788,45822.9694,,,,,,Frage 1,,,,,,1.0,1380.0,-1.0,1356.0,-1.0,0.8943404610107889,0.8851842130636469,45840.424,536.8175048828125,535.3723754882812,0.6452663540840148,0.2844279408454895,0.4839339554309845,0.2943786680698394,0.0,0.0,1.0,0.7556561085972849,0.4861575956737263,1368.0,,536.094940185547,,,,,,,,,,,,,,,,,,,,
2789,45839.6234,,,,,,Frage 1,,,,,,1.0,1390.0,-1.0,1351.0,-1.0,0.8935666179062302,0.882406822150563,45857.07900000003,536.890380859375,535.4484252929688,0.6453540325164794,0.2847300171852111,0.4840205609798431,0.2947307229042053,0.0,0.0,1.0,0.7570701357466062,0.48661542214790576,1370.5,,536.169403076172,,,,,,,,,,,,,,,,,,,,
2790,45856.2782,,,,,,Frage 1,,,,,,1.0,1383.0,-1.0,1356.0,-1.0,0.8923958681770753,0.8820720353963339,45873.73300000001,536.983154296875,535.5464477539064,0.6454489231109619,0.2849567830562591,0.4841250777244567,0.2949540317058563,0.0,0.0,1.0,0.7565045248868777,0.4864320921813877,1369.5,,536.264801025391,,,,,,,,,,,,,,,,,,,,
2791,45872.932,,,,,,Frage 1,,,,,,1.0,1371.0,-1.0,1356.0,-1.0,0.8919814876759244,0.8394093960672939,45890.38800000004,537.1405029296875,535.7084350585938,0.6454994082450866,0.285170555114746,0.4841943085193634,0.2951436638832092,0.0,0.0,1.0,0.7531108597285067,0.48532810663756876,1363.5,,536.424468994141,,,,,,,,,,,,,,,,,,,,
2792,45889.5885,,,,,,Frage 1,,,,,,1.0,1374.0,-1.0,1346.0,-1.0,0.893946050654272,0.8817024308196653,45907.04300000006,537.18408203125,535.7559204101562,0.6455863714218139,0.285372257232666,0.4842734038829803,0.2953490912914276,0.0,0.0,1.0,0.7511312217194569,0.48469117015623786,1360.0,,536.470001220703,,,,,,,,,,,,,,,,,,,,
2793,45906.2427,,,,,,Frage 1,,,,,,1.0,1385.0,-1.0,1339.0,-1.0,0.8946450057164539,0.8808025240242976,45923.69700000005,537.302978515625,535.8762817382812,0.6456246376037597,0.2855415642261505,0.4843046963214874,0.2955484986305236,0.0,0.0,1.0,0.7522624434389139,0.48505761246813717,1362.0,,536.589630126953,,,,,,,,,,,,,,,,,,,,
2794,45922.896,,,,,,Frage 1,,,,,,1.0,1398.0,-1.0,1347.0,-1.0,0.8954188488210125,0.8821550625113826,45940.35200000007,536.9458618164064,535.5198974609375,0.6456890702247619,0.2857237160205841,0.4843660593032836,0.2957445383071899,0.0,0.0,1.0,0.7582013574660633,0.4869819700919326,1372.5,,536.232879638672,,,,,,,,,,,,,,,,,,,,
2795,45939.5522,,,,,,Frage 1,,,,,,1.0,1433.0,-1.0,1389.0,-1.0,0.8967069231498911,0.8826264422613371,45957.00699999998,537.465087890625,536.0271606445312,0.6453195214271545,0.2859590947628021,0.4840356707572937,0.2959689795970916,0.0,0.0,1.0,0.7799773755656108,0.49403743020750396,1411.0,,536.746124267578,,,,,,,,,,,,,,,,,,,,
2796,45956.2055,,,,,,Frage 1,,,,,,1.0,1440.0,-1.0,1413.0,-1.0,0.8956634830927764,0.8815711944120073,45973.66099999997,538.2281494140625,536.7855834960938,0.6450831294059753,0.2860745191574096,0.4838449954986572,0.296064406633377,0.0,0.0,1.0,0.7887443438914026,0.49687775889559765,1426.5,,537.506866455078,,,,,,,,,,,,,,,,,,,,
2797,45972.8615,,,,,,Frage 1,,,,,,1.0,1439.0,-1.0,1424.0,-1.0,0.896674471664861,0.8838852404572384,45990.31599999999,538.185791015625,536.7496948242188,0.6452358961105346,0.2860219180583953,0.4839944839477539,0.2960119247436523,0.0,0.0,1.0,0.7915723981900451,0.49779431454825923,1431.5,,537.467742919922,,,,,,,,,,,,,,,,,,,,
2798,45989.5166,,,,,,Frage 1,,,,,,1.0,1443.0,-1.0,1415.0,-1.0,0.8988961502553683,0.8854520424670302,46006.97100000002,537.9602661132812,536.523193359375,0.6452857851982116,0.2858894765377044,0.4840314388275146,0.2959296405315399,0.0,0.0,1.0,0.790158371040724,0.4973364103054892,1429.0,,537.241729736328,,,,,,,,,,,,,,,,,,,,
2799,46006.1708,,,,,,Frage 1,,,,,,1.0,1450.0,-1.0,1402.0,-1.0,0.8988537136980215,0.8852618835906281,46023.62600000005,537.9190063476562,536.4781494140625,0.645243227481842,0.2857163846492767,0.4839726686477661,0.2957866787910461,0.0,0.0,1.0,0.7884615384615383,0.4967866201695388,1426.0,,537.198577880859,,,,,,,,,,,,,,,,,,,,
2800,46022.8256,,,,,,Frage 1,,,,,,1.0,1451.0,-1.0,1399.0,-1.0,0.8975806169776186,0.884128965214317,46040.28000000002,537.7304077148438,536.2875366210938,0.6452269554138182,0.2855945825576782,0.4839319288730621,0.2956469357013702,0.0,0.0,1.0,0.7878959276018098,0.49660320385805634,1425.0,,537.008972167969,,,,,,,,,,,,,,,,,,,,
2801,46039.479,,,,,,Frage 1,,,,,,1.0,1432.0,-1.0,1398.0,-1.0,0.8977129191858172,0.8836816901106671,46056.935000000056,537.963134765625,536.5105590820312,0.6449911594390869,0.2853743135929107,0.4837198555469512,0.2954554855823516,0.0,0.0,1.0,0.7822398190045248,0.4947705985479161,1415.0,,537.236846923828,,,,,,,,,,,,,,,,,,,,
2802,46056.1348,,,,,,Frage 1,,,,,,1.0,1427.0,-1.0,1399.0,-1.0,0.8978027848366692,0.88325048477122,46073.58999999997,538.1878051757812,536.727783203125,0.6448184847831726,0.2852050960063934,0.4835816025733947,0.2953419685363769,0.0,0.0,1.0,0.7811085972850678,0.4944040440723843,1413.0,,537.457794189453,,,,,,,,,,,,,,,,,,,,
2803,46072.7891,,,,,,Frage 1,,,,,,1.0,1445.0,-1.0,1408.0,-1.0,0.8977428744027678,0.883745969167479,46090.244000000064,538.2130126953125,536.7501831054688,0.6447717547416687,0.2851665616035461,0.4835226237773895,0.2953195571899414,0.0,0.0,1.0,0.7887443438914026,0.4968780539207243,1426.5,,537.481597900391,,,,,,,,,,,,,,,,,,,,
2804,46089.443,,,,,,Frage 1,,,,,,1.0,1447.0,-1.0,1410.0,-1.0,0.8971986879614976,0.8847583643122676,46106.898999999976,537.9526977539064,536.482666015625,0.6446915864944458,0.2851287126541137,0.4834126532077789,0.2953259646892547,0.0,0.0,1.0,0.7898755656108596,0.49724465372190196,1428.5,,537.217681884766,,,,,,,,,,,,,,,,,,,,
2805,46106.0997,,,,,,Frage 1,,,,,,1.0,1439.0,-1.0,1403.0,-1.0,0.8977753258877977,0.8848788875437901,46123.554,537.9268188476562,536.447265625,0.6445133686065673,0.2851498425006866,0.4832299351692199,0.2953912913799285,0.0,0.0,1.0,0.7856334841628958,0.49587026297133563,1421.0,,537.187042236328,,,,,,,,,,,,,,,,,,,,
2806,46122.7524,,,,,,Frage 1,,,,,,1.0,1437.0,-1.0,1406.0,-1.0,0.8980673892530666,0.8424327920064429,46140.207999999984,537.9248046875,536.4365844726562,0.6443464159965515,0.2852072417736053,0.4830577373504638,0.2954853177070617,0.0,0.0,1.0,0.78591628959276,0.49595748946611107,1421.5,,537.180694580078,,,,,,,,,,,,,,,,,,,,
2807,46139.4087,,,,,,Frage 1,,,,,,1.0,1433.0,-1.0,1407.0,-1.0,0.8974333371609443,0.8419031379267499,46156.863000000005,538.10009765625,536.6012573242188,0.6441109776496887,0.2852178514003753,0.4828240573406219,0.2955352962017059,0.0,0.0,1.0,0.7850678733031673,0.49568252889671305,1420.0,,537.350677490234,,,,,,,,,,,,,,,,,,,,
2808,46156.063,,,,,,Frage 1,,,,,,1.0,1439.0,-1.0,1400.0,-1.0,0.89780028856859,0.8839441629259827,46173.51800000004,538.3473510742188,536.83837890625,0.6438857913017272,0.2852266430854797,0.4825902879238128,0.2955802679061889,0.0,0.0,1.0,0.784785067873303,0.49559528217281934,1419.5,,537.592864990234,,,,,,,,,,,,,,,,,,,,
2809,46172.7166,,,,,,Frage 1,,,,,,1.0,1441.0,-1.0,1404.0,-1.0,0.8983794227629694,0.8846324844926775,46190.17200000002,538.3912353515625,536.8755493164064,0.6437705159187316,0.2852084934711456,0.4824680685997009,0.295609712600708,0.0,0.0,1.0,0.7864819004524886,0.496145141892241,1422.5,,537.633392333984,,,,,,,,,,,,,,,,,,,,
2810,46189.3721,,,,,,Frage 1,,,,,,1.0,1435.0,-1.0,1412.0,-1.0,0.8831971984524997,0.8827041127883183,46206.82700000005,538.681884765625,537.1602172851562,0.6436147093772888,0.2851467132568359,0.4823088943958282,0.2955602407455444,0.0,0.0,1.0,0.7870475113122171,0.496327693982655,1423.5,,537.921051025391,,,,,,,,,,,,,,,,,,,,
2811,46206.0264,,,,,,Frage 1,,,,,,1.0,1410.0,-1.0,1388.0,-1.0,0.8976804677007872,0.8811024929560868,46223.48199999996,537.5107421875,536.0067749023438,0.6441828608512878,0.2849543690681457,0.4828103482723236,0.2953557670116424,0.0,0.0,1.0,0.7731900452488687,0.4918382282734899,1399.0,,536.758758544922,,,,,,,,,,,,,,,,,,,,
2812,46222.6814,,,,,,Frage 1,,,,,,1.0,1385.0,-1.0,1373.0,-1.0,0.8976105721945691,0.8802213342189559,46240.13600000006,537.5151977539064,536.0787353515625,0.6454468369483947,0.2859962880611419,0.4840683043003082,0.2960622012615203,0.0,0.0,1.0,0.7618778280542985,0.48817300794466506,1379.0,,536.796966552734,,,,,,,,,,,,,,,,,,,,
2813,46239.3366,,,,,,Frage 1,,,,,,1.0,744.0,755.0,760.0,786.0,0.8939934797477771,0.8849378100125346,46256.79099999997,537.5087890625,536.0404663085938,0.6446099281311035,0.2859483361244201,0.4830923080444335,0.2957033514976501,0.0,0.0,1.0,0.40723981900452483,0.7142188961646398,752.0,770.5,536.774627685547,,,,,,,,,,,,,,,,,,,,
2814,46255.9901,,,,,,Frage 1,,,,,,1.0,744.0,755.0,760.0,786.0,0.8939934797477771,0.8849378100125346,46273.446,535.988037109375,534.74853515625,0.6500728726387023,0.2804400324821472,0.4888818562030792,0.2904556393623352,0.0,0.0,1.0,0.40723981900452483,0.7142188961646398,752.0,770.5,535.368286132813,388.25335256049,,,,,,,,,,122.0,122.0,46247.66335,46280.9725,33.309150000001,13.3057180914757,388.25335256049,,-313.447921033883,217.481826320165
2815,46272.6458,,,,,,Frage 1,,,,,,1.0,456.0,522.0,409.0,529.0,0.8800786671671595,0.8857386199286502,46290.10100000002,539.8638305664064,538.6458129882812,0.6498799920082092,0.2802099287509918,0.4889215528964996,0.2901282906532287,0.0,0.0,1.0,0.2265271493212669,0.4850327408793264,432.5,525.5,539.254821777344,383.032658022127,-313.447921033883,,,,,,,,,122.0,122.0,46247.66335,46280.9725,33.309150000001,13.3057180914757,388.25335256049,,-313.447921033883,217.481826320165
2816,46289.2992,,,,,,Frage 1,,,,,,1.0,473.0,521.0,408.0,520.0,0.897970034797977,0.8929057347631852,46306.755000000005,538.6751708984375,537.4797973632812,0.6505289673805236,0.2806144654750824,0.4895366132259368,0.290512591600418,0.0,0.0,1.0,0.39888899577766834,0.4803554724041159,440.5,520.5,538.077484130859,11.1148344713198,-22332.8463587462,94.0,93.0,444.333333333333,528.583333333333,46280.9725,46380.90115,99.9286500000017,0.288729509534482,,,,,,,,,,
2817,46305.9558,,,,,,Frage 1,,,,,,1.0,478.0,527.0,411.0,520.0,0.8975381804202717,0.8920058279678176,46323.41000000003,538.3950805664064,537.20849609375,0.650786817073822,0.2806600034236908,0.4897395074367523,0.2905482053756713,0.0,0.0,1.0,0.233314479638009,0.48316183348924224,444.5,523.5,537.801788330078,16.369507631223,315.470934038309,94.0,93.0,444.333333333333,528.583333333333,46280.9725,46380.90115,99.9286500000017,0.288729509534482,,,,,,,,,,
2818,46322.611,,,,,,Frage 1,,,,,,1.0,475.0,528.0,393.0,545.0,0.8968741731111988,0.8950349785200818,46340.06500000006,538.54150390625,537.3741455078125,0.6512332558631897,0.2804107367992401,0.4900877773761749,0.2902442216873168,0.0,0.0,1.0,0.22737556561085967,0.49532273152478945,434.0,536.5,537.957824707031,11.9323648995052,-266.411855259582,94.0,93.0,444.333333333333,528.583333333333,46280.9725,46380.90115,99.9286500000017,0.288729509534482,,,,,,,,,,
2819,46339.263,,,,,,Frage 1,,,,,,1.0,488.0,535.0,402.0,537.0,0.8948621810393462,0.894456467008774,46356.71900000004,538.4186401367188,537.2713623046875,0.6517722010612487,0.2802856266498565,0.4905202388763427,0.2901255786418914,0.0,0.0,1.0,0.23359728506787325,0.4948550046772684,445.0,536.0,537.845001220703,15.8152788125277,233.180033210546,94.0,93.0,444.333333333333,528.583333333333,46280.9725,46380.90115,99.9286500000017,0.288729509534482,,,,,,,,,,
2820,46355.9194,,,,,,Frage 1,,,,,,1.0,483.0,536.0,418.0,527.0,0.8910678535589294,0.887745944178156,46373.37400000007,538.0449829101562,536.9157104492188,0.652319312095642,0.2801371812820434,0.4909451305866241,0.2899977564811706,0.0,0.0,1.0,0.23670814479638005,0.490645463049579,450.5,531.5,537.480346679688,13.3502008051909,-147.995845881275,94.0,93.0,444.333333333333,528.583333333333,46280.9725,46380.90115,99.9286500000017,0.288729509534482,,,,,,,,,,
2821,46372.5734,,,,,,Frage 1,,,,,,1.0,482.0,528.0,421.0,519.0,0.8847647910066212,0.890420277899789,46390.02899999998,537.615234375,536.504638671875,0.6528738737106323,0.2800339460372924,0.4913854598999023,0.2899041771888732,0.0,0.0,1.0,0.23727375565610856,0.48316183348924224,451.5,523.5,537.059936523438,7.07697054169333,-376.680092680237,94.0,93.0,444.333333333333,528.583333333333,46280.9725,46380.90115,99.9286500000017,0.288729509534482,,,,,,,,,,
2822,46389.2289,,,,,,Frage 1,,,,,,1.0,490.0,534.0,420.0,517.0,0.8890982980444236,0.8894989447521506,46406.68299999996,537.2927856445312,536.2034912109375,0.6534543633460999,0.2798802852630615,0.4918545484542846,0.2897364199161529,0.0,0.0,1.0,0.23925339366515833,0.4850327408793264,455.0,525.5,536.748138427734,42.1177515127443,2103.85644207916,,,,,,,,,123.0,123.0,46380.90115,46447.5192,66.6180499999973,5.04500899905285,94.6226201686514,2900.24348958657,-2793.86743865925,226.735704588928
2823,46405.8832,,,,,,Frage 1,,,,,,1.0,452.0,510.0,382.0,478.0,0.8894527681116731,0.8902569019637251,46423.33799999999,536.0916137695312,535.0333862304688,0.6543934941291809,0.2795107364654541,0.4926855862140655,0.2893801033496856,0.0,0.0,1.0,0.21776018099547506,0.45556594948550044,417.0,494.0,535.5625,90.4192766613506,2900.24348958657,,,,,,,,,123.0,123.0,46380.90115,46447.5192,66.6180499999973,5.04500899905285,94.6226201686514,2900.24348958657,-2793.86743865925,226.735704588928
2824,46422.5374,,,,,,Frage 1,,,,,,1.0,416.0,467.0,348.0,454.0,0.8901067903484291,0.8945877034164319,46439.99300000002,536.1881103515625,535.1712646484375,0.6552616953849792,0.2791378796100616,0.4935483932495117,0.2889184951782226,0.0,0.0,1.0,0.1979638009049773,0.4242282507015902,382.0,460.5,535.6796875,94.6226201686514,252.389397707465,,,,,,,,,123.0,123.0,46380.90115,46447.5192,66.6180499999973,5.04500899905285,94.6226201686514,2900.24348958657,-2793.86743865925,226.735704588928
2825,46425.2122,,,,,,Frage 1,1.0,1.85076546669006,29.4079580333508,0.387176662683487,203.58984375,,,,,,0.6585048574425887,0.6495113533451946,,,,,,,,,,,0.37959439571535225,0.3642823432120883,,,,,,,,,,,,,,,,,,,,,,,
2826,46439.1923,,,,,,Frage 1,,,,,,1.0,374.0,418.0,328.0,412.0,0.8878950968302388,0.8928173510600688,46456.647,537.1368408203125,536.1471557617188,0.6556211113929749,0.2792887985706329,0.4939389526844024,0.2889238893985748,0.0,0.0,1.0,0.34334007014599627,0.3525689427703965,351.0,415.0,536.641998291016,48.0910373645216,-2793.86743865925,,,,,,,,,123.0,123.0,46380.90115,46447.5192,66.6180499999973,5.04500899905285,94.6226201686514,2900.24348958657,-2793.86743865925,226.735704588928
2827,46455.8461,,,,,,Frage 1,,,,,,1.0,363.0,422.0,350.0,408.0,0.8875406267629895,0.8901015609097631,46473.302000000025,537.1309814453125,536.1692504882812,0.6562103629112243,0.2795386910438537,0.4945012927055358,0.2891048192977905,0.0,0.0,1.0,0.18354072398190038,0.38166510757717487,356.5,415.0,536.650115966797,14.4531988315574,-2019.82962044483,95.0,94.0,361.277777777778,413.5,46447.5192,46597.41195,149.892749999992,0.17823326969874,,,,,,,,,,
2828,46472.5014,,,,,,Frage 1,,,,,,1.0,381.0,419.0,353.0,406.0,0.8885141713138859,0.8906024018940895,46489.957000000046,536.6626586914064,535.7333374023438,0.6569828987121582,0.2796208262443542,0.4951844811439514,0.2890855371952056,0.0,0.0,1.0,0.18947963800904974,0.37932647333956965,367.0,412.5,536.197998046875,9.32592018817486,-307.846670031944,95.0,94.0,361.277777777778,413.5,46447.5192,46597.41195,149.892749999992,0.17823326969874,,,,,,,,,,
2829,46489.1564,,,,,,Frage 1,,,,,,1.0,390.0,415.0,342.0,407.0,0.8881422273700817,0.8910791382321116,46506.61100000003,536.3999633789064,535.5050659179688,0.6577598452568054,0.2796542942523956,0.4958663880825042,0.2889995872974395,0.0,0.0,1.0,0.18891402714932123,0.30253516840057515,366.0,411.0,535.952514648438,5.8311799887817,-209.831293869313,95.0,94.0,361.277777777778,413.5,46447.5192,46597.41195,149.892749999992,0.17823326969874,,,,,,,,,,
2830,46505.8106,,,,,,Frage 1,,,,,,1.0,379.0,420.0,344.0,398.0,0.8868990858666294,0.8887945534212529,46523.26600000006,536.3167724609375,535.44970703125,0.6583818197250366,0.279733657836914,0.4964266717433929,0.2890089452266693,0.0,0.0,1.0,0.18636877828054296,0.3760523854069223,361.5,409.0,535.883239746094,8.29283672045954,147.80996575508,95.0,94.0,361.277777777778,413.5,46447.5192,46597.41195,149.892749999992,0.17823326969874,,,,,,,,,,
2831,46522.4666,,,,,,Frage 1,,,,,,1.0,376.0,421.0,345.0,415.0,0.88680173141154,0.8897721307436015,46539.920999999966,536.283203125,535.4494018554688,0.6591044664382933,0.2797667682170867,0.4970881938934326,0.2889526188373565,0.0,0.0,1.0,0.18580316742081443,0.38447146866230114,360.5,418.0,535.866302490234,12.3467978174926,243.393437622025,95.0,94.0,361.277777777778,413.5,46447.5192,46597.41195,149.892749999992,0.17823326969874,,,,,,,,,,
2832,46539.1201,,,,,,Frage 1,,,,,,1.0,380.0,414.0,335.0,429.0,0.8847142173761748,0.8877955497466334,46556.576,536.0823974609375,535.2818603515625,0.6598392128944397,0.2797869145870208,0.4977424144744873,0.2888501286506652,0.0,0.0,1.0,0.1841063348416289,0.38774555659494847,357.5,421.5,535.68212890625,4.54758074813103,-468.322999331158,95.0,94.0,361.277777777778,413.5,46447.5192,46597.41195,149.892749999992,0.17823326969874,,,,,,,,,,
2833,46555.7747,,,,,,Frage 1,,,,,,1.0,381.0,410.0,336.0,417.0,0.8850618325603223,0.8879830303290016,46573.22999999998,536.0765380859375,535.3135375976562,0.6606196165084838,0.2798926830291748,0.4984616339206695,0.2888246476650238,0.0,0.0,1.0,0.18467194570135742,0.38026192703461176,358.5,413.5,535.695037841797,12.689279843437,488.855877373528,95.0,94.0,361.277777777778,413.5,46447.5192,46597.41195,149.892749999992,0.17823326969874,,,,,,,,,,
2834,46572.4309,,,,,,Frage 1,,,,,,1.0,390.0,409.0,341.0,412.0,0.8845494875579165,0.8872250731174273,46589.88500000001,535.8990478515625,535.1724853515625,0.6614001989364624,0.2799342572689056,0.4991767406463623,0.288724273443222,0.0,0.0,1.0,0.18863122171945698,0.3774555659494854,365.5,410.5,535.535766601563,2.8177163695295,-592.66600268422,95.0,94.0,361.277777777778,413.5,46447.5192,46597.41195,149.892749999992,0.17823326969874,,,,,,,,,,
2835,46589.0842,,,,,,Frage 1,,,,,,1.0,381.0,411.0,336.0,410.0,0.8826154898426851,0.8862421392070107,46606.54000000004,535.8291625976562,535.1422729492188,0.6622326374053955,0.2799358665943145,0.4999470710754394,0.2885820567607879,0.0,0.0,1.0,0.18467194570135742,0.30116005988323025,358.5,410.5,535.485717773438,28.9532467544884,1569.39047425806,95.0,94.0,361.277777777778,413.5,46447.5192,46597.41195,149.892749999992,0.17823326969874,,,,,,,,,,
2836,46605.7397,,,,,,Frage 1,,,,,,1.0,358.0,412.0,308.0,414.0,0.8813773408753913,0.8837298994032761,46623.19400000002,535.7250366210938,535.0746459960938,0.662987232208252,0.2798540890216827,0.5006555914878845,0.2883489727973938,0.0,0.0,1.0,0.1702488687782805,0.3797942001870907,333.0,413.0,535.399841308594,31.010347376806,123.508788227165,,,,,,,,,124.0,124.0,46597.41195,46614.0663,16.6543500000043,,31.010347376806,123.508788227165,,
2837,46622.3929,,,,,,Frage 1,,,,,,1.0,361.0,408.0,287.0,399.0,0.8815845311259667,0.8815658378239396,46639.849000000046,534.9942016601562,534.3801879882812,0.6638481020927429,0.2798137068748474,0.5014484524726867,0.2881606221199035,0.0,0.0,1.0,0.35277644994011353,0.37090739008419077,324.0,403.5,534.687194824219,16.0668743287932,-897.333428290791,96.0,95.0,321.944444444444,402.444444444444,46614.0663,46913.8504,299.784099999997,0.30394519087689,,,,,,,,,,
2838,46639.0487,,,,,,Frage 1,,,,,,1.0,362.0,408.0,282.0,390.0,0.8800643038657208,0.8800767063411289,46656.50400000008,535.1034545898438,534.5093383789064,0.6642000079154968,0.2797968685626983,0.5017719268798828,0.2880139052867889,0.0,0.0,1.0,0.35113885686218477,0.36669784845650133,322.0,399.0,534.806396484375,5.60601331944337,-628.06115643497,96.0,95.0,321.944444444444,402.444444444444,46614.0663,46913.8504,299.784099999997,0.30394519087689,,,,,,,,,,
2839,46655.703,,,,,,Frage 1,,,,,,1.0,358.0,409.0,289.0,386.0,0.8788885616004075,0.8787643422645511,46673.15800000005,534.8121948242188,534.2439575195312,0.6647526621818542,0.2797219157218933,0.5022926926612854,0.2878116071224212,0.0,0.0,1.0,0.16487556561085964,0.3652946679139382,323.5,397.5,534.528076171875,4.89090059086932,-42.9386241735744,96.0,95.0,321.944444444444,402.444444444444,46614.0663,46913.8504,299.784099999997,0.30394519087689,,,,,,,,,,
2840,46672.357,,,,,,Frage 1,,,,,,1.0,352.0,419.0,286.0,370.0,0.878321908746424,0.8785848965642844,46689.812999999966,534.9581909179688,534.4069213867188,0.665052056312561,0.2796851396560668,0.5025712847709655,0.2876726984977722,0.0,0.0,1.0,0.1623303167420814,0.36248830682881195,319.0,394.5,534.682556152344,6.36455824795729,88.4867093243526,96.0,95.0,321.944444444444,402.444444444444,46614.0663,46913.8504,299.784099999997,0.30394519087689,,,,,,,,,,
2841,46689.0133,,,,,,Frage 1,,,,,,1.0,351.0,423.0,282.0,368.0,0.8783693378399294,0.8781911873413111,46706.46799999999,534.7379150390625,534.2061767578125,0.6654720306396484,0.2796498239040374,0.5029578804969786,0.2875420153141021,0.0,0.0,1.0,0.16091628959276014,0.29346231674560014,316.5,395.5,534.472045898438,6.30871798000943,-3.35250133270133,96.0,95.0,321.944444444444,402.444444444444,46614.0663,46913.8504,299.784099999997,0.30394519087689,,,,,,,,,,
2842,46705.6663,,,,,,Frage 1,,,,,,1.0,362.0,419.0,283.0,382.0,0.8751762912330691,0.8774546564820074,46723.12199999997,534.8975830078125,534.379150390625,0.6656829714775085,0.2796605229377746,0.5031402707099915,0.2874366343021392,0.0,0.0,1.0,0.16430995475113114,0.3681010289990645,322.5,400.5,534.638366699219,10.4020673633147,245.802521065613,96.0,95.0,321.944444444444,402.444444444444,46614.0663,46913.8504,299.784099999997,0.30394519087689,,,,,,,,,,
2843,46722.3221,,,,,,Frage 1,,,,,,1.0,364.0,425.0,286.0,382.0,0.8787562593922086,0.8771439743740828,46739.777,534.5274047851562,534.0233764648438,0.6659822463989257,0.2796984016895294,0.50339937210083,0.2873362600803375,0.0,0.0,1.0,0.16572398190045243,0.37090739008419077,325.0,403.5,534.275390625,4.21583570556489,-371.416062737883,96.0,95.0,321.944444444444,402.444444444444,46614.0663,46913.8504,299.784099999997,0.30394519087689,,,,,,,,,,
2844,46738.978,,,,,,Frage 1,,,,,,1.0,359.0,422.0,279.0,385.0,0.8784317445419099,0.8764663659835231,46756.43200000003,534.5225830078125,534.0262451171875,0.6660842895507812,0.2798081934452056,0.5034781098365783,0.2873321175575256,0.0,0.0,1.0,0.1623303167420814,0.37090739008419077,319.0,403.5,534.2744140625,5.2288107246428,60.8177894366315,96.0,95.0,321.944444444444,402.444444444444,46614.0663,46913.8504,299.784099999997,0.30394519087689,,,,,,,,,,
2845,46755.6303,,,,,,Frage 1,,,,,,1.0,361.0,415.0,278.0,396.0,0.876876569528555,0.8766002806852147,46773.08600000001,534.2216186523438,533.7338256835938,0.6662726402282714,0.2799171507358551,0.5036239027976989,0.2873413860797882,0.0,0.0,1.0,0.16261312217194568,0.2940118708327193,319.5,405.5,533.977722167969,5.79370000019808,33.922597812643,96.0,95.0,321.944444444444,402.444444444444,46614.0663,46913.8504,299.784099999997,0.30394519087689,,,,,,,,,,
2846,46772.2864,,,,,,Frage 1,,,,,,1.0,358.0,409.0,283.0,386.0,0.8766693792779794,0.8761663970517339,46789.74100000004,534.0247192382812,533.5419311523438,0.6663894653320312,0.2800600826740264,0.5037335157394409,0.2874454855918884,0.0,0.0,1.0,0.16317873303167418,0.3652946679139382,320.5,397.5,533.783325195313,16.396302325114,636.559718356388,96.0,95.0,321.944444444444,402.444444444444,46614.0663,46913.8504,299.784099999997,0.30394519087689,,,,,,,,,,
2847,46788.9402,,,,,,Frage 1,,,,,,1.0,353.0,409.0,288.0,367.0,0.8759928906285104,0.8712410143235166,46806.39600000007,533.8876342773438,533.4110717773438,0.6665208339691162,0.2801847159862518,0.5038843750953674,0.2875455617904663,0.0,0.0,1.0,0.16317873303167418,0.3564078578110383,320.5,388.0,533.649353027344,0.878742718226203,-931.772905096,96.0,95.0,321.944444444444,402.444444444444,46614.0663,46913.8504,299.784099999997,0.30394519087689,,,,,,,,,,
2848,46805.5969,,,,,,Frage 1,,,,,,1.0,353.0,419.0,290.0,376.0,0.8752539952770609,0.8752948394744141,46823.05099999998,533.9380493164064,533.4650268554688,0.6665573716163635,0.2801732420921325,0.5039243102073669,0.2874873876571655,0.0,0.0,1.0,0.16374434389140266,0.3652946679139382,321.5,397.5,533.701538085938,15.8096701188579,896.391686266314,96.0,95.0,321.944444444444,402.444444444444,46614.0663,46913.8504,299.784099999997,0.30394519087689,,,,,,,,,,
2849,46822.2506,,,,,,Frage 1,,,,,,1.0,359.0,418.0,291.0,391.0,0.87464740213381,0.8747621951369209,46839.70500000008,533.9114990234375,533.4425048828125,0.6666485071182251,0.2802036702632904,0.5039972066879272,0.2874978184700012,0.0,0.0,1.0,0.16572398190045243,0.3718428437792329,325.0,404.5,533.677001953125,13.6021001981951,-132.557324838475,96.0,95.0,321.944444444444,402.444444444444,46614.0663,46913.8504,299.784099999997,0.30394519087689,,,,,,,,,,
2850,46838.9046,,,,,,Frage 1,,,,,,1.0,369.0,421.0,297.0,394.0,0.8737562344295279,0.873530955722443,46856.35999999999,533.7808837890625,533.316650390625,0.6667739748954772,0.2802148163318634,0.5041132569313049,0.2875031530857086,0.0,0.0,1.0,0.1702488687782805,0.37464920486435915,333.0,407.5,533.548767089844,12.9957309468386,-36.4098265495586,96.0,95.0,321.944444444444,402.444444444444,46614.0663,46913.8504,299.784099999997,0.30394519087689,,,,,,,,,,
2851,46855.5675,,,,,,Frage 1,,,,,,1.0,365.0,425.0,307.0,403.0,0.8744027678620462,0.8708553399826449,46873.015000000014,533.4671630859375,533.007080078125,0.6668902039527893,0.2801739275455474,0.5042272210121154,0.2874230146408081,0.0,0.0,1.0,0.17194570135746606,0.38072965388213276,336.0,414.0,533.237121582031,10.4909108612035,-150.323178176412,96.0,95.0,321.944444444444,402.444444444444,46614.0663,46913.8504,299.784099999997,0.30394519087689,,,,,,,,,,
2852,46872.2137,,,,,,Frage 1,,,,,,1.0,351.0,422.0,300.0,410.0,0.8735215852300812,0.8681824025368801,46889.669,533.4088134765625,532.9495849609375,0.6668859124183654,0.2801791131496429,0.5042306184768676,0.2873871028423309,0.0,0.0,1.0,0.1660067873303167,0.382600561272217,325.5,416.0,533.17919921875,21.4275812210405,657.007026218304,96.0,95.0,321.944444444444,402.444444444444,46614.0663,46913.8504,299.784099999997,0.30394519087689,,,,,,,,,,
2853,46888.8693,,,,,,Frage 1,,,,,,1.0,349.0,425.0,276.0,390.0,0.871447186456248,0.8634257523327942,46906.324000000015,533.541015625,533.0850830078125,0.6669108271598815,0.2802141308784484,0.504276156425476,0.2873956263065338,0.0,0.0,1.0,0.35678550799128406,0.37464920486435915,312.5,407.5,533.313049316406,15.5439216550312,-353.254134706041,96.0,95.0,321.944444444444,402.444444444444,46614.0663,46913.8504,299.784099999997,0.30394519087689,,,,,,,,,,
2854,46905.5239,,,,,,Frage 1,,,,,,1.0,346.0,424.0,273.0,393.0,0.8707682015386996,0.8626785082973548,46922.97900000005,533.7933349609375,533.33984375,0.6668857336044312,0.280198723077774,0.5042600035667419,0.2873300611972808,0.0,0.0,1.0,0.1569570135746606,0.37558465855940126,309.5,408.5,533.566589355469,9.1592068777557,-383.360439594761,96.0,95.0,321.944444444444,402.444444444444,46614.0663,46913.8504,299.784099999997,0.30394519087689,,,,,,,,,,
2855,46922.1769,,,,,,Frage 1,,,,,,1.0,356.0,424.0,284.0,405.0,0.871549533447496,0.8670360926903998,46939.63300000003,533.4080810546875,532.9525146484375,0.6668906211853027,0.2801975905895233,0.5042365789413452,0.2873004972934722,0.0,0.0,1.0,0.16289592760180988,0.29410232822561677,320.0,414.5,533.180297851563,66.3009165816624,3431.31626156921,,,,,,,,,125.0,125.0,46913.8504,46963.81475,49.964350000002,3.39473198265113,90.8984509363468,3431.31626156921,-3363.80249168397,3.38300579133062
2856,46938.8333,,,,,,Frage 1,,,,,,1.0,415.0,429.0,353.0,401.0,0.8710178283466218,0.8655844573240631,46956.28800000006,534.1572265625,533.6854248046875,0.6663855910301208,0.2801965177059173,0.5037557482719421,0.2872808575630188,0.0,0.0,1.0,0.19909502262443432,0.38166510757717487,384.0,415.0,533.921325683594,90.8984509363468,1476.76174651693,,,,,,,,,125.0,125.0,46913.8504,46963.81475,49.964350000002,3.39473198265113,90.8984509363468,3431.31626156921,-3363.80249168397,3.38300579133062
2857,46955.4871,,,,,,Frage 1,,,,,,1.0,454.0,441.0,389.0,400.0,0.8756633832420531,0.8710689757600371,46972.94299999997,535.4089965820312,534.9308471679688,0.6659972667694091,0.2801719903945922,0.5033944249153137,0.2871999144554138,0.0,0.0,1.0,0.22030542986425336,0.3868101028999064,421.5,420.5,535.169921875,34.8783570003402,-3363.80249168397,,,,,,,,,125.0,125.0,46913.8504,46963.81475,49.964350000002,3.39473198265113,90.8984509363468,3431.31626156921,-3363.80249168397,3.38300579133062
2858,46972.1424,,,,,,Frage 1,,,,,,1.0,454.0,436.0,391.0,401.0,0.8756583907058948,0.8638221398498013,46989.59700000008,535.1448364257812,534.6777954101562,0.6662874817848204,0.2801990807056427,0.5036649107933044,0.287215381860733,0.0,0.0,1.0,0.22087104072398187,0.3849391955098222,422.5,418.5,534.911315917969,11.4827203210304,-1404.69620356955,97.0,96.0,418.222222222222,411.722222222222,46963.81475,47113.7084,149.893650000005,0.185497572789517,,,,,,,,,,
2859,46988.7971,,,,,,Frage 1,,,,,,1.0,438.0,421.0,392.0,399.0,0.8700867203530722,0.8608867295887211,47006.25199999998,534.9531860351562,534.4899291992188,0.6663979887962341,0.2801984250545501,0.5037549138069152,0.2871943414211273,0.0,0.0,1.0,0.21662895927601805,0.37698783910196443,415.0,410.0,534.721557617188,8.77572916665431,-162.536170232728,97.0,96.0,418.222222222222,411.722222222222,46963.81475,47113.7084,149.893650000005,0.185497572789517,,,,,,,,,,
2860,47005.4513,,,,,,Frage 1,,,,,,1.0,446.0,426.0,389.0,395.0,0.8698895151748136,0.8654868120407818,47022.90700000001,534.7155151367188,534.2556762695312,0.6665189266204834,0.2802304625511169,0.5038496255874633,0.2872173190116882,0.0,0.0,1.0,0.2180429864253393,0.3774555659494854,417.5,410.5,534.485595703125,3.6679590345358,-306.695616248116,97.0,96.0,418.222222222222,411.722222222222,46963.81475,47113.7084,149.893650000005,0.185497572789517,,,,,,,,,,
2861,47022.1053,,,,,,Frage 1,,,,,,1.0,446.0,421.0,391.0,403.0,0.863055630885128,0.8645693838852404,47039.561,534.6136474609375,534.1591796875,0.6666433811187744,0.2803025841712951,0.5039577484130859,0.2872641086578369,0.0,0.0,1.0,0.21860859728506785,0.3788587464920486,418.5,412.0,534.386413574219,6.70698683937173,182.480353358684,97.0,96.0,418.222222222222,411.722222222222,46963.81475,47113.7084,149.893650000005,0.185497572789517,,,,,,,,,,
2862,47038.7615,,,,,,Frage 1,,,,,,1.0,437.0,427.0,389.0,405.0,0.8689858661301354,0.8650530647728623,47056.216000000015,534.6128540039064,534.1611938476562,0.6666927337646484,0.2802910804748535,0.5040091276168823,0.2872336208820343,0.0,0.0,1.0,0.21549773755656101,0.382600561272217,413.0,416.0,534.387023925781,5.93361831226121,-46.4312704644896,97.0,96.0,418.222222222222,411.722222222222,46963.81475,47113.7084,149.893650000005,0.185497572789517,,,,,,,,,,
2863,47055.4163,,,,,,Frage 1,,,,,,1.0,434.0,427.0,390.0,398.0,0.8697597092346941,0.8606456831256762,47072.87100000004,534.8050537109375,534.3597412109375,0.6667611598968505,0.2803385257720947,0.5040935277938842,0.2872310876846313,0.0,0.0,1.0,0.2149321266968325,0.37932647333956965,412.0,412.5,534.582397460938,7.23390099932602,78.0725488787062,97.0,96.0,418.222222222222,411.722222222222,46963.81475,47113.7084,149.893650000005,0.185497572789517,,,,,,,,,,
2864,47072.0704,,,,,,Frage 1,,,,,,1.0,443.0,421.0,391.0,398.0,0.8702564665824593,0.8607983458856047,47089.52600000007,534.8001098632812,534.3635864257812,0.6669236421585083,0.2804362475872039,0.5042327642440795,0.2872655391693115,0.0,0.0,1.0,0.21776018099547506,0.3765201122544434,417.0,409.5,534.581848144531,11.1131118168275,232.928276970931,97.0,96.0,418.222222222222,411.722222222222,46963.81475,47113.7084,149.893650000005,0.185497572789517,,,,,,,,,,
2865,47088.725,,,,,,Frage 1,,,,,,1.0,447.0,421.0,401.0,400.0,0.8725355593387886,0.8657451549660928,47106.18000000005,534.7365112304688,534.3076782226562,0.6670700311660765,0.2806044816970825,0.504362940788269,0.2873700857162475,0.0,0.0,1.0,0.22171945701357462,0.3774555659494854,424.0,410.5,534.522094726563,7.65889964640305,-207.402889917749,97.0,96.0,418.222222222222,411.722222222222,46963.81475,47113.7084,149.893650000005,0.185497572789517,,,,,,,,,,
2866,47105.3807,,,,,,Frage 1,,,,,,1.0,448.0,419.0,401.0,393.0,0.8725280705345508,0.8657639030243296,47122.83499999996,534.4131469726562,533.9955444335938,0.6673399806022644,0.2807657420635223,0.5045969486236572,0.287464439868927,0.0,0.0,1.0,0.22200226244343887,0.37324602432179604,424.5,406.0,534.204345703125,10.7496648728412,185.568017341669,97.0,96.0,418.222222222222,411.722222222222,46963.81475,47113.7084,149.893650000005,0.185497572789517,,,,,,,,,,
2867,47122.0361,,,,,,Frage 1,,,,,,1.0,441.0,425.0,391.0,379.0,0.8668790158712724,0.8570540908263072,47139.48999999999,538.2481079101562,537.8735961914064,0.6674945950508117,0.2815103530883789,0.5049260854721069,0.2880521416664123,0.0,0.0,1.0,0.21719457013574656,0.36950420954162766,416.0,402.0,538.060852050781,,,,,,,,,,,,,,,,,,,,
2868,47138.69,,,,,,Frage 1,,,,,,1.0,-1.0,612.0,-1.0,598.0,0.8786614012051982,0.8677833367258391,47156.14399999997,535.4012451171875,535.146728515625,0.670686364173889,0.2825358510017395,0.5081457495689392,0.2891954779624939,0.0,0.0,1.0,0.4364697964109762,0.5594013096351731,,605.0,535.273986816406,,,,,,,,,,,,,,,,,,,,
2869,47155.3435,,,,,,Frage 1,,,,,,1.0,-1.0,612.0,-1.0,598.0,0.8786614012051982,0.8677833367258391,47172.799,536.0070190429688,535.8018188476562,0.6718644499778746,0.28371262550354,0.509055495262146,0.2904454469680786,0.0,0.0,1.0,0.4364697964109762,0.5594013096351731,,605.0,535.904418945313,,,,,,,,,,,,,,,,,,,,
2870,47171.9993,,,,,,Frage 1,,,,,,1.0,-1.0,-1.0,-1.0,-1.0,0.0,0.018097082863962055,47189.45400000003,-1.0,-1.0,-1.0,-1.0,-1.0,-1.0,4.0,4.0,1.0,0.47307184518740275,0.394481298666511,,,,,,,,,,,,,,,,,,,,,,,
2871,47188.6527,,,,,,Frage 1,,,,,,1.0,-1.0,-1.0,-1.0,-1.0,0.0,0.0,47206.10800000001,-1.0,-1.0,-1.0,-1.0,-1.0,-1.0,4.0,4.0,1.0,0.4759322966953752,0.3954061960765668,,,,,,,,,,,,,,,,,,,,,,,
2872,47205.3084,,,,,,Frage 1,,,,,,1.0,-1.0,-1.0,-1.0,-1.0,0.03388974098219233,0.0,47222.76300000004,-1.0,-1.0,-1.0,-1.0,-1.0,-1.0,4.0,4.0,1.0,0.4762576401214801,0.3955127310509079,,,,,,,,,,,,,,,,,,,,,,,
2873,47221.9633,,,,,,Frage 1,,,,,,1.0,-1.0,-1.0,-1.0,-1.0,0.0,0.0,47239.41800000006,-1.0,-1.0,-1.0,-1.0,-1.0,-1.0,4.0,4.0,1.0,0.4759322966953752,0.3954061960765668,,,,,,,,,,,,,,,,,,,,,,,
2874,47238.6166,,,,,,Frage 1,,,,,,1.0,-1.0,-1.0,-1.0,-1.0,0.0,0.0,47256.07200000005,-1.0,-1.0,-1.0,-1.0,-1.0,-1.0,4.0,4.0,1.0,0.4759322966953752,0.3954061960765668,,,,,,,,,,,,,,,,,,,,,,,
2875,47255.272,,,,,,Frage 1,,,,,,1.0,-1.0,-1.0,-1.0,-1.0,0.0,0.0,47272.72700000007,-1.0,-1.0,-1.0,-1.0,-1.0,-1.0,4.0,4.0,1.0,0.4759322966953752,0.3954061960765668,,,,,,,,,,,,,,,,,,,,,,,
2876,47271.9262,,,,,,Frage 1,,,,,,1.0,-1.0,-1.0,-1.0,-1.0,0.0,0.0,47289.38199999998,-1.0,-1.0,-1.0,-1.0,-1.0,-1.0,4.0,4.0,1.0,0.4759322966953752,0.3954061960765668,,,,,,,,,,,,,,,,,,,,,,,
2877,47288.5809,,,,,,Frage 1,,,,,,1.0,-1.0,-1.0,-1.0,-1.0,0.03388974098219233,0.0,47306.03599999997,-1.0,-1.0,-1.0,-1.0,-1.0,-1.0,4.0,4.0,1.0,0.4762576401214801,0.3955127310509079,,,,,,,,,,,,,,,,,,,,,,,
2878,47305.2364,,,,,,Frage 1,,,,,,1.0,-1.0,-1.0,-1.0,-1.0,0.0,0.0,47322.69099999999,-1.0,-1.0,-1.0,-1.0,-1.0,-1.0,4.0,4.0,1.0,0.4759322966953752,0.3954061960765668,,,,,,,,,,,,,,,,,,,,,,,
2879,47321.89,,,,,,Frage 1,,,,,,1.0,-1.0,-1.0,-1.0,-1.0,0.0,0.0,47339.34600000002,-1.0,-1.0,-1.0,-1.0,-1.0,-1.0,4.0,4.0,1.0,0.4759322966953752,0.3954061960765668,,,,,,,,,,,,,,,,,,,,,,,
2880,47338.5462,,,,,,Frage 1,,,,,,1.0,-1.0,-1.0,-1.0,-1.0,0.0,0.0,47356.00100000005,-1.0,-1.0,-1.0,-1.0,-1.0,-1.0,4.0,4.0,1.0,0.4759322966953752,0.3954061960765668,,,,,,,,,,,,,,,,,,,,,,,
2881,47355.1995,,,,,,Frage 1,,,,,,1.0,-1.0,-1.0,-1.0,-1.0,0.0,0.0,47372.65500000002,-1.0,-1.0,-1.0,-1.0,-1.0,-1.0,4.0,4.0,1.0,0.4759322966953752,0.3954061960765668,,,,,,,,,,,,,,,,,,,,,,,
2882,47371.8557,,,,,,Frage 1,,,,,,1.0,-1.0,-1.0,-1.0,-1.0,0.0,0.0,47389.310000000056,-1.0,-1.0,-1.0,-1.0,-1.0,-1.0,4.0,4.0,1.0,0.4759322966953752,0.3954061960765668,,,,,,,,,,,,,,,,,,,,,,,
2883,47388.5104,,,,,,Frage 1,,,,,,1.0,-1.0,-1.0,-1.0,-1.0,0.0,0.0,47405.96499999997,-1.0,-1.0,-1.0,-1.0,-1.0,-1.0,4.0,4.0,1.0,0.4759322966953752,0.3954061960765668,,,,,,,,,,,,,,,,,,,,,,,
2884,47405.1637,,,,,,Frage 1,,,,,,1.0,-1.0,-1.0,-1.0,-1.0,0.03388974098219233,0.0,47422.619000000064,-1.0,-1.0,-1.0,-1.0,-1.0,-1.0,4.0,4.0,1.0,0.4762576401214801,0.3955127310509079,,,,,,,,,,,,,,,,,,,,,,,
2885,47421.8193,,,,,,Frage 1,,,,,,1.0,-1.0,-1.0,-1.0,-1.0,0.0,0.0,47439.273999999976,-1.0,-1.0,-1.0,-1.0,-1.0,-1.0,4.0,4.0,1.0,0.4759322966953752,0.3954061960765668,,,,,,,,,,,,,,,,,,,,,,,
2886,47435.1546,,,,,,Frage 1,1.0,1.95103919506073,29.4079580333508,1.16150403022766,203.86328125,,,,,,0.6585048574425887,0.6495113533451946,,,,,,,,,,,0.37959439571535225,0.3642823432120883,,,,,,,,,,,,,,,,,,,,,,,
2887,47438.4737,,,,,,Frage 1,,,,,,1.0,-1.0,-1.0,-1.0,-1.0,0.0,0.0,47455.929,-1.0,-1.0,-1.0,-1.0,-1.0,-1.0,4.0,4.0,1.0,0.4759322966953752,0.3954061960765668,,,,,,,,,,,,,,,,,,,,,,,
2888,47455.1279,,,,,,Frage 1,,,,,,1.0,-1.0,-1.0,-1.0,-1.0,0.0,0.0,47472.582999999984,-1.0,-1.0,-1.0,-1.0,-1.0,-1.0,4.0,4.0,1.0,0.4759322966953752,0.3954061960765668,,,,,,,,,,,,,,,,,,,,,,,
2889,47471.783,,,,,,Frage 1,,,,,,1.0,-1.0,-1.0,-1.0,-1.0,0.0,0.0,47489.238000000005,-1.0,-1.0,-1.0,-1.0,-1.0,-1.0,4.0,4.0,1.0,0.4759322966953752,0.3954061960765668,,,,,,,,,,,,,,,,,,,,,,,
2890,47488.4374,,,,,,Frage 1,,,,,,1.0,-1.0,-1.0,-1.0,-1.0,0.0,0.0,47505.89300000004,-1.0,-1.0,-1.0,-1.0,-1.0,-1.0,4.0,4.0,1.0,0.4759322966953752,0.3954061960765668,,,,,,,,,,,,,,,,,,,,,,,
2891,47505.0916,,,,,,Frage 1,,,,,,1.0,-1.0,-1.0,-1.0,-1.0,0.0,0.018097082863962055,47522.54700000002,-1.0,-1.0,-1.0,-1.0,-1.0,-1.0,4.0,4.0,1.0,0.47307184518740275,0.394481298666511,,,,,,,,,,,,,,,,,,,,,,,
2892,47521.746,,,,,,Frage 1,,,,,,1.0,-1.0,-1.0,-1.0,-1.0,0.03388974098219233,0.0,47539.20200000005,-1.0,-1.0,-1.0,-1.0,-1.0,-1.0,4.0,4.0,1.0,0.4762576401214801,0.3955127310509079,,,,,,,,,,,,,,,,,,,,,,,
2893,47538.4014,,,,,,Frage 1,,,,,,1.0,-1.0,-1.0,-1.0,-1.0,0.0,0.0,47555.85699999996,-1.0,-1.0,-1.0,-1.0,-1.0,-1.0,4.0,4.0,1.0,0.4759322966953752,0.3954061960765668,,,,,,,,,,,,,,,,,,,,,,,
2894,47555.0665,,,,,,Frage 1,,,,,,1.0,-1.0,-1.0,-1.0,-1.0,0.0,0.0,47572.51100000006,-1.0,-1.0,-1.0,-1.0,-1.0,-1.0,4.0,4.0,1.0,0.4759322966953752,0.3954061960765668,,,,,,,,,,,,,,,,,,,,,,,
2895,47571.7099,,,,,,Frage 1,,,,,,1.0,-1.0,-1.0,-1.0,-1.0,0.0,0.0,47589.16599999997,-1.0,-1.0,-1.0,-1.0,-1.0,-1.0,4.0,4.0,1.0,0.4759322966953752,0.3954061960765668,,,,,,,,,,,,,,,,,,,,,,,
2896,47588.3658,,,,,,Frage 1,,,,,,1.0,-1.0,-1.0,-1.0,-1.0,0.0,0.0,47605.821,-1.0,-1.0,-1.0,-1.0,-1.0,-1.0,4.0,4.0,1.0,0.4759322966953752,0.3954061960765668,,,,,,,,,,,,,,,,,,,,,,,
2897,47605.0198,,,,,,Frage 1,,,,,,1.0,-1.0,-1.0,-1.0,-1.0,0.0,0.0,47622.47600000002,-1.0,-1.0,-1.0,-1.0,-1.0,-1.0,4.0,4.0,1.0,0.4759322966953752,0.3954061960765668,,,,,,,,,,,,,,,,,,,,,,,
2898,47621.6751,,,,,,Frage 1,,,,,,1.0,-1.0,-1.0,-1.0,-1.0,0.0,0.0,47639.130000000005,-1.0,-1.0,-1.0,-1.0,-1.0,-1.0,4.0,4.0,1.0,0.4759322966953752,0.3954061960765668,,,,,,,,,,,,,,,,,,,,,,,
2899,47638.3308,,,,,,Frage 1,,,,,,1.0,-1.0,-1.0,-1.0,-1.0,0.0,0.0,47655.78500000003,-1.0,-1.0,-1.0,-1.0,-1.0,-1.0,4.0,4.0,1.0,0.4759322966953752,0.3954061960765668,,,,,,,,,,,,,,,,,,,,,,,
2900,47654.9843,,,,,,Frage 1,,,,,,1.0,-1.0,-1.0,-1.0,-1.0,0.0,0.0,47672.44000000006,-1.0,-1.0,-1.0,-1.0,-1.0,-1.0,4.0,4.0,1.0,0.4759322966953752,0.3954061960765668,,,,,,,,,,,,,,,,,,,,,,,
2901,47671.6391,,,,,,Frage 1,,,,,,1.0,-1.0,-1.0,-1.0,-1.0,0.0,0.0,47689.09400000004,-1.0,-1.0,-1.0,-1.0,-1.0,-1.0,4.0,4.0,1.0,0.4759322966953752,0.3954061960765668,,,,,,,,,,,,,,,,,,,,,,,
2902,47688.2935,,,,,,Frage 1,,,,,,1.0,-1.0,-1.0,-1.0,-1.0,0.03388974098219233,0.0,47705.74900000007,-1.0,-1.0,-1.0,-1.0,-1.0,-1.0,4.0,4.0,1.0,0.4762576401214801,0.3955127310509079,,,,,,,,,,,,,,,,,,,,,,,
2903,47704.9488,,,,,,Frage 1,,,,,,1.0,-1.0,-1.0,-1.0,-1.0,0.0,0.0,47722.40399999998,-1.0,-1.0,-1.0,-1.0,-1.0,-1.0,4.0,4.0,1.0,0.4759322966953752,0.3954061960765668,,,,,,,,,,,,,,,,,,,,,,,
2904,47721.6029,,,,,,Frage 1,,,,,,1.0,-1.0,-1.0,-1.0,-1.0,0.0,0.0,47739.05799999996,-1.0,-1.0,-1.0,-1.0,-1.0,-1.0,4.0,4.0,1.0,0.4759322966953752,0.3954061960765668,,,,,,,,,,,,,,,,,,,,,,,
2905,47738.2573,,,,,,Frage 1,,,,,,1.0,-1.0,-1.0,-1.0,-1.0,0.0,0.0,47755.71299999999,-1.0,-1.0,-1.0,-1.0,-1.0,-1.0,4.0,4.0,1.0,0.4759322966953752,0.3954061960765668,,,,,,,,,,,,,,,,,,,,,,,
2906,47754.913,,,,,,Frage 1,,,,,,1.0,-1.0,-1.0,-1.0,-1.0,0.0,0.0,47772.36800000002,-1.0,-1.0,-1.0,-1.0,-1.0,-1.0,4.0,4.0,1.0,0.4759322966953752,0.3954061960765668,,,,,,,,,,,,,,,,,,,,,,,
2907,47771.5665,,,,,,Frage 1,,,,,,1.0,-1.0,-1.0,-1.0,-1.0,0.0,0.0,47789.022,-1.0,-1.0,-1.0,-1.0,-1.0,-1.0,4.0,4.0,1.0,0.4759322966953752,0.3954061960765668,,,,,,,,,,,,,,,,,,,,,,,
2908,47788.2218,,,,,,Frage 1,,,,,,1.0,-1.0,-1.0,-1.0,-1.0,0.0,0.018097082863962055,47805.677000000025,-1.0,-1.0,-1.0,-1.0,-1.0,-1.0,4.0,4.0,1.0,0.47307184518740275,0.394481298666511,,,,,,,,,,,,,,,,,,,,,,,
2909,47804.8769,,,,,,Frage 1,,,,,,1.0,-1.0,-1.0,-1.0,-1.0,0.03388974098219233,0.0,47822.332000000046,-1.0,-1.0,-1.0,-1.0,-1.0,-1.0,4.0,4.0,1.0,0.4762576401214801,0.3955127310509079,,,,,,,,,,,,,,,,,,,,,,,
2910,47821.5298,,,,,,Frage 1,,,,,,1.0,-1.0,-1.0,-1.0,-1.0,0.03388974098219233,0.0,47838.98600000003,-1.0,-1.0,-1.0,-1.0,-1.0,-1.0,4.0,4.0,1.0,0.4762576401214801,0.3955127310509079,,,,,,,,,,,,,,,,,,,,,,,
2911,47838.1867,,,,,,Frage 1,,,,,,1.0,-1.0,-1.0,-1.0,-1.0,0.0,0.0,47855.64100000006,-1.0,-1.0,-1.0,-1.0,-1.0,-1.0,4.0,4.0,1.0,0.4759322966953752,0.3954061960765668,,,,,,,,,,,,,,,,,,,,,,,
2912,47854.8407,,,,,,Frage 1,,,,,,1.0,-1.0,-1.0,-1.0,-1.0,0.0,0.0,47872.295999999966,-1.0,-1.0,-1.0,-1.0,-1.0,-1.0,4.0,4.0,1.0,0.4759322966953752,0.3954061960765668,,,,,,,,,,,,,,,,,,,,,,,
2913,47871.4965,,,,,,Frage 1,,,,,,1.0,-1.0,-1.0,-1.0,-1.0,0.0,0.0,47888.951,-1.0,-1.0,-1.0,-1.0,-1.0,-1.0,4.0,4.0,1.0,0.4759322966953752,0.3954061960765668,,,,,,,,,,,,,,,,,,,,,,,
2914,47888.1506,,,,,,Frage 1,,,,,,1.0,-1.0,-1.0,-1.0,-1.0,0.0,0.0,47905.60499999998,-1.0,-1.0,-1.0,-1.0,-1.0,-1.0,4.0,4.0,1.0,0.4759322966953752,0.3954061960765668,,,,,,,,,,,,,,,,,,,,,,,
2915,47904.8041,,,,,,Frage 1,,,,,,1.0,-1.0,-1.0,-1.0,-1.0,0.0,0.0,47922.26000000001,-1.0,-1.0,-1.0,-1.0,-1.0,-1.0,4.0,4.0,1.0,0.4759322966953752,0.3954061960765668,,,,,,,,,,,,,,,,,,,,,,,
2916,47921.4609,,,,,,Frage 1,,,,,,1.0,-1.0,-1.0,-1.0,-1.0,0.0,0.0,47938.91500000004,-1.0,-1.0,-1.0,-1.0,-1.0,-1.0,4.0,4.0,1.0,0.4759322966953752,0.3954061960765668,,,,,,,,,,,,,,,,,,,,,,,
2917,47938.113,,,,,,Frage 1,,,,,,1.0,-1.0,-1.0,-1.0,-1.0,0.0,0.0,47955.56900000002,-1.0,-1.0,-1.0,-1.0,-1.0,-1.0,4.0,4.0,1.0,0.4759322966953752,0.3954061960765668,,,,,,,,,,,,,,,,,,,,,,,
2918,47954.7697,,,,,,Frage 1,,,,,,1.0,-1.0,-1.0,-1.0,-1.0,0.0,0.018097082863962055,47972.224000000046,-1.0,-1.0,-1.0,-1.0,-1.0,-1.0,4.0,4.0,1.0,0.47307184518740275,0.394481298666511,,,,,,,,,,,,,,,,,,,,,,,
2919,47971.4244,,,,,,Frage 1,,,,,,1.0,-1.0,-1.0,-1.0,-1.0,0.0,0.0,47988.87900000008,-1.0,-1.0,-1.0,-1.0,-1.0,-1.0,4.0,4.0,1.0,0.4759322966953752,0.3954061960765668,,,,,,,,,,,,,,,,,,,,,,,
2920,47988.0778,,,,,,Frage 1,,,,,,1.0,-1.0,-1.0,287.0,448.0,0.0,0.9301741962439604,48005.53300000005,-1.0,528.8809814453125,-1.0,-1.0,0.5155704021453857,0.2882358431816101,4.0,0.0,1.0,0.14423076923076922,0.41253507951356405,287.0,448.0,528.880981445313,,,,,,,,,,,,,,,,,,,,
2921,48004.7344,,,,,,Frage 1,,,,,,1.0,415.0,354.0,346.0,365.0,0.925244259831552,0.9176987026343701,48022.187999999966,528.7493286132812,528.7539672851562,0.6765384078025817,0.2827483713626861,0.512614905834198,0.2868929803371429,0.0,0.0,1.0,0.3303455125072865,0.3297474275023386,380.5,359.5,528.751647949219,148.200635018076,,,,,,,,,,126.0,126.0,47996.4061,48029.7143,33.3081999999995,1.02324746915705,148.200635018076,,-6996.36087512352,316.33221985387
2922,48021.387,,,,,,Frage 1,,,,,,1.0,435.0,354.0,370.0,323.0,0.9251768605934129,0.9166889857836152,48038.84299999999,531.5704345703125,531.5447998046875,0.6751126646995544,0.2819707989692688,0.5119004249572753,0.2862462401390075,0.0,0.0,1.0,0.20955882352941171,0.31010289990645457,402.5,338.5,531.5576171875,31.6930359089848,-6996.36087512352,,,,,,,,,126.0,126.0,47996.4061,48029.7143,33.3081999999995,1.02324746915705,148.200635018076,,-6996.36087512352,316.33221985387
2923,48038.0416,,,,,,Frage 1,,,,,,1.0,443.0,356.0,363.0,313.0,0.9221663612898716,0.9153900131772066,48055.49699999997,531.8905639648438,531.8705444335938,0.6750791668891906,0.2820875942707061,0.51214599609375,0.2864052951335907,0.0,0.0,1.0,0.20984162895927597,0.3063610851262862,403.0,334.5,531.880554199219,5.53629366940684,-1570.54160649831,98.0,97.0,401.0,340.0,48029.7143,48096.33355,66.6192499999961,0.240029592287935,,,,,,,,,,
2924,48054.6964,,,,,,Frage 1,,,,,,1.0,445.0,358.0,366.0,309.0,0.923094973015342,0.9095486538894186,48072.152,531.9717407226562,531.8960571289064,0.6742337346076965,0.2826217710971832,0.5110425353050231,0.2873577773571014,0.0,0.0,1.0,0.21125565610859723,0.3054256314312441,405.5,333.5,531.933898925781,11.1825289173889,339.015493910512,98.0,97.0,401.0,340.0,48029.7143,48096.33355,66.6192499999961,0.240029592287935,,,,,,,,,,
2925,48071.3513,,,,,,Frage 1,,,,,,1.0,444.0,363.0,357.0,329.0,0.9229501894667472,0.909382599659321,48088.80700000003,532.135498046875,532.0313720703125,0.6740223169326782,0.2824764251708984,0.5104891657829284,0.2876159250736236,0.0,0.0,1.0,0.2084276018099547,0.3171188026192703,400.5,346.0,532.083435058594,15.4154762669392,254.15627530336,98.0,97.0,401.0,340.0,48029.7143,48096.33355,66.6192499999961,0.240029592287935,,,,,,,,,,
2926,48088.0069,,,,,,Frage 1,,,,,,1.0,433.0,363.0,357.0,329.0,0.9220190814731976,0.909382599659321,48105.46100000001,532.1058959960938,532.0375366210938,0.6746516823768615,0.2816999852657318,0.5112472772598265,0.286670833826065,0.0,0.0,1.0,0.20531674208144793,0.3078526281728829,395.0,346.0,532.071716308594,24.9035200432412,569.66088140343,98.0,97.0,401.0,340.0,48029.7143,48096.33355,66.6192499999961,0.240029592287935,,,,,,,,,,
2927,48104.6602,,,,,,Frage 1,,,,,,1.0,422.0,363.0,-1.0,-1.0,0.9216396487251559,0.0,48122.11600000004,532.1943969726562,-1.0,0.6740748286247253,0.2818638682365417,-1.0,-1.0,0.0,4.0,1.0,0.2205882352941176,0.3330215154349859,422.0,363.0,532.194396972656,30.7036883056157,348.289423860447,,,,,,,,,127.0,127.0,48096.33355,48112.9882,16.654650000004,,30.7036883056157,348.289423860447,,
2928,48121.3162,,,,,,Frage 1,,,,,,1.0,426.0,360.0,-1.0,-1.0,0.920863309352518,0.0,48138.77100000007,532.4135131835938,-1.0,0.6733940243721008,0.2821213006973266,-1.0,-1.0,0.0,4.0,1.0,0.45528796955218903,0.33021515434985965,426.0,360.0,532.413513183594,4.99390213987116,-1543.57505798153,,,,,,,,,,,,,,,,,,
2929,48137.9703,,,,,,Frage 1,,,,,,1.0,427.0,361.0,-1.0,-1.0,0.03308175604369534,0.0,48155.42599999998,532.7669067382812,-1.0,0.6736921072006224,0.2821983098983764,-1.0,-1.0,0.0,4.0,1.0,0.22341628959276014,0.3311506080449017,427.0,361.0,532.766906738281,45.6139430711476,2439.04149316247,,,,,,,,,128.0,128.0,48129.64325,48179.6076,49.964350000002,1.65074951383169,59.918538048022,2439.04149316247,,149.53445508054
2930,48154.6254,,,,,,Frage 1,,,,,,1.0,420.0,362.0,336.0,325.0,0.9232572304404915,0.9326114438147478,48172.08000000008,532.8761596679688,532.6803588867188,0.6731578707695007,0.2820335328578949,0.5083779096603394,0.2881412506103515,0.0,0.0,1.0,0.32180311866966577,0.31478016838166506,378.0,343.5,532.778259277344,45.8179011500337,12.2459834456747,,,,,,,,,128.0,128.0,48129.64325,48179.6076,49.964350000002,1.65074951383169,59.918538048022,2439.04149316247,,149.53445508054
2931,48171.2807,,,,,,Frage 1,,,,,,1.0,423.0,392.0,346.0,380.0,0.9231798461300357,0.919581543340154,48188.73499999999,532.7769165039064,532.6625366210938,0.6744438409805297,0.2813532948493957,0.5102398991584777,0.2870861291885376,0.0,0.0,1.0,0.19937782805429857,0.3545369504209541,384.5,386.0,532.7197265625,59.918538048022,846.615605722106,,,,,,,,,128.0,128.0,48129.64325,48179.6076,49.964350000002,1.65074951383169,59.918538048022,2439.04149316247,,149.53445508054
2932,48187.9345,,,,,,Frage 1,,,,,,1.0,421.0,418.0,336.0,396.0,0.9224933724082497,0.917288750426849,48205.390000000014,532.7049560546875,532.59033203125,0.6741064190864563,0.2815023064613342,0.5102829933166503,0.2870159447193145,0.0,0.0,1.0,0.19598416289592754,0.3741814780168381,378.5,407.0,532.647644042969,24.4747005767072,-2128.27327524737,99.0,98.0,381.3,407.9,48179.6076,48262.88025,83.272649999999,0.188505633684268,,,,,,,,,,
2933,48204.5896,,,,,,Frage 1,,,,,,1.0,418.0,425.0,332.0,395.0,0.9203840258813075,0.9173424895278703,48222.044,532.5712890625,532.455322265625,0.6738722324371337,0.2815722525119781,0.5102876424789428,0.2869328260421752,0.0,0.0,1.0,0.19400452488687778,0.37698783910196443,375.0,410.0,532.513305664063,7.92572877967406,-993.627885574795,99.0,98.0,381.3,407.9,48179.6076,48262.88025,83.272649999999,0.188505633684268,,,,,,,,,,
2934,48221.2436,,,,,,Frage 1,,,,,,1.0,423.0,424.0,344.0,404.0,0.919725011108393,0.9120367890468488,48238.699000000015,532.7220458984375,532.5411376953125,0.6726250648498535,0.2819095253944397,0.5086157917976379,0.287302941083908,0.0,0.0,1.0,0.19881221719457007,0.38072965388213276,383.5,414.0,532.631591796875,10.5151389294659,155.482775897168,99.0,98.0,381.3,407.9,48179.6076,48262.88025,83.272649999999,0.188505633684268,,,,,,,,,,
2935,48237.8995,,,,,,Frage 1,,,,,,1.0,416.0,421.0,356.0,392.0,0.9185917054004263,0.9125162036789046,48255.35400000005,532.9751586914064,532.7857055664064,0.6726450324058532,0.2819966375827789,0.5083369016647338,0.2875378131866455,0.0,0.0,1.0,0.20022624434389133,0.3737137511693171,386.0,406.5,532.880432128906,11.3672292237469,51.15846602592,99.0,98.0,381.3,407.9,48179.6076,48262.88025,83.272649999999,0.188505633684268,,,,,,,,,,
2936,48254.5535,,,,,,Frage 1,,,,,,1.0,411.0,412.0,356.0,392.0,0.9185892091323473,0.9125162036789046,48272.00800000003,533.185546875,533.0343017578125,0.6732711791992188,0.2816078662872314,0.5091996192932128,0.2870372235774993,0.0,0.0,1.0,0.19881221719457007,0.36950420954162766,383.5,402.0,533.109924316406,24.4973132264117,788.404227372589,99.0,98.0,381.3,407.9,48179.6076,48262.88025,83.272649999999,0.188505633684268,,,,,,,,,,
2937,48271.207,,,,,,Frage 1,,,,,,1.0,413.0,409.0,-1.0,-1.0,0.9178003884193131,0.0,48288.66300000006,533.4240112304688,-1.0,0.6726514101028442,0.2818187773227691,-1.0,-1.0,0.0,4.0,1.0,0.21549773755656101,0.3760523854069223,413.0,409.0,533.424011230469,38.5628506161462,844.599476970858,,,,,,,,,129.0,129.0,48262.88025,48279.53515,16.6548999999941,,38.5628506161462,844.599476970858,,
2938,48287.8633,,,,,,Frage 1,,,,,,1.0,431.0,422.0,419.0,402.0,0.9164848551415633,0.9379037528256003,48305.31799999997,533.0824584960938,532.8638305664064,0.6721438765525817,0.282069444656372,0.5077060461044312,0.2877539992332458,0.0,0.0,1.0,0.22228506787330313,0.3788587464920486,425.0,412.0,532.97314453125,21.3741478967191,-1031.9640448018,100.0,99.0,433.327586206897,417.51724137931,48279.53515,48762.5212,482.986050000007,0.318444445864525,,,,,,,,,,
2939,48304.5162,,,,,,Frage 1,,,,,,1.0,463.0,432.0,401.0,413.0,0.9154863479098747,0.9200181052676686,48321.97200000008,532.2655639648438,532.0918579101562,0.6729885935783386,0.2816267907619476,0.508936583995819,0.2871652543544769,0.0,0.0,1.0,0.22624434389140266,0.3886810102899906,432.0,422.5,532.1787109375,15.0596853094523,-379.180958707883,100.0,99.0,433.327586206897,417.51724137931,48279.53515,48762.5212,482.986050000007,0.318444445864525,,,,,,,,,,
2940,48321.1725,,,,,,Frage 1,,,,,,1.0,473.0,434.0,401.0,412.0,0.9159182022875803,0.9163193812069464,48338.62699999998,532.7217407226562,532.5455932617188,0.6726117730140686,0.281701385974884,0.5088764429092407,0.2871147692203521,0.0,0.0,1.0,0.22907239819004518,0.38914873713751164,437.0,423.0,532.633666992188,13.0764724110953,-119.066833471818,100.0,99.0,433.327586206897,417.51724137931,48279.53515,48762.5212,482.986050000007,0.318444445864525,,,,,,,,,,
2941,48337.8278,,,,,,Frage 1,,,,,,1.0,470.0,436.0,413.0,389.0,0.9147000234649201,0.9161185091544091,48355.28200000001,532.8278198242188,532.6509399414064,0.6724349856376647,0.2817803621292114,0.5089330673217773,0.2871598005294799,0.0,0.0,1.0,0.23161764705882346,0.31637450429863406,441.5,412.5,532.739379882813,13.8902768641605,48.8615907888312,100.0,99.0,433.327586206897,417.51724137931,48279.53515,48762.5212,482.986050000007,0.318444445864525,,,,,,,,,,
2942,48354.48,,,,,,Frage 1,,,,,,1.0,464.0,440.0,411.0,377.0,0.915466377765241,0.9152052108888722,48371.936,532.9342651367188,532.7536010742188,0.6722283363342285,0.2817424237728118,0.5089106559753418,0.2871056795120239,0.0,0.0,1.0,0.22935520361990944,0.37558465855940126,437.5,408.5,532.843933105469,12.709115431606,-70.9312542819707,100.0,99.0,433.327586206897,417.51724137931,48279.53515,48762.5212,482.986050000007,0.318444445864525,,,,,,,,,,
2943,48371.1365,,,,,,Frage 1,,,,,,1.0,464.0,438.0,399.0,405.0,0.9154638814971617,0.915082009363316,48388.591000000015,533.0865478515625,532.903076171875,0.6720387935638427,0.2816835939884185,0.5088310837745667,0.2869833707809448,0.0,0.0,1.0,0.2259615384615384,0.38774555659494847,431.5,421.5,532.994812011719,17.3341840185629,277.673496050052,100.0,99.0,433.327586206897,417.51724137931,48279.53515,48762.5212,482.986050000007,0.318444445864525,,,,,,,,,,
2944,48387.7904,,,,,,Frage 1,,,,,,1.0,459.0,431.0,401.0,419.0,0.9129726059540987,0.9160113773930557,48405.24600000004,533.4674682617188,533.2816772460938,0.6718426942825317,0.2817519605159759,0.5087254643440245,0.2870018780231475,0.0,0.0,1.0,0.22511312217194565,0.39101964452759586,430.0,425.0,533.374572753906,7.90847695753746,-565.975961247927,100.0,99.0,433.327586206897,417.51724137931,48279.53515,48762.5212,482.986050000007,0.318444445864525,,,,,,,,,,
2945,48404.4468,,,,,,Frage 1,,,,,,1.0,463.0,430.0,407.0,398.0,0.9138038632244794,0.9062551094460856,48421.90100000007,533.7080078125,533.521728515625,0.6717649698257446,0.2818692624568939,0.5087110996246337,0.2871250510215759,0.0,0.0,1.0,0.22794117647058817,0.38072965388213276,435.0,414.0,533.614868164063,10.3473097182447,146.420160461278,100.0,99.0,433.327586206897,417.51724137931,48279.53515,48762.5212,482.986050000007,0.318444445864525,,,,,,,,,,
2946,48421.1003,,,,,,Frage 1,,,,,,1.0,479.0,438.0,397.0,397.0,0.9203515743962777,0.9184030939652679,48438.55500000005,533.9641723632812,533.7758178710938,0.6716439723968505,0.2819325625896453,0.5086370110511779,0.2871774435043335,0.0,0.0,1.0,0.3537679526140282,0.38400374181478014,438.0,417.5,533.869995117188,9.98681644201405,-21.6466974648341,100.0,99.0,433.327586206897,417.51724137931,48279.53515,48762.5212,482.986050000007,0.318444445864525,,,,,,,,,,
2947,48437.7544,,,,,,Frage 1,,,,,,1.0,473.0,434.0,391.0,414.0,0.921167854058183,0.9186789582507527,48455.20999999996,534.2828369140625,534.0936279296875,0.6715283989906311,0.2819477319717407,0.508554458618164,0.2871575951576232,0.0,0.0,1.0,0.22624434389140266,0.39008419083255375,432.0,424.0,534.188232421875,8.72877265474838,-75.5395840823395,100.0,99.0,433.327586206897,417.51724137931,48279.53515,48762.5212,482.986050000007,0.318444445864525,,,,,,,,,,
2948,48454.4101,,,,,,Frage 1,,,,,,1.0,460.0,429.0,399.0,414.0,0.9170115677062791,0.9172594624128214,48471.86499999999,534.5941162109375,534.403564453125,0.671412706375122,0.2819705307483673,0.5084671974182128,0.2871537208557128,0.0,0.0,1.0,0.2248303167420814,0.38774555659494847,429.5,421.5,534.498840332031,10.1375491984996,84.5822477440758,100.0,99.0,433.327586206897,417.51724137931,48279.53515,48762.5212,482.986050000007,0.318444445864525,,,,,,,,,,
2949,48457.1864,,,,,,Frage 1,1.0,1.96422207355499,29.4029707654101,0.955501735210419,202.73046875,,,,,,0.6585048574425887,0.6495113533451946,,,,,,,,,,,0.37959439571535225,0.3642823432120883,,,,,,,,,,,,,,,,,,,,,,,
2950,48471.0631,,,,,,Frage 1,,,,,,1.0,453.0,430.0,396.0,402.0,0.9179950973294926,0.9177228072806745,48488.51899999997,534.9247436523438,534.7321166992188,0.6713055372238159,0.2820166051387786,0.5083848237991333,0.2872068285942077,0.0,0.0,1.0,0.22200226244343887,0.382600561272217,424.5,416.0,534.828430175781,10.6040392370046,28.0123724557135,100.0,99.0,433.327586206897,417.51724137931,48279.53515,48762.5212,482.986050000007,0.318444445864525,,,,,,,,,,
2951,48487.7194,,,,,,Frage 1,,,,,,1.0,452.0,427.0,384.0,412.0,0.9199696453801567,0.9211885197604534,48505.174,535.2990112304688,535.1043090820312,0.6711971163749694,0.2819913327693939,0.5082900524139404,0.2871896922588348,0.0,0.0,1.0,0.3391637246036317,0.351219831564761,418.0,419.5,535.20166015625,6.39105112931993,-252.936613034351,100.0,99.0,433.327586206897,417.51724137931,48279.53515,48762.5212,482.986050000007,0.318444445864525,,,,,,,,,,
2952,48504.3741,,,,,,Frage 1,,,,,,1.0,450.0,424.0,385.0,409.0,0.9217544770568,0.9225678411878769,48521.82900000003,535.603271484375,535.4071044921875,0.671124279499054,0.2819876372814178,0.5082407593727111,0.2872195243835449,0.0,0.0,1.0,0.2180429864253393,0.38306828811973803,417.5,416.5,535.505187988281,8.16525627798273,106.528796595729,100.0,99.0,433.327586206897,417.51724137931,48279.53515,48762.5212,482.986050000007,0.318444445864525,,,,,,,,,,
2953,48521.0276,,,,,,Frage 1,,,,,,1.0,445.0,426.0,384.0,397.0,0.9203865221493869,0.9220161126169075,48538.48300000001,535.9125366210938,535.7151489257812,0.6710497140884399,0.2819869816303253,0.5081875920295715,0.2872411906719207,0.0,0.0,1.0,0.21634615384615377,0.37839101964452754,414.5,411.5,535.813842773438,14.7161773405662,393.366022913101,100.0,99.0,433.327586206897,417.51724137931,48279.53515,48762.5212,482.986050000007,0.318444445864525,,,,,,,,,,
2954,48537.6839,,,,,,Frage 1,,,,,,1.0,462.0,431.0,405.0,398.0,0.9209456861991324,0.9230044031153916,48555.13800000004,536.2783813476562,536.0785522460938,0.670944333076477,0.2820176482200622,0.5081024169921875,0.2872964143753051,0.0,0.0,1.0,0.22709276018099542,0.3811973807296538,433.5,414.5,536.178466796875,18.6830165675102,238.158488196267,100.0,99.0,433.327586206897,417.51724137931,48279.53515,48762.5212,482.986050000007,0.318444445864525,,,,,,,,,,
2955,48554.3374,,,,,,Frage 1,,,,,,1.0,467.0,432.0,402.0,401.0,0.9224234769020316,0.9223375079009675,48571.79300000006,536.3501586914064,536.1456909179688,0.670847475528717,0.2820444107055664,0.5080041885375975,0.2873512506484985,0.0,0.0,1.0,0.22765837104072392,0.3150926126794839,434.5,416.5,536.247924804688,3.34570079896231,-920.966509655887,100.0,99.0,433.327586206897,417.51724137931,48279.53515,48762.5212,482.986050000007,0.318444445864525,,,,,,,,,,
2956,48570.9923,,,,,,Frage 1,,,,,,1.0,463.0,427.0,397.0,404.0,0.9237764542009695,0.9229669069989179,48588.44700000005,535.9140014648438,535.7123413085938,0.6710035800933837,0.2820518016815185,0.5081397294998168,0.2873726785182952,0.0,0.0,1.0,0.22511312217194565,0.3142680695430268,430.0,415.5,535.813171386719,9.16728420037406,349.541780581767,100.0,99.0,433.327586206897,417.51724137931,48279.53515,48762.5212,482.986050000007,0.318444445864525,,,,,,,,,,
2957,48587.6478,,,,,,Frage 1,,,,,,1.0,460.0,423.0,390.0,416.0,0.9196887621717313,0.9236418370954437,48605.10200000007,535.684814453125,535.4847412109375,0.6710779070854187,0.2820699512958526,0.5082032680511473,0.2873834073543548,0.0,0.0,1.0,0.22228506787330313,0.3858746492048643,425.0,419.5,535.584777832031,5.98596684630842,-191.007015944613,100.0,99.0,433.327586206897,417.51724137931,48279.53515,48762.5212,482.986050000007,0.318444445864525,,,,,,,,,,
2958,48604.3015,,,,,,Frage 1,,,,,,1.0,459.0,421.0,392.0,419.0,0.9220864807113366,0.9231517092872523,48621.75699999998,535.3016967773438,535.1045532226562,0.6712095141410827,0.2820889055728912,0.5083318948745728,0.2874048948287963,0.0,0.0,1.0,0.22256787330316738,0.38634237605238536,425.5,420.0,535.203125,8.59060289846779,156.399842206775,100.0,99.0,433.327586206897,417.51724137931,48279.53515,48762.5212,482.986050000007,0.318444445864525,,,,,,,,,,
2959,48620.9568,,,,,,Frage 1,,,,,,1.0,469.0,421.0,399.0,413.0,0.9245727637182413,0.9238828835584885,48638.41099999997,535.3698120117188,535.1780395507812,0.6713032722473145,0.2821277678012847,0.5084351897239685,0.2874320745468139,0.0,0.0,1.0,0.22737556561085967,0.3150012164507895,434.0,417.0,535.27392578125,7.8865729500543,-42.2706254713843,100.0,99.0,433.327586206897,417.51724137931,48279.53515,48762.5212,482.986050000007,0.318444445864525,,,,,,,,,,
2960,48637.6108,,,,,,Frage 1,,,,,,1.0,477.0,421.0,390.0,413.0,0.9252367710273142,0.9244560384817286,48655.06599999999,535.3516235351562,535.1659545898438,0.6714279055595397,0.2821733653545379,0.5085459351539611,0.2874442040920257,0.0,0.0,1.0,0.22709276018099542,0.3835360149672591,433.5,417.0,535.2587890625,6.08854904498092,-107.96348655417,100.0,99.0,433.327586206897,417.51724137931,48279.53515,48762.5212,482.986050000007,0.318444445864525,,,,,,,,,,
2961,48654.2665,,,,,,Frage 1,,,,,,1.0,474.0,419.0,405.0,408.0,0.9236641221374046,0.9215581243371223,48671.72100000002,535.3717651367188,535.1935424804688,0.671556532382965,0.2822378575801849,0.5086739659309387,0.2874625027179718,0.0,0.0,1.0,0.23048642533936645,0.38026192703461176,439.5,413.5,535.282653808594,7.31651207065587,73.7262934416003,100.0,99.0,433.327586206897,417.51724137931,48279.53515,48762.5212,482.986050000007,0.318444445864525,,,,,,,,,,
2962,48670.9215,,,,,,Frage 1,,,,,,1.0,467.0,427.0,416.0,408.0,0.9244828980673893,0.9223857171935763,48688.37600000005,535.4155883789064,535.2435913085938,0.671656847000122,0.282283991575241,0.508786141872406,0.287474513053894,0.0,0.0,1.0,0.23161764705882346,0.3163754802823517,441.5,417.5,535.32958984375,4.24807200306107,-184.23536881387,100.0,99.0,433.327586206897,417.51724137931,48279.53515,48762.5212,482.986050000007,0.318444445864525,,,,,,,,,,
2963,48687.5743,,,,,,Frage 1,,,,,,1.0,476.0,426.0,410.0,407.0,0.9274609458859008,0.926301383071039,48705.03000000002,535.2571411132812,535.0908813476562,0.671783447265625,0.2824349403381347,0.5089128017425537,0.2875847220420837,0.0,0.0,1.0,0.2324660633484162,0.38306828811973803,443.0,416.5,535.174011230469,3.70390324546489,-32.6773129801632,100.0,99.0,433.327586206897,417.51724137931,48279.53515,48762.5212,482.986050000007,0.318444445864525,,,,,,,,,,
2964,48704.2306,,,,,,Frage 1,,,,,,1.0,485.0,431.0,406.0,403.0,0.9274609458859008,0.9269441736391588,48721.685000000056,535.3261108398438,535.1610717773438,0.6717844605445861,0.2824281156063079,0.5089063048362731,0.2875555157661438,0.0,0.0,1.0,0.2338800904977375,0.31710907814796047,445.5,417.0,535.243591308594,9.86399249389346,369.835392519809,100.0,99.0,433.327586206897,417.51724137931,48279.53515,48762.5212,482.986050000007,0.318444445864525,,,,,,,,,,
2965,48720.8839,,,,,,Frage 1,,,,,,1.0,484.0,434.0,419.0,412.0,0.9243473552297281,0.9284172353577664,48738.33999999997,535.2247314453125,535.061279296875,0.6718356609344482,0.2823292315006256,0.5089440941810607,0.2874446213245391,0.0,0.0,1.0,0.23727375565610856,0.38914873713751164,451.5,423.0,535.143005371094,3.83579139397406,-361.982375860645,100.0,99.0,433.327586206897,417.51724137931,48279.53515,48762.5212,482.986050000007,0.318444445864525,,,,,,,,,,
2966,48737.5381,,,,,,Frage 1,,,,,,1.0,476.0,428.0,416.0,414.0,0.9281249531949736,0.9300804559527762,48754.994000000064,535.5194091796875,535.352294921875,0.6716904640197753,0.282310277223587,0.5088122487068176,0.2874110341072082,0.0,0.0,1.0,0.23416289592760176,0.38727782974742747,446.0,421.0,535.435852050781,13.4547382665642,577.568833843222,100.0,99.0,433.327586206897,417.51724137931,48279.53515,48762.5212,482.986050000007,0.318444445864525,,,,,,,,,,
2967,48754.194,,,,,,Frage 1,,,,,,1.0,470.0,430.0,410.0,398.0,0.9308683518140379,0.9294108824443182,48771.648999999976,535.6868896484375,535.5172119140625,0.6716070771217346,0.2822777926921844,0.5087344050407409,0.2873858511447906,0.0,0.0,1.0,0.2307692307692307,0.38072965388213276,440.0,414.0,535.60205078125,16.3562861623464,174.205410442021,100.0,99.0,433.327586206897,417.51724137931,48279.53515,48762.5212,482.986050000007,0.318444445864525,,,,,,,,,,
2968,48770.8484,,,,,,Frage 1,,,,,,1.0,456.0,437.0,401.0,397.0,0.9318543777053307,0.9309883976302454,48788.304,535.0006103515625,534.8409423828125,0.6719634532928466,0.282334566116333,0.5090773701667785,0.2874600887298584,0.0,0.0,1.0,0.2242647058823529,0.3835360149672591,428.5,417.0,534.920776367188,35.2973142146831,1137.29873500921,,,,,,,,,130.0,130.0,48762.5212,48812.485,49.9637999999977,3.36516429394367,90.3101157497436,3303.06041603309,-697.199344335658,186.24631562099
2969,48787.5035,,,,,,Frage 1,,,,,,1.0,410.0,433.0,393.0,403.0,0.9297125796933584,0.9251282902842205,48804.957999999984,535.6704711914064,535.5228881835938,0.6721444725990295,0.2824237346649169,0.5092760920524597,0.2875908315181732,0.0,0.0,1.0,0.2089932126696832,0.38447146866230114,401.5,418.0,535.5966796875,90.3101157497436,3303.06041603309,,,,,,,,,130.0,130.0,48762.5212,48812.485,49.9637999999977,3.36516429394367,90.3101157497436,3303.06041603309,-697.199344335658,186.24631562099
2970,48804.1569,,,,,,Frage 1,,,,,,1.0,349.0,428.0,307.0,384.0,0.9298049416122897,0.92596659631681,48821.613000000005,536.7390747070312,536.5972290039064,0.67210054397583,0.2824431061744689,0.5092835426330566,0.2876553535461425,0.0,0.0,1.0,0.16742081447963794,0.37324602432179604,328.0,406.0,536.668151855469,78.6993761887822,-697.199344335658,,,,,,,,,130.0,130.0,48762.5212,48812.485,49.9637999999977,3.36516429394367,90.3101157497436,3303.06041603309,-697.199344335658,186.24631562099
2971,48820.8131,,,,,,Frage 1,,,,,,1.0,346.0,423.0,282.0,381.0,0.9298274080250026,0.9348638890972006,48838.26800000004,536.140625,535.9952392578125,0.672153353691101,0.2825293242931366,0.509333312511444,0.2877875566482543,0.0,0.0,1.0,0.15950226244343885,0.29301177347283414,314.0,402.0,536.067932128906,15.339251402713,-3803.99639690195,101.0,100.0,310.017857142857,421.357142857143,48812.485,49745.148,932.663000000001,0.405125889834127,,,,,,,,,,
2972,48837.4676,,,,,,Frage 1,,,,,,1.0,348.0,427.0,273.0,386.0,0.9305263630871846,0.9355200711354896,48854.92200000002,535.5301513671875,535.3817138671875,0.6722314357757568,0.2824386060237884,0.5093941092491149,0.2877430319786071,0.0,0.0,1.0,0.1575226244343891,0.3737137511693171,310.5,406.5,535.455932617188,6.15924074778917,-551.203017498064,101.0,100.0,310.017857142857,421.357142857143,48812.485,49745.148,932.663000000001,0.405125889834127,,,,,,,,,,
2973,48854.1212,,,,,,Frage 1,,,,,,1.0,349.0,430.0,282.0,387.0,0.9302018482368859,0.9350754743258736,48871.57700000005,535.2454833984375,535.0968017578125,0.6722967624664306,0.2824161648750305,0.5094673037528991,0.2877575159072876,0.0,0.0,1.0,0.16035067873303163,0.29328669237066324,315.5,408.5,535.171142578125,3.78023714232336,-142.852212462538,101.0,100.0,310.017857142857,421.357142857143,48812.485,49745.148,932.663000000001,0.405125889834127,,,,,,,,,,
2974,48870.7778,,,,,,Frage 1,,,,,,1.0,347.0,429.0,280.0,390.0,0.9298373930973196,0.9347514007477797,48888.23199999996,535.1971435546875,535.0469970703125,0.6722708940505981,0.2824431657791137,0.5094332098960876,0.2877770066261291,0.0,0.0,1.0,0.15921945701357462,0.3765201122544434,313.5,409.5,535.1220703125,3.76634849543718,-0.833822441925691,101.0,100.0,310.017857142857,421.357142857143,48812.485,49745.148,932.663000000001,0.405125889834127,,,,,,,,,,
2975,48887.4301,,,,,,Frage 1,,,,,,1.0,353.0,431.0,277.0,394.0,0.9312827323151888,0.9324453895846501,48904.88600000006,535.18115234375,535.0323486328125,0.6722743511199951,0.2824102342128753,0.5094179511070251,0.2876923084259033,0.0,0.0,1.0,0.3499163048374358,0.37932647333956965,315.0,412.5,535.106750488281,1.75034218564945,-121.064736390073,101.0,100.0,310.017857142857,421.357142857143,48812.485,49745.148,932.663000000001,0.405125889834127,,,,,,,,,,
2976,48904.0862,,,,,,Frage 1,,,,,,1.0,352.0,432.0,279.0,387.0,0.9318968142626773,0.9319740098346956,48921.54099999997,535.0640869140625,534.9166259765625,0.6723243594169616,0.2824475765228271,0.509458303451538,0.2877232432365417,0.0,0.0,1.0,0.16035067873303163,0.3765201122544434,315.5,409.5,534.990356445313,1.94381088632239,11.6154862586641,101.0,100.0,310.017857142857,421.357142857143,48812.485,49745.148,932.663000000001,0.405125889834127,,,,,,,,,,
2977,48920.7419,,,,,,Frage 1,,,,,,1.0,359.0,434.0,274.0,388.0,0.9329826908771387,0.9332703041470705,48938.196,534.791748046875,534.6436767578125,0.6723577380180358,0.2825021743774414,0.5094792246818542,0.2877708673477172,0.0,0.0,1.0,0.16091628959276014,0.2934698533652601,316.5,411.0,534.717712402344,4.85762427727509,174.943916554224,101.0,100.0,310.017857142857,421.357142857143,48812.485,49745.148,932.663000000001,0.405125889834127,,,,,,,,,,
2978,48937.3954,,,,,,Frage 1,,,,,,1.0,362.0,426.0,280.0,392.0,0.9330500901152777,0.9333801142024576,48954.85100000002,534.5534057617188,534.4052124023438,0.672397792339325,0.2826119065284729,0.5095115900039672,0.2878812849521637,0.0,0.0,1.0,0.1634615384615384,0.3760523854069223,321.0,409.0,534.479309082031,2.82286230304683,-122.182242425209,101.0,100.0,310.017857142857,421.357142857143,48812.485,49745.148,932.663000000001,0.405125889834127,,,,,,,,,,
2979,48954.0501,,,,,,Frage 1,,,,,,1.0,351.0,425.0,281.0,391.0,0.9318743478499645,0.9345960596938174,48971.505000000005,534.2520141601562,534.1021118164064,0.6724323630332946,0.2827135920524597,0.5095415115356445,0.2880127727985382,0.0,0.0,1.0,0.16063348416289588,0.3751169317118802,316.0,408.0,534.177062988281,2.66569985446624,-9.4365223378744,101.0,100.0,310.017857142857,421.357142857143,48812.485,49745.148,932.663000000001,0.405125889834127,,,,,,,,,,
2980,48970.7058,,,,,,Frage 1,,,,,,1.0,364.0,428.0,284.0,391.0,0.9313426427490902,0.9348933503315727,48988.16000000003,534.0575561523438,533.9042358398438,0.6724112033843994,0.2828177511692047,0.5095022320747375,0.288139134645462,0.0,0.0,1.0,0.16515837104072392,0.3765201122544434,324.0,409.5,533.980895996094,9.07918002921849,385.062181400428,101.0,100.0,310.017857142857,421.357142857143,48812.485,49745.148,932.663000000001,0.405125889834127,,,,,,,,,,
2981,48987.3594,,,,,,Frage 1,,,,,,1.0,369.0,430.0,281.0,396.0,0.9285168672834113,0.936296776405301,49004.81500000006,533.6923828125,533.5355224609375,0.6724206209182739,0.2828008830547332,0.5094806551933287,0.2881406843662262,0.0,0.0,1.0,0.16572398190045243,0.3797942001870907,325.0,413.0,533.613952636719,5.0283281516568,-243.241814236094,101.0,100.0,310.017857142857,421.357142857143,48812.485,49745.148,932.663000000001,0.405125889834127,,,,,,,,,,
2982,49004.0147,,,,,,Frage 1,,,,,,1.0,362.0,431.0,280.0,397.0,0.9285593038407582,0.9357370129522299,49021.46900000004,533.4278564453125,533.26708984375,0.6723979115486145,0.282736450433731,0.5094553232192993,0.2881032824516296,0.0,0.0,1.0,0.3500559746378005,0.38072965388213276,321.0,414.0,533.347473144531,3.75693195925146,-76.3358325821483,101.0,100.0,310.017857142857,421.357142857143,48812.485,49745.148,932.663000000001,0.405125889834127,,,,,,,,,,
2983,49020.6681,,,,,,Frage 1,,,,,,1.0,356.0,426.0,286.0,397.0,0.9298124304165274,0.9327587499866086,49038.12400000007,533.2782592773438,533.1139526367188,0.6723549962043762,0.2826868891716003,0.5094168186187744,0.2880704998970031,0.0,0.0,1.0,0.1634615384615384,0.37839101964452754,321.0,411.5,533.196105957031,3.55935584588712,-11.8640105542595,101.0,100.0,310.017857142857,421.357142857143,48812.485,49745.148,932.663000000001,0.405125889834127,,,,,,,,,,
2984,49037.3247,,,,,,Frage 1,,,,,,1.0,351.0,431.0,283.0,398.0,0.9301768855560938,0.93276678486871,49054.77899999998,533.1580200195312,532.9907836914064,0.6723158359527587,0.2825189232826232,0.5093825459480285,0.2879134118556976,0.0,0.0,1.0,0.16119909502262442,0.3811973807296538,317.0,414.5,533.074401855469,7.96345603034589,264.405712117728,101.0,100.0,310.017857142857,421.357142857143,48812.485,49745.148,932.663000000001,0.405125889834127,,,,,,,,,,
2985,49053.9786,,,,,,Frage 1,,,,,,1.0,360.0,438.0,294.0,398.0,0.9322537805980061,0.9365538926325488,49071.43299999996,533.1624755859375,532.9925537109375,0.6722612380981445,0.2823946475982666,0.5093380212783813,0.2878016233444213,0.0,0.0,1.0,0.16685520361990944,0.38447146866230114,327.0,418.0,533.077514648438,10.8486334232058,173.243347976096,101.0,100.0,310.017857142857,421.357142857143,48812.485,49745.148,932.663000000001,0.405125889834127,,,,,,,,,,
2986,49070.6319,,,,,,Frage 1,,,,,,1.0,363.0,442.0,291.0,401.0,0.9328878326901284,0.9369074274450145,49088.08799999999,533.1114501953125,532.9404296875,0.6722493171691895,0.2823145985603332,0.5093279480934143,0.2877308130264282,0.0,0.0,1.0,0.16685520361990944,0.2953944195948336,327.0,421.5,533.025939941406,7.06397421273578,-227.261816605147,101.0,100.0,310.017857142857,421.357142857143,48812.485,49745.148,932.663000000001,0.405125889834127,,,,,,,,,,
2987,49087.2892,,,,,,Frage 1,,,,,,1.0,357.0,439.0,282.0,402.0,0.933007653557931,0.9344353620517875,49104.74300000002,533.3377075195312,533.1677856445312,0.6722210645675659,0.282370924949646,0.5093113780021667,0.2877737581729888,0.0,0.0,1.0,0.16261312217194568,0.3868101028999064,319.5,420.5,533.252746582031,15.1829013388157,487.409551732902,101.0,100.0,310.017857142857,421.357142857143,48812.485,49745.148,932.663000000001,0.405125889834127,,,,,,,,,,
2988,49103.9411,,,,,,Frage 1,,,,,,1.0,342.0,445.0,278.0,403.0,0.9331973699319517,0.9359352067107335,49121.397,533.5582275390625,533.3890380859375,0.6722016930580139,0.2824525833129882,0.5093072056770324,0.2878654897212982,0.0,0.0,1.0,0.3541282498892987,0.39008419083255375,310.0,424.0,533.4736328125,10.58425946853,-276.163192806016,101.0,100.0,310.017857142857,421.357142857143,48812.485,49745.148,932.663000000001,0.405125889834127,,,,,,,,,,
2989,49120.5972,,,,,,Frage 1,,,,,,1.0,337.0,440.0,278.0,398.0,0.9313126875321395,0.9385867178042273,49138.052000000025,533.407958984375,533.23681640625,0.6721954345703125,0.282474547624588,0.5092954635620117,0.2879072129726409,0.0,0.0,1.0,0.1558257918552036,0.38540692235734325,307.5,419.0,533.322387695313,11.4968455768969,54.7899033007026,101.0,100.0,310.017857142857,421.357142857143,48812.485,49745.148,932.663000000001,0.405125889834127,,,,,,,,,,
2990,49137.2527,,,,,,Frage 1,,,,,,1.0,342.0,432.0,268.0,393.0,0.9320565754197475,0.9392268300783133,49154.707000000046,533.491943359375,533.3160400390625,0.6720867156982421,0.2825241088867187,0.5091766119003295,0.2879672050476074,0.0,0.0,1.0,0.15441176470588233,0.37932647333956965,305.0,412.5,533.403991699219,10.7225354712721,-46.4897544729833,101.0,100.0,310.017857142857,421.357142857143,48812.485,49745.148,932.663000000001,0.405125889834127,,,,,,,,,,
2991,49153.9056,,,,,,Frage 1,,,,,,1.0,347.0,432.0,251.0,389.0,0.9349422613193276,0.9338863117748518,49171.36100000003,533.3245239257812,533.1442260742188,0.6720102429389953,0.2825586795806884,0.509083867073059,0.2879799902439117,0.0,0.0,1.0,0.3489376654684401,0.3774555659494854,299.0,410.5,533.234375,8.42420109975435,-138.014061906189,101.0,100.0,310.017857142857,421.357142857143,48812.485,49745.148,932.663000000001,0.405125889834127,,,,,,,,,,
2992,49170.5619,,,,,,Frage 1,,,,,,1.0,339.0,434.0,256.0,402.0,0.9354964328329147,0.9338702420106488,49188.01600000006,533.069091796875,532.886474609375,0.6719942688941954,0.2825388312339782,0.5090750455856323,0.2879584729671478,0.0,0.0,1.0,0.15016968325791857,0.38447146866230114,297.5,418.0,532.977783203125,9.17855480091753,45.2893920716534,101.0,100.0,310.017857142857,421.357142857143,48812.485,49745.148,932.663000000001,0.405125889834127,,,,,,,,,,
2993,49187.2163,,,,,,Frage 1,,,,,,1.0,337.0,435.0,267.0,405.0,0.9334220340590816,0.9360021640615793,49204.670999999966,532.9954833984375,532.80859375,0.6719292998313903,0.2826055884361267,0.5090209245681762,0.2880584299564361,0.0,0.0,1.0,0.1527149321266968,0.38634237605238536,302.0,420.0,532.902038574219,5.82514031948871,-201.353064741386,101.0,100.0,310.017857142857,421.357142857143,48812.485,49745.148,932.663000000001,0.405125889834127,,,,,,,,,,
2994,49203.8708,,,,,,Frage 1,,,,,,1.0,339.0,425.0,265.0,402.0,0.9329652170005841,0.9365244313981765,49221.326,532.8387451171875,532.649658203125,0.6719235181808471,0.2827377617359161,0.5090129971504211,0.2882149815559387,0.0,0.0,1.0,0.1527149321266968,0.38026192703461176,302.0,413.5,532.744201660156,7.17395584820039,80.9880530014066,101.0,100.0,310.017857142857,421.357142857143,48812.485,49745.148,932.663000000001,0.405125889834127,,,,,,,,,,
2995,49220.5251,,,,,,Frage 1,,,,,,1.0,340.0,432.0,260.0,393.0,0.9320141388624008,0.9341836024126072,49237.97999999998,532.79736328125,532.605712890625,0.671900451183319,0.2827935814857482,0.5089836120605468,0.2883048355579376,0.0,0.0,1.0,0.15158371040723978,0.37932647333956965,300.0,412.5,532.701538085938,5.64634464938138,-91.7247316800363,101.0,100.0,310.017857142857,421.357142857143,48812.485,49745.148,932.663000000001,0.405125889834127,,,,,,,,,,
2996,49237.1803,,,,,,Frage 1,,,,,,1.0,342.0,439.0,255.0,398.0,0.931859370241489,0.9337845366015662,49254.63500000001,532.61865234375,532.4266357421875,0.6719446778297424,0.2828819155693054,0.5090195536613464,0.2884200513362884,0.0,0.0,1.0,0.3521759084185904,0.3849391955098222,298.5,418.5,532.522644042969,12.1404942368682,389.917238309142,101.0,100.0,310.017857142857,421.357142857143,48812.485,49745.148,932.663000000001,0.405125889834127,,,,,,,,,,
2997,49253.8348,,,,,,Frage 1,,,,,,1.0,338.0,440.0,255.0,410.0,0.9326906275118698,0.9382974620485734,49271.29000000004,532.5010375976562,532.3086547851562,0.6719664335250854,0.2829295396804809,0.5090330839157104,0.288479596376419,0.0,0.0,1.0,0.14960407239819,0.39101964452759586,296.5,425.0,532.404846191406,1.26262632867809,-653.148873168942,101.0,100.0,310.017857142857,421.357142857143,48812.485,49745.148,932.663000000001,0.405125889834127,,,,,,,,,,
2998,49270.4893,,,,,,Frage 1,,,,,,1.0,341.0,437.0,258.0,402.0,0.9320590716878268,0.9385385085116185,49287.94400000002,532.372314453125,532.179443359375,0.6719960570335388,0.283023715019226,0.5090545415878295,0.2885936498641967,0.0,0.0,1.0,0.1513009049773755,0.3858746492048643,299.5,419.5,532.27587890625,10.0056378812329,524.963916812429,101.0,100.0,310.017857142857,421.357142857143,48812.485,49745.148,932.663000000001,0.405125889834127,,,,,,,,,,
2999,49287.1436,,,,,,Frage 1,,,,,,1.0,338.0,437.0,259.0,392.0,0.9314050494510706,0.9353593734934595,49304.599000000046,532.2598876953125,532.067138671875,0.6720200777053833,0.2830303907394409,0.5090751647949218,0.2886027991771698,0.0,0.0,1.0,0.15073529411764702,0.3811973807296538,298.5,414.5,532.163513183594,1.96014559118776,-483.087988690259,101.0,100.0,310.017857142857,421.357142857143,48812.485,49745.148,932.663000000001,0.405125889834127,,,,,,,,,,
3000,49303.7991,,,,,,Frage 1,,,,,,1.0,336.0,438.0,259.0,399.0,0.9311654077154654,0.9356968385417226,49321.25400000008,532.1837768554688,531.9906616210938,0.6720274090766906,0.2829590737819671,0.5090808868408203,0.2885360419750213,0.0,0.0,1.0,0.15016968325791857,0.3849391955098222,297.5,418.5,532.087219238281,10.0361920413125,484.887661741038,101.0,100.0,310.017857142857,421.357142857143,48812.485,49745.148,932.663000000001,0.405125889834127,,,,,,,,,,
3001,49320.4534,,,,,,Frage 1,,,,,,1.0,338.0,434.0,272.0,413.0,0.9310081428264745,0.9354986447832188,49337.90800000005,532.13232421875,531.9393310546875,0.6720337867736816,0.2828627526760101,0.5090851187705993,0.2884272933006286,0.0,0.0,1.0,0.15441176470588233,0.3896164639850327,305.0,423.5,532.035827636719,10.2792676718675,14.5953675960591,101.0,100.0,310.017857142857,421.357142857143,48812.485,49745.148,932.663000000001,0.405125889834127,,,,,,,,,,
3002,49337.1073,,,,,,Frage 1,,,,,,1.0,342.0,434.0,273.0,415.0,0.9314624636168928,0.9355200711354896,49354.562999999966,532.0865478515625,531.893798828125,0.6720430254936218,0.2828696966171264,0.5090972185134887,0.2884329557418823,0.0,0.0,1.0,0.1558257918552036,0.3905519176800748,307.5,424.5,531.990173339844,10.3662216142108,5.2212360073745,101.0,100.0,310.017857142857,421.357142857143,48812.485,49745.148,932.663000000001,0.405125889834127,,,,,,,,,,
3003,49353.7633,,,,,,Frage 1,,,,,,1.0,351.0,438.0,267.0,430.0,0.9311654077154654,0.9374805823682546,49371.21799999999,532.0648193359375,531.8724365234375,0.6720457077026367,0.2828906774520874,0.5091060400009155,0.2884441018104553,0.0,0.0,1.0,0.3579633805436918,0.3994387277829747,309.0,434.0,531.968627929688,8.90243172732196,-87.8836387421475,101.0,100.0,310.017857142857,421.357142857143,48812.485,49745.148,932.663000000001,0.405125889834127,,,,,,,,,,
3004,49370.4162,,,,,,Frage 1,,,,,,1.0,349.0,441.0,267.0,427.0,0.931307694995981,0.9374859389563224,49387.87199999997,532.0740356445312,531.8816528320312,0.672048270702362,0.2828983962535858,0.5091100335121154,0.2884595692157745,0.0,0.0,1.0,0.3579638036511885,0.3994387277829747,308.0,434.0,531.977844238281,5.99676406378985,-174.484183747693,101.0,100.0,310.017857142857,421.357142857143,48812.485,49745.148,932.663000000001,0.405125889834127,,,,,,,,,,
3005,49387.0726,,,,,,Frage 1,,,,,,1.0,351.0,451.0,272.0,429.0,0.934428030095008,0.9390259580257758,49404.527,532.0835571289064,531.8912963867188,0.6720532774925231,0.2828851342201232,0.5091174244880676,0.2884516417980194,0.0,0.0,1.0,0.15808823529411759,0.4050514499532273,311.5,440.0,531.987426757813,3.68781978115661,-138.622048139649,101.0,100.0,310.017857142857,421.357142857143,48812.485,49745.148,932.663000000001,0.405125889834127,,,,,,,,,,
3006,49403.7274,,,,,,Frage 1,,,,,,1.0,347.0,451.0,273.0,424.0,0.9349647277320408,0.9387018844476821,49421.18200000003,532.08349609375,531.891845703125,0.6720738410949707,0.2828842997550964,0.509145438671112,0.2884681522846221,0.0,0.0,1.0,0.15723981900452486,0.402712815715622,310.0,437.5,531.987670898438,13.5231373416981,590.539517769001,101.0,100.0,310.017857142857,421.357142857143,48812.485,49745.148,932.663000000001,0.405125889834127,,,,,,,,,,
3007,49420.3802,,,,,,Frage 1,,,,,,1.0,339.0,444.0,268.0,411.0,0.9321788925556294,0.934697834867103,49437.83600000001,532.1791381835938,531.9882202148438,0.6720936298370361,0.2828596234321594,0.5091668963432312,0.2884691655635833,0.0,0.0,1.0,0.1535633484162896,0.3933582787652011,303.5,427.5,532.083679199219,8.59374517375378,-296.009810238844,101.0,100.0,310.017857142857,421.357142857143,48812.485,49745.148,932.663000000001,0.405125889834127,,,,,,,,,,
3008,49437.0361,,,,,,Frage 1,,,,,,1.0,342.0,446.0,265.0,415.0,0.9321464410705994,0.9312294105725167,49454.49100000004,532.1646728515625,531.9769287109375,0.6721770167350769,0.2828234732151031,0.5092352628707885,0.2884351015090942,0.0,0.0,1.0,0.1535633484162896,0.39616463985032735,303.5,430.5,532.07080078125,5.63694352041403,-177.522778915586,101.0,100.0,310.017857142857,421.357142857143,48812.485,49745.148,932.663000000001,0.405125889834127,,,,,,,,,,
3009,49453.6904,,,,,,Frage 1,,,,,,1.0,346.0,441.0,272.0,408.0,0.9328204334519893,0.9368779662106425,49471.14600000007,532.3333129882812,532.1509399414064,0.6722526550292968,0.2827740609645843,0.5092967748641967,0.2883533835411071,0.0,0.0,1.0,0.15667420814479632,0.3905519176800748,309.0,424.5,532.242126464844,11.7932185169882,369.650780673668,101.0,100.0,310.017857142857,421.357142857143,48812.485,49745.148,932.663000000001,0.405125889834127,,,,,,,,,,
3010,49467.7722,,,,,,Frage 1,1.0,0.853864312171936,29.4022202542151,0.966337978839874,202.73046875,,,,,,0.6585048574425887,0.6495113533451946,,,,,,,,,,,0.37959439571535225,0.3642823432120883,,,,,,,,,,,,,,,,,,,,,,,
3011,49470.346,,,,,,Frage 1,,,,,,1.0,347.0,441.0,282.0,406.0,0.9330500901152777,0.937011880912334,49487.80099999998,532.3742065429688,532.1972045898438,0.6723598837852478,0.2827577292919158,0.5094066262245178,0.2883266806602478,0.0,0.0,1.0,0.15978506787330315,0.3896164639850327,314.5,423.5,532.285705566406,6.59554293723565,-312.067747769707,101.0,100.0,310.017857142857,421.357142857143,48812.485,49745.148,932.663000000001,0.405125889834127,,,,,,,,,,
3012,49487.0,,,,,,Frage 1,,,,,,1.0,348.0,444.0,272.0,419.0,0.9350770597956056,0.9374618343100178,49504.45500000008,532.3693237304688,532.1970825195312,0.6724633574485778,0.2829113602638244,0.5095025300979614,0.2884685099124908,0.0,0.0,1.0,0.35698216081299344,0.39710009354536946,310.0,431.5,532.283203125,7.17534203436322,34.814404775279,101.0,100.0,310.017857142857,421.357142857143,48812.485,49745.148,932.663000000001,0.405125889834127,,,,,,,,,,
3013,49503.6543,,,,,,Frage 1,,,,,,1.0,351.0,434.0,265.0,422.0,0.9352293321484382,0.9367119119805449,49521.10999999999,532.2694091796875,532.1036376953125,0.6726152300834655,0.2830705344676971,0.5096257925033569,0.2885940968990325,0.0,0.0,1.0,0.1561085972850678,0.39382600561272213,308.0,428.0,532.1865234375,6.58398597590586,-35.5077102284271,101.0,100.0,310.017857142857,421.357142857143,48812.485,49745.148,932.663000000001,0.405125889834127,,,,,,,,,,
3014,49520.3106,,,,,,Frage 1,,,,,,1.0,349.0,428.0,272.0,421.0,0.9353366716758447,0.9365003267518721,49537.765000000014,532.078125,531.9180908203125,0.6727581024169921,0.2831446528434753,0.5097380280494689,0.2886224389076232,0.0,0.0,1.0,0.1575226244343891,0.3905519176800748,310.5,424.5,531.998107910156,1.26824564413312,-319.142926806932,101.0,100.0,310.017857142857,421.357142857143,48812.485,49745.148,932.663000000001,0.405125889834127,,,,,,,,,,
3015,49536.9631,,,,,,Frage 1,,,,,,1.0,337.0,437.0,277.0,417.0,0.9351993769314875,0.9338181661181904,49554.419,531.915283203125,531.759033203125,0.6728679537773132,0.2832130491733551,0.5098532438278198,0.2886921763420105,0.0,0.0,1.0,0.15554298642533934,0.39289055191768,307.0,427.0,531.837158203125,2.59883431954595,79.903238277287,101.0,100.0,310.017857142857,421.357142857143,48812.485,49745.148,932.663000000001,0.405125889834127,,,,,,,,,,
3016,49553.6194,,,,,,Frage 1,,,,,,1.0,339.0,442.0,278.0,411.0,0.9340261309342534,0.9317409982537522,49571.074000000015,531.8497314453125,531.697998046875,0.6729825735092163,0.2832749485969543,0.5099827647209167,0.2887685298919677,0.0,0.0,1.0,0.1563914027149321,0.39242282507015896,308.5,426.5,531.773864746094,3.53136574680028,55.986709368479,101.0,100.0,310.017857142857,421.357142857143,48812.485,49745.148,932.663000000001,0.405125889834127,,,,,,,,,,
3017,49570.275,,,,,,Frage 1,,,,,,1.0,352.0,444.0,270.0,411.0,0.9259905881460924,0.9312106960350535,49587.72900000005,531.879638671875,531.7308349609375,0.6730494499206543,0.2832541167736053,0.5100308060646057,0.2887416183948516,0.0,0.0,1.0,0.1578054298642534,0.3933582787652011,311.0,427.5,531.805236816406,4.04132728087157,30.6180224111617,101.0,100.0,310.017857142857,421.357142857143,48812.485,49745.148,932.663000000001,0.405125889834127,,,,,,,,,,
3018,49586.9271,,,,,,Frage 1,,,,,,1.0,348.0,444.0,278.0,411.0,0.9324010604146801,0.9346630170446634,49604.38300000003,531.7906494140625,531.6451416015625,0.6731396913528442,0.2833619117736816,0.5101041197776794,0.2888423204421997,0.0,0.0,1.0,0.3371533277095434,0.35057028156476405,313.0,427.5,531.717895507813,4.93648564383651,53.7564849457412,101.0,100.0,310.017857142857,421.357142857143,48812.485,49745.148,932.663000000001,0.405125889834127,,,,,,,,,,
3019,49603.5829,,,,,,Frage 1,,,,,,1.0,349.0,453.0,283.0,407.0,0.9324110454869969,0.9346790868088661,49621.03800000006,531.7625732421875,531.6190185546875,0.6731942296028137,0.2833937108516693,0.5101570487022399,0.2888815402984619,0.0,0.0,1.0,0.16063348416289588,0.3956969130028063,316.0,430.0,531.690795898438,2.22773609625154,-162.631008272488,101.0,100.0,310.017857142857,421.357142857143,48812.485,49745.148,932.663000000001,0.405125889834127,,,,,,,,,,
3020,49620.2373,,,,,,Frage 1,,,,,,1.0,351.0,450.0,279.0,408.0,0.9338239332198364,0.9372663188455481,49637.69299999997,531.7421264648438,531.6017456054688,0.6732637882232666,0.2833836674690246,0.51022469997406,0.2888645231723785,0.0,0.0,1.0,0.16006787330316735,0.39476145930776424,315.0,429.0,531.671936035156,3.76006935895971,92.0077134395849,101.0,100.0,310.017857142857,421.357142857143,48812.485,49745.148,932.663000000001,0.405125889834127,,,,,,,,,,
3021,49636.8924,,,,,,Frage 1,,,,,,1.0,340.0,451.0,284.0,406.0,0.9334769519568246,0.936821722035932,49654.34700000008,531.7522583007812,531.6140747070312,0.6733173131942749,0.2833810746669769,0.5102871060371398,0.2888717949390411,0.0,0.0,1.0,0.1583710407239819,0.3942937324602432,312.0,428.5,531.683166503906,7.46186196806066,222.261806239637,101.0,100.0,310.017857142857,421.357142857143,48812.485,49745.148,932.663000000001,0.405125889834127,,,,,,,,,,
3022,49653.5469,,,,,,Frage 1,,,,,,1.0,338.0,450.0,280.0,419.0,0.932930269247475,0.9361414353513385,49671.00199999998,531.8605346679688,531.7271118164064,0.67338228225708,0.2833708524703979,0.5103732347488403,0.2888442873954772,0.0,0.0,1.0,0.15667420814479632,0.39990645463049573,309.0,434.5,531.793823242188,3.99103286839153,-208.401879352022,101.0,100.0,310.017857142857,421.357142857143,48812.485,49745.148,932.663000000001,0.405125889834127,,,,,,,,,,
3023,49670.2011,,,,,,Frage 1,,,,,,1.0,344.0,439.0,275.0,425.0,0.933312198263596,0.9364146213427894,49687.65700000001,531.6925048828125,531.5677490234375,0.6735811829566954,0.2834350764751434,0.5105626583099365,0.2888690829277038,0.0,0.0,1.0,0.1569570135746606,0.3975678203928905,309.5,432.0,531.630126953125,7.97306538179429,239.10079820126,101.0,100.0,310.017857142857,421.357142857143,48812.485,49745.148,932.663000000001,0.405125889834127,,,,,,,,,,
3024,49686.8565,,,,,,Frage 1,,,,,,1.0,340.0,437.0,277.0,415.0,0.9323586238573333,0.9323275446471615,49704.311,531.7232666015625,531.607666015625,0.6737440824508667,0.2836009263992309,0.5107311606407166,0.2889861464500427,0.0,0.0,1.0,0.1563914027149321,0.3919550982226379,308.5,426.0,531.665466308594,5.65423193308101,-139.224122429532,101.0,100.0,310.017857142857,421.357142857143,48812.485,49745.148,932.663000000001,0.405125889834127,,,,,,,,,,
3025,49703.5101,,,,,,Frage 1,,,,,,1.0,344.0,436.0,276.0,416.0,0.9326007618610177,0.9322820136485864,49720.966000000015,531.7173461914064,531.6107788085938,0.6739101409912109,0.283785194158554,0.5108954310417175,0.2891139388084411,0.0,0.0,1.0,0.3375315791988003,0.3506925931523065,310.0,426.0,531.6640625,12.1642812075932,390.909429463479,101.0,100.0,310.017857142857,421.357142857143,48812.485,49745.148,932.663000000001,0.405125889834127,,,,,,,,,,
3026,49720.1664,,,,,,Frage 1,,,,,,1.0,347.0,443.0,260.0,433.0,0.9329851871452179,0.937876969885262,49737.62100000004,531.4683837890625,531.3681640625,0.6740806698799133,0.2839718461036682,0.5110472440719604,0.2892691195011138,0.0,0.0,1.0,0.1535633484162896,0.29108800003113566,303.5,438.0,531.418273925781,15.4093744192254,194.826774951929,101.0,100.0,310.017857142857,421.357142857143,48812.485,49745.148,932.663000000001,0.405125889834127,,,,,,,,,,
3027,49736.8213,,,,,,Frage 1,,,,,,1.0,333.0,440.0,258.0,430.0,0.9331174893534167,0.9384474465144681,49754.27600000007,531.5362548828125,531.4383544921875,0.6740959882736206,0.2842046916484832,0.5110903978347778,0.2894911766052246,0.0,0.0,1.0,0.3582538866117026,0.4003741814780168,295.5,435.0,531.4873046875,12.2012486147366,-192.623540488901,101.0,100.0,310.017857142857,421.357142857143,48812.485,49745.148,932.663000000001,0.405125889834127,,,,,,,,,,
3028,49753.4747,,,,,,Frage 1,,,,,,1.0,334.0,436.0,274.0,414.0,0.9331374594980505,0.9393794928382417,49770.93000000005,531.5847778320312,531.4909057617188,0.6741613149642944,0.2844748198986053,0.5111852884292603,0.2897597551345825,0.0,0.0,1.0,0.15384615384615383,0.39101964452759586,304.0,425.0,531.537841796875,36.1020218549865,1435.18880470392,,,,,,,,,131.0,131.0,49745.148,49778.4575,33.309500000003,1.144557511495,41.2838181847048,1435.18880470392,,17.9044475062482
3029,49770.1307,,,,,,Frage 1,,,,,,1.0,373.0,444.0,300.0,427.0,0.9340086570576988,0.9413212560127702,49787.58499999996,533.0122680664064,532.9049682617188,0.6735758781433105,0.2846826612949371,0.510640263557434,0.2899421751499176,0.0,0.0,1.0,0.17222850678733026,0.40084190832553784,336.5,435.5,532.958618164063,41.2838181847048,311.106888191492,,,,,,,,,131.0,131.0,49745.148,49778.4575,33.309500000003,1.144557511495,41.2838181847048,1435.18880470392,,17.9044475062482
3030,49786.7843,,,,,,Frage 1,,,,,,1.0,389.0,450.0,309.0,426.0,0.935114503816794,0.9387554503283587,49804.23999999999,533.964111328125,533.84814453125,0.6732156872749328,0.284864455461502,0.5102789402008056,0.2901201546192169,0.0,0.0,1.0,0.1792986425339366,0.40318054256314306,349.0,438.0,533.906127929688,11.1037492759723,-1812.22491886057,102.0,101.0,350.35,429.5,49778.4575,49945.00385,166.54634999999,0.172169321128934,,,,,,,,,,
3031,49803.4384,,,,,,Frage 1,,,,,,1.0,390.0,445.0,308.0,425.0,0.9381799210180779,0.9412355506036875,49820.89399999997,533.4517822265625,533.3468017578125,0.6735754013061523,0.2849451899528503,0.5105898976325988,0.2902030646800994,0.0,0.0,1.0,0.1792986425339366,0.4003741814780168,349.0,435.0,533.399291992188,4.47265323576677,-398.165979560929,102.0,101.0,350.35,429.5,49778.4575,49945.00385,166.54634999999,0.172169321128934,,,,,,,,,,
3032,49820.0939,,,,,,Frage 1,,,,,,1.0,392.0,437.0,309.0,430.0,0.9394180699853719,0.9413775001874806,49837.549,533.1844482421875,533.0843505859375,0.6737204194068908,0.2850441634654998,0.5106985569000244,0.2902624905109405,0.0,0.0,1.0,0.18014705882352935,0.3989710009354536,350.5,433.5,533.134399414063,8.01176094668634,212.488830171379,102.0,101.0,350.35,429.5,49778.4575,49945.00385,166.54634999999,0.172169321128934,,,,,,,,,,
3033,49836.7498,,,,,,Frage 1,,,,,,1.0,384.0,431.0,314.0,422.0,0.9365241791050861,0.9418756628777734,49854.20400000003,532.9031372070312,532.8071899414064,0.6738472580909729,0.2851220369338989,0.5108326077461242,0.290328025817871,0.0,0.0,1.0,0.1792986425339366,0.39242282507015896,349.0,426.5,532.855163574219,8.67859362523597,40.0358238551935,102.0,101.0,350.35,429.5,49778.4575,49945.00385,166.54634999999,0.172169321128934,,,,,,,,,,
3034,49853.4028,,,,,,Frage 1,,,,,,1.0,377.0,434.0,311.0,419.0,0.9373611450880934,0.9414899885369015,49870.85800000001,532.862060546875,532.77197265625,0.6739658117294312,0.2851443290710449,0.5109661817550659,0.2903310656547546,0.0,0.0,1.0,0.17647058823529407,0.39242282507015896,344.0,426.5,532.817016601563,0.445269772798319,-494.404843117446,102.0,101.0,350.35,429.5,49778.4575,49945.00385,166.54634999999,0.172169321128934,,,,,,,,,,
3035,49870.0569,,,,,,Frage 1,,,,,,1.0,387.0,434.0,312.0,419.0,0.9389237172037355,0.9422907984530174,49887.51300000004,532.7546997070312,532.6713256835938,0.6741141676902771,0.2852097451686859,0.5111116170883178,0.2903682887554168,0.0,0.0,1.0,0.3543258737312478,0.39242282507015896,349.5,426.5,532.713012695313,9.68977560359934,555.088886868769,102.0,101.0,350.35,429.5,49778.4575,49945.00385,166.54634999999,0.172169321128934,,,,,,,,,,
3036,49886.7128,,,,,,Frage 1,,,,,,1.0,396.0,436.0,313.0,412.0,0.9386367380765755,0.9446476972027898,49904.16800000006,532.4942016601562,532.4158325195312,0.6742721199989318,0.2852999866008758,0.5112667679786682,0.2904578447341918,0.0,0.0,1.0,0.3529876732735974,0.39008419083255375,354.5,424.0,532.455017089844,2.61272241143516,-424.89767542823,102.0,101.0,350.35,429.5,49778.4575,49945.00385,166.54634999999,0.172169321128934,,,,,,,,,,
3037,49903.3667,,,,,,Frage 1,,,,,,1.0,390.0,442.0,314.0,414.0,0.9389887118757457,0.9447467940820415,49920.82200000005,532.470947265625,532.3935546875,0.6742875576019287,0.2853055596351623,0.5112994909286499,0.290459007024765,0.0,0.0,1.0,0.1809954751131221,0.39382600561272213,352.0,428.0,532.432250976563,3.34473403120088,43.9543662304821,102.0,101.0,350.35,429.5,49778.4575,49945.00385,166.54634999999,0.172169321128934,,,,,,,,,,
3038,49920.0229,,,,,,Frage 1,,,,,,1.0,393.0,448.0,315.0,407.0,0.9413476852106102,0.9204595281247419,49937.47700000007,532.35107421875,532.275390625,0.6743471026420593,0.2854019105434417,0.5113722085952758,0.2905675172805786,0.0,0.0,1.0,0.35771994475653446,0.3933582787652011,354.0,427.5,532.313232421875,1.41629078238745,-115.779304331892,102.0,101.0,350.35,429.5,49778.4575,49945.00385,166.54634999999,0.172169321128934,,,,,,,,,,
3039,49936.6775,,,,,,Frage 1,,,,,,1.0,391.0,454.0,313.0,405.0,0.9414999575634427,0.9461609333319049,49954.13199999998,532.4669799804688,532.3890991210938,0.6742852926254272,0.2854171395301818,0.5113290548324585,0.2906033098697662,0.0,0.0,1.0,0.1809954751131221,0.39522918615528524,352.0,429.5,532.428039550781,21.193191967042,1187.4738021124,102.0,101.0,350.35,429.5,49778.4575,49945.00385,166.54634999999,0.172169321128934,,,,,,,,,,
3040,49953.3302,,,,,,Frage 1,,,,,,1.0,338.0,436.0,324.0,406.0,0.9424235767527546,0.9371216909677211,49970.78599999997,535.0420532226562,534.9826049804688,0.6741794347763062,0.2848899662494659,0.5113143920898438,0.2900207638740539,0.0,0.0,1.0,0.16911764705882348,0.38727782974742747,331.0,421.0,535.012329101563,320.484254121223,17972.524704955,,,,,,,,,132.0,132.0,49945.00385,49961.65815,16.6543000000092,,320.484254121223,17972.524704955,,
3041,49969.9861,,,,,,Frage 1,,,,,,1.0,42.0,202.0,-1.0,-1.0,0.9508459852520483,0.9544047223680404,49987.44099999999,532.81396484375,532.8428955078125,0.6765499114990234,0.2833651304244995,0.5138942003250122,0.2886221408843994,0.0,0.0,1.0,0.005656108597285048,0.18241347053320858,42.0,202.0,532.828430175781,,,,,,,,,,,,,,,,,,,,
3042,49986.6408,,,,,,Frage 1,,,,,,1.0,-1.0,101.0,-1.0,-1.0,0.9498399892161219,0.9544047223680404,50004.09600000002,532.8139038085938,532.8429565429688,0.676553726196289,0.2833668887615203,0.5138905048370361,0.2886204421520233,0.0,0.0,1.0,0.22055911449881946,0.08793264733395695,,101.0,532.828430175781,,,,,,,,,,,,,,,,,,,,
3043,50003.296,,,,,,Frage 1,,,,,,1.0,-1.0,-1.0,-1.0,-1.0,0.0,0.018097082863962055,50020.75100000005,-1.0,-1.0,-1.0,-1.0,-1.0,-1.0,4.0,4.0,1.0,0.47307184518740275,0.394481298666511,,,,,,,,,,,,,,,,,,,,,,,
3044,50019.9501,,,,,,Frage 1,,,,,,1.0,-1.0,-1.0,-1.0,-1.0,0.0,0.0,50037.40500000002,-1.0,-1.0,-1.0,-1.0,-1.0,-1.0,4.0,4.0,1.0,0.4759322966953752,0.3954061960765668,,,,,,,,,,,,,,,,,,,,,,,
3045,50036.6047,,,,,,Frage 1,,,,,,1.0,-1.0,-1.0,-1.0,-1.0,0.0,0.0,50054.060000000056,-1.0,-1.0,-1.0,-1.0,-1.0,-1.0,4.0,4.0,1.0,0.4759322966953752,0.3954061960765668,,,,,,,,,,,,,,,,,,,,,,,
3046,50053.2602,,,,,,Frage 1,,,,,,1.0,-1.0,-1.0,-1.0,-1.0,0.0,0.0,50070.71499999997,-1.0,-1.0,-1.0,-1.0,-1.0,-1.0,4.0,4.0,1.0,0.4759322966953752,0.3954061960765668,,,,,,,,,,,,,,,,,,,,,,,
3047,50069.9135,,,,,,Frage 1,,,,,,1.0,-1.0,-1.0,-1.0,-1.0,0.0,0.0,50087.369000000064,-1.0,-1.0,-1.0,-1.0,-1.0,-1.0,4.0,4.0,1.0,0.4759322966953752,0.3954061960765668,,,,,,,,,,,,,,,,,,,,,,,
3048,50086.5693,,,,,,Frage 1,,,,,,1.0,-1.0,-1.0,-1.0,-1.0,0.0,0.0,50104.023999999976,-1.0,-1.0,-1.0,-1.0,-1.0,-1.0,4.0,4.0,1.0,0.4759322966953752,0.3954061960765668,,,,,,,,,,,,,,,,,,,,,,,
3049,50103.224,,,,,,Frage 1,,,,,,1.0,-1.0,-1.0,-1.0,-1.0,0.0,0.0,50120.679,-1.0,-1.0,-1.0,-1.0,-1.0,-1.0,4.0,4.0,1.0,0.4759322966953752,0.3954061960765668,,,,,,,,,,,,,,,,,,,,,,,
3050,50119.8771,,,,,,Frage 1,,,,,,1.0,-1.0,-1.0,-1.0,-1.0,0.0,0.0,50137.332999999984,-1.0,-1.0,-1.0,-1.0,-1.0,-1.0,4.0,4.0,1.0,0.4759322966953752,0.3954061960765668,,,,,,,,,,,,,,,,,,,,,,,
3051,50136.5373,,,,,,Frage 1,,,,,,1.0,-1.0,-1.0,-1.0,-1.0,0.0,0.0,50153.988000000005,-1.0,-1.0,-1.0,-1.0,-1.0,-1.0,4.0,4.0,1.0,0.4759322966953752,0.3954061960765668,,,,,,,,,,,,,,,,,,,,,,,
3052,50153.1871,,,,,,Frage 1,,,,,,1.0,-1.0,-1.0,-1.0,-1.0,0.0,0.0,50170.64300000004,-1.0,-1.0,-1.0,-1.0,-1.0,-1.0,4.0,4.0,1.0,0.4759322966953752,0.3954061960765668,,,,,,,,,,,,,,,,,,,,,,,
3053,50169.8426,,,,,,Frage 1,,,,,,1.0,-1.0,-1.0,-1.0,-1.0,0.0,0.0,50187.29700000002,-1.0,-1.0,-1.0,-1.0,-1.0,-1.0,4.0,4.0,1.0,0.4759322966953752,0.3954061960765668,,,,,,,,,,,,,,,,,,,,,,,
3054,50186.4981,,,,,,Frage 1,,,,,,1.0,-1.0,-1.0,-1.0,-1.0,0.6585048574425887,0.6495113533451946,50203.95200000005,-1.0,-1.0,-1.0,-1.0,-1.0,-1.0,4.0,4.0,1.0,0.37959439571535225,0.3642823432120883,,,,,,,,,,,,,,,,,,,,,,,
3055,50203.1517,,,,,,Frage 1,,,,,,1.0,-1.0,-1.0,-1.0,-1.0,0.0,0.0,50220.60699999996,-1.0,-1.0,-1.0,-1.0,-1.0,-1.0,4.0,4.0,1.0,0.4759322966953752,0.3954061960765668,,,,,,,,,,,,,,,,,,,,,,,
3056,50219.8058,,,,,,Frage 1,,,,,,1.0,-1.0,-1.0,-1.0,-1.0,0.0,0.0,50237.26100000006,-1.0,-1.0,-1.0,-1.0,-1.0,-1.0,4.0,4.0,1.0,0.4759322966953752,0.3954061960765668,,,,,,,,,,,,,,,,,,,,,,,
3057,50236.4606,,,,,,Frage 1,,,,,,1.0,-1.0,-1.0,-1.0,-1.0,0.0,0.0,50253.91599999997,-1.0,-1.0,-1.0,-1.0,-1.0,-1.0,4.0,4.0,1.0,0.4759322966953752,0.3954061960765668,,,,,,,,,,,,,,,,,,,,,,,
3058,50253.117,,,,,,Frage 1,,,,,,1.0,-1.0,-1.0,-1.0,-1.0,0.0,0.018097082863962055,50270.571,-1.0,-1.0,-1.0,-1.0,-1.0,-1.0,4.0,4.0,1.0,0.47307184518740275,0.394481298666511,,,,,,,,,,,,,,,,,,,,,,,
3059,50269.7717,,,,,,Frage 1,,,,,,1.0,-1.0,-1.0,-1.0,-1.0,0.0,0.0,50287.22600000002,-1.0,-1.0,-1.0,-1.0,-1.0,-1.0,4.0,4.0,1.0,0.4759322966953752,0.3954061960765668,,,,,,,,,,,,,,,,,,,,,,,
3060,50286.4243,,,,,,Frage 1,,,,,,1.0,-1.0,-1.0,-1.0,-1.0,0.0,0.0,50303.880000000005,-1.0,-1.0,-1.0,-1.0,-1.0,-1.0,4.0,4.0,1.0,0.4759322966953752,0.3954061960765668,,,,,,,,,,,,,,,,,,,,,,,
3061,50303.0806,,,,,,Frage 1,,,,,,1.0,-1.0,-1.0,-1.0,-1.0,0.0,0.0,50320.53500000003,-1.0,-1.0,-1.0,-1.0,-1.0,-1.0,4.0,4.0,1.0,0.4759322966953752,0.3954061960765668,,,,,,,,,,,,,,,,,,,,,,,
3062,50319.734,,,,,,Frage 1,,,,,,1.0,-1.0,-1.0,-1.0,-1.0,0.03388974098219233,0.0,50337.19000000006,-1.0,-1.0,-1.0,-1.0,-1.0,-1.0,4.0,4.0,1.0,0.4762576401214801,0.3955127310509079,,,,,,,,,,,,,,,,,,,,,,,
3063,50336.3881,,,,,,Frage 1,,,,,,1.0,-1.0,-1.0,-1.0,-1.0,0.0,0.0,50353.84400000004,-1.0,-1.0,-1.0,-1.0,-1.0,-1.0,4.0,4.0,1.0,0.4759322966953752,0.3954061960765668,,,,,,,,,,,,,,,,,,,,,,,
3064,50353.0442,,,,,,Frage 1,,,,,,1.0,-1.0,-1.0,-1.0,-1.0,0.0,0.0,50370.49900000007,-1.0,-1.0,-1.0,-1.0,-1.0,-1.0,4.0,4.0,1.0,0.4759322966953752,0.3954061960765668,,,,,,,,,,,,,,,,,,,,,,,
3065,50369.6984,,,,,,Frage 1,,,,,,1.0,-1.0,-1.0,-1.0,-1.0,0.0,0.0,50387.15399999998,-1.0,-1.0,-1.0,-1.0,-1.0,-1.0,4.0,4.0,1.0,0.4759322966953752,0.3954061960765668,,,,,,,,,,,,,,,,,,,,,,,
3066,50386.3534,,,,,,Frage 1,,,,,,1.0,-1.0,-1.0,-1.0,-1.0,0.0,0.0,50403.80799999996,-1.0,-1.0,-1.0,-1.0,-1.0,-1.0,4.0,4.0,1.0,0.4759322966953752,0.3954061960765668,,,,,,,,,,,,,,,,,,,,,,,
3067,50403.0078,,,,,,Frage 1,,,,,,1.0,-1.0,-1.0,-1.0,-1.0,0.0,0.0,50420.46299999999,-1.0,-1.0,-1.0,-1.0,-1.0,-1.0,4.0,4.0,1.0,0.4759322966953752,0.3954061960765668,,,,,,,,,,,,,,,,,,,,,,,
3068,50419.6627,,,,,,Frage 1,,,,,,1.0,-1.0,-1.0,-1.0,-1.0,0.0,0.0,50437.11800000002,-1.0,-1.0,-1.0,-1.0,-1.0,-1.0,4.0,4.0,1.0,0.4759322966953752,0.3954061960765668,,,,,,,,,,,,,,,,,,,,,,,
3069,50436.3178,,,,,,Frage 1,,,,,,1.0,-1.0,-1.0,-1.0,-1.0,0.0,0.0,50453.772,-1.0,-1.0,-1.0,-1.0,-1.0,-1.0,4.0,4.0,1.0,0.4759322966953752,0.3954061960765668,,,,,,,,,,,,,,,,,,,,,,,
3070,50452.9712,,,,,,Frage 1,,,,,,1.0,-1.0,-1.0,-1.0,-1.0,0.0,0.0,50470.427000000025,-1.0,-1.0,-1.0,-1.0,-1.0,-1.0,4.0,4.0,1.0,0.4759322966953752,0.3954061960765668,,,,,,,,,,,,,,,,,,,,,,,
3071,50469.6266,,,,,,Frage 1,,,,,,1.0,-1.0,-1.0,-1.0,-1.0,0.0,0.0,50487.082000000046,-1.0,-1.0,-1.0,-1.0,-1.0,-1.0,4.0,4.0,1.0,0.4759322966953752,0.3954061960765668,,,,,,,,,,,,,,,,,,,,,,,
3072,50486.2807,,,,,,Frage 1,,,,,,1.0,-1.0,-1.0,-1.0,-1.0,0.0,0.0,50503.73600000003,-1.0,-1.0,-1.0,-1.0,-1.0,-1.0,4.0,4.0,1.0,0.4759322966953752,0.3954061960765668,,,,,,,,,,,,,,,,,,,,,,,
3073,50489.9359,,,,,,Frage 1,1.0,1.95800578594208,29.4020749939838,0.955205798149109,202.73046875,,,,,,0.6585048574425887,0.6495113533451946,,,,,,,,,,,0.37959439571535225,0.3642823432120883,,,,,,,,,,,,,,,,,,,,,,,
3074,50502.9363,,,,,,Frage 1,,,,,,1.0,-1.0,-1.0,-1.0,-1.0,0.0,0.0,50520.39100000006,-1.0,-1.0,-1.0,-1.0,-1.0,-1.0,4.0,4.0,1.0,0.4759322966953752,0.3954061960765668,,,,,,,,,,,,,,,,,,,,,,,
3075,50519.5916,,,,,,Frage 1,,,,,,1.0,-1.0,-1.0,-1.0,-1.0,0.0,0.0,50537.045999999966,-1.0,-1.0,-1.0,-1.0,-1.0,-1.0,4.0,4.0,1.0,0.4759322966953752,0.3954061960765668,,,,,,,,,,,,,,,,,,,,,,,
3076,50536.2455,,,,,,Frage 1,,,,,,1.0,-1.0,-1.0,-1.0,-1.0,0.0,0.018097082863962055,50553.701,-1.0,-1.0,-1.0,-1.0,-1.0,-1.0,4.0,4.0,1.0,0.47307184518740275,0.394481298666511,,,,,,,,,,,,,,,,,,,,,,,
3077,50552.9005,,,,,,Frage 1,,,,,,1.0,-1.0,-1.0,-1.0,-1.0,0.0,0.0,50570.35499999998,-1.0,-1.0,-1.0,-1.0,-1.0,-1.0,4.0,4.0,1.0,0.4759322966953752,0.3954061960765668,,,,,,,,,,,,,,,,,,,,,,,
3078,50569.5544,,,,,,Frage 1,,,,,,1.0,-1.0,-1.0,-1.0,-1.0,0.0,0.0,50587.01000000001,-1.0,-1.0,-1.0,-1.0,-1.0,-1.0,4.0,4.0,1.0,0.4759322966953752,0.3954061960765668,,,,,,,,,,,,,,,,,,,,,,,
3079,50586.2103,,,,,,Frage 1,,,,,,1.0,-1.0,-1.0,-1.0,-1.0,0.0,0.0,50603.66500000004,-1.0,-1.0,-1.0,-1.0,-1.0,-1.0,4.0,4.0,1.0,0.4759322966953752,0.3954061960765668,,,,,,,,,,,,,,,,,,,,,,,
3080,50602.8647,,,,,,Frage 1,,,,,,1.0,-1.0,-1.0,-1.0,-1.0,0.0,0.0,50620.31900000002,-1.0,-1.0,-1.0,-1.0,-1.0,-1.0,4.0,4.0,1.0,0.4759322966953752,0.3954061960765668,,,,,,,,,,,,,,,,,,,,,,,
3081,50619.5179,,,,,,Frage 1,,,,,,1.0,-1.0,-1.0,-1.0,-1.0,0.0,0.0,50636.974000000046,-1.0,-1.0,-1.0,-1.0,-1.0,-1.0,4.0,4.0,1.0,0.4759322966953752,0.3954061960765668,,,,,,,,,,,,,,,,,,,,,,,
3082,50636.1738,,,,,,Frage 1,,,,,,1.0,-1.0,-1.0,-1.0,-1.0,0.0,0.0,50653.62900000008,-1.0,-1.0,-1.0,-1.0,-1.0,-1.0,4.0,4.0,1.0,0.4759322966953752,0.3954061960765668,,,,,,,,,,,,,,,,,,,,,,,
3083,50652.8272,,,,,,Frage 1,,,,,,1.0,-1.0,-1.0,-1.0,-1.0,0.03388974098219233,0.0,50670.28300000005,-1.0,-1.0,-1.0,-1.0,-1.0,-1.0,4.0,4.0,1.0,0.4762576401214801,0.3955127310509079,,,,,,,,,,,,,,,,,,,,,,,
3084,50669.4829,,,,,,Frage 1,,,,,,1.0,-1.0,-1.0,-1.0,-1.0,0.0,0.0,50686.937999999966,-1.0,-1.0,-1.0,-1.0,-1.0,-1.0,4.0,4.0,1.0,0.4759322966953752,0.3954061960765668,,,,,,,,,,,,,,,,,,,,,,,
3085,50686.1384,,,,,,Frage 1,,,,,,1.0,-1.0,-1.0,-1.0,-1.0,0.0,0.0,50703.59299999999,-1.0,-1.0,-1.0,-1.0,-1.0,-1.0,4.0,4.0,1.0,0.4759322966953752,0.3954061960765668,,,,,,,,,,,,,,,,,,,,,,,
3086,50702.7917,,,,,,Frage 1,,,,,,1.0,-1.0,-1.0,-1.0,-1.0,0.0,0.0,50720.24699999997,-1.0,-1.0,-1.0,-1.0,-1.0,-1.0,4.0,4.0,1.0,0.4759322966953752,0.3954061960765668,,,,,,,,,,,,,,,,,,,,,,,
3087,50719.447,,,,,,Frage 1,,,,,,1.0,-1.0,-1.0,-1.0,-1.0,0.0,0.0,50736.902,-1.0,-1.0,-1.0,-1.0,-1.0,-1.0,4.0,4.0,1.0,0.4759322966953752,0.3954061960765668,,,,,,,,,,,,,,,,,,,,,,,
3088,50736.1011,,,,,,Frage 1,,,,,,1.0,-1.0,-1.0,-1.0,-1.0,0.0,0.0,50753.55700000003,-1.0,-1.0,-1.0,-1.0,-1.0,-1.0,4.0,4.0,1.0,0.4759322966953752,0.3954061960765668,,,,,,,,,,,,,,,,,,,,,,,
3089,50752.7561,,,,,,Frage 1,,,,,,1.0,-1.0,-1.0,-1.0,-1.0,0.0,0.0,50770.21100000001,-1.0,-1.0,-1.0,-1.0,-1.0,-1.0,4.0,4.0,1.0,0.4759322966953752,0.3954061960765668,,,,,,,,,,,,,,,,,,,,,,,
3090,50769.4115,,,,,,Frage 1,,,,,,1.0,-1.0,-1.0,-1.0,-1.0,0.03388974098219233,0.0,50786.86600000004,-1.0,-1.0,-1.0,-1.0,-1.0,-1.0,4.0,4.0,1.0,0.4762576401214801,0.3955127310509079,,,,,,,,,,,,,,,,,,,,,,,
3091,50786.0651,,,,,,Frage 1,,,,,,1.0,-1.0,-1.0,-1.0,-1.0,0.0,0.0,50803.52100000007,-1.0,-1.0,-1.0,-1.0,-1.0,-1.0,4.0,4.0,1.0,0.4759322966953752,0.3954061960765668,,,,,,,,,,,,,,,,,,,,,,,
3092,50802.7214,,,,,,Frage 1,,,,,,1.0,-1.0,-1.0,-1.0,-1.0,0.0,0.0,50820.17599999998,-1.0,-1.0,-1.0,-1.0,-1.0,-1.0,4.0,4.0,1.0,0.4759322966953752,0.3954061960765668,,,,,,,,,,,,,,,,,,,,,,,
3093,50819.3743,,,,,,Frage 1,,,,,,1.0,-1.0,-1.0,-1.0,-1.0,0.0,0.0,50836.83000000008,-1.0,-1.0,-1.0,-1.0,-1.0,-1.0,4.0,4.0,1.0,0.4759322966953752,0.3954061960765668,,,,,,,,,,,,,,,,,,,,,,,
3094,50836.0376,,,,,,Frage 1,,,,,,1.0,-1.0,-1.0,-1.0,-1.0,0.0,0.0,50853.48499999999,-1.0,-1.0,-1.0,-1.0,-1.0,-1.0,4.0,4.0,1.0,0.4759322966953752,0.3954061960765668,,,,,,,,,,,,,,,,,,,,,,,
3095,50852.6849,,,,,,Frage 1,,,,,,1.0,-1.0,-1.0,-1.0,-1.0,0.0,0.0,50870.140000000014,-1.0,-1.0,-1.0,-1.0,-1.0,-1.0,4.0,4.0,1.0,0.4759322966953752,0.3954061960765668,,,,,,,,,,,,,,,,,,,,,,,
3096,50869.3379,,,,,,Frage 1,,,,,,1.0,-1.0,-1.0,-1.0,-1.0,0.0,0.0,50886.794,-1.0,-1.0,-1.0,-1.0,-1.0,-1.0,4.0,4.0,1.0,0.4759322966953752,0.3954061960765668,,,,,,,,,,,,,,,,,,,,,,,
3097,50885.9937,,,,,,Frage 1,,,,,,1.0,-1.0,-1.0,-1.0,-1.0,0.0,0.0,50903.449000000015,-1.0,-1.0,-1.0,-1.0,-1.0,-1.0,4.0,4.0,1.0,0.4759322966953752,0.3954061960765668,,,,,,,,,,,,,,,,,,,,,,,
3098,50902.648,,,,,,Frage 1,,,,,,1.0,-1.0,-1.0,-1.0,-1.0,0.0,0.0,50920.10400000005,-1.0,-1.0,-1.0,-1.0,-1.0,-1.0,4.0,4.0,1.0,0.4759322966953752,0.3954061960765668,,,,,,,,,,,,,,,,,,,,,,,
3099,50919.3029,,,,,,Frage 1,,,,,,1.0,-1.0,-1.0,-1.0,-1.0,0.0,0.0,50936.75800000003,-1.0,-1.0,-1.0,-1.0,-1.0,-1.0,4.0,4.0,1.0,0.4759322966953752,0.3954061960765668,,,,,,,,,,,,,,,,,,,,,,,
3100,50935.9585,,,,,,Frage 1,,,,,,1.0,-1.0,-1.0,-1.0,-1.0,0.0,0.0,50953.41300000006,-1.0,-1.0,-1.0,-1.0,-1.0,-1.0,4.0,4.0,1.0,0.4759322966953752,0.3954061960765668,,,,,,,,,,,,,,,,,,,,,,,
3101,50952.6118,,,,,,Frage 1,,,,,,1.0,-1.0,-1.0,-1.0,-1.0,0.0,0.0,50970.06799999997,-1.0,-1.0,-1.0,-1.0,-1.0,-1.0,4.0,4.0,1.0,0.4759322966953752,0.3954061960765668,,,,,,,,,,,,,,,,,,,,,,,
3102,50969.2668,,,,,,Frage 1,,,,,,1.0,-1.0,-1.0,-1.0,-1.0,0.0,0.0,50986.72200000008,-1.0,-1.0,-1.0,-1.0,-1.0,-1.0,4.0,4.0,1.0,0.4759322966953752,0.3954061960765668,,,,,,,,,,,,,,,,,,,,,,,
3103,50985.9219,,,,,,Frage 1,,,,,,1.0,-1.0,-1.0,-1.0,-1.0,0.03388974098219233,0.0,51003.37699999998,-1.0,-1.0,-1.0,-1.0,-1.0,-1.0,4.0,4.0,1.0,0.4762576401214801,0.3955127310509079,,,,,,,,,,,,,,,,,,,,,,,
3104,51002.5767,,,,,,Frage 1,,,,,,1.0,-1.0,-1.0,-1.0,-1.0,0.0,0.0,51020.03200000001,-1.0,-1.0,-1.0,-1.0,-1.0,-1.0,4.0,4.0,1.0,0.4759322966953752,0.3954061960765668,,,,,,,,,,,,,,,,,,,,,,,
3105,51019.2314,,,,,,Frage 1,,,,,,1.0,-1.0,-1.0,-1.0,-1.0,0.0,0.0,51036.686,-1.0,-1.0,-1.0,-1.0,-1.0,-1.0,4.0,4.0,1.0,0.4759322966953752,0.3954061960765668,,,,,,,,,,,,,,,,,,,,,,,
3106,51035.8856,,,,,,Frage 1,,,,,,1.0,-1.0,-1.0,-1.0,-1.0,0.0,0.018097082863962055,51053.341000000015,-1.0,-1.0,-1.0,-1.0,-1.0,-1.0,4.0,4.0,1.0,0.47307184518740275,0.394481298666511,,,,,,,,,,,,,,,,,,,,,,,
3107,51052.544,,,,,,Frage 1,,,,,,1.0,-1.0,-1.0,-1.0,-1.0,0.0,0.0,51069.99600000004,-1.0,-1.0,-1.0,-1.0,-1.0,-1.0,4.0,4.0,1.0,0.4759322966953752,0.3954061960765668,,,,,,,,,,,,,,,,,,,,,,,
3108,51069.1952,,,,,,Frage 1,,,,,,1.0,-1.0,-1.0,-1.0,-1.0,0.03388974098219233,0.0,51086.65100000007,-1.0,-1.0,-1.0,-1.0,-1.0,-1.0,4.0,4.0,1.0,0.4762576401214801,0.3955127310509079,,,,,,,,,,,,,,,,,,,,,,,
3109,51085.8504,,,,,,Frage 1,,,,,,1.0,-1.0,-1.0,-1.0,-1.0,0.0,0.0,51103.30500000005,-1.0,-1.0,-1.0,-1.0,-1.0,-1.0,4.0,4.0,1.0,0.4759322966953752,0.3954061960765668,,,,,,,,,,,,,,,,,,,,,,,
3110,51102.5053,,,,,,Frage 1,,,,,,1.0,-1.0,-1.0,-1.0,-1.0,0.0,0.0,51119.95999999996,-1.0,-1.0,-1.0,-1.0,-1.0,-1.0,4.0,4.0,1.0,0.4759322966953752,0.3954061960765668,,,,,,,,,,,,,,,,,,,,,,,
3111,51119.161,,,,,,Frage 1,,,,,,1.0,-1.0,-1.0,-1.0,-1.0,0.0,0.0,51136.61499999999,-1.0,-1.0,-1.0,-1.0,-1.0,-1.0,4.0,4.0,1.0,0.4759322966953752,0.3954061960765668,,,,,,,,,,,,,,,,,,,,,,,
3112,51135.8133,,,,,,Frage 1,,,,,,1.0,-1.0,-1.0,-1.0,-1.0,0.0,0.0,51153.26899999997,-1.0,-1.0,-1.0,-1.0,-1.0,-1.0,4.0,4.0,1.0,0.4759322966953752,0.3954061960765668,,,,,,,,,,,,,,,,,,,,,,,
3113,51152.4692,,,,,,Frage 1,,,,,,1.0,-1.0,-1.0,-1.0,-1.0,0.0,0.0,51169.924,-1.0,-1.0,-1.0,-1.0,-1.0,-1.0,4.0,4.0,1.0,0.4759322966953752,0.3954061960765668,,,,,,,,,,,,,,,,,,,,,,,
3114,51169.1236,,,,,,Frage 1,,,,,,1.0,-1.0,-1.0,-1.0,-1.0,0.0,0.0,51186.57900000003,-1.0,-1.0,-1.0,-1.0,-1.0,-1.0,4.0,4.0,1.0,0.4759322966953752,0.3954061960765668,,,,,,,,,,,,,,,,,,,,,,,
3115,51185.7785,,,,,,Frage 1,,,,,,1.0,-1.0,-1.0,-1.0,-1.0,0.0,0.0,51203.23300000001,-1.0,-1.0,-1.0,-1.0,-1.0,-1.0,4.0,4.0,1.0,0.4759322966953752,0.3954061960765668,,,,,,,,,,,,,,,,,,,,,,,
3116,51202.433,,,,,,Frage 1,,,,,,1.0,-1.0,-1.0,-1.0,-1.0,0.0,0.0,51219.88800000004,-1.0,-1.0,-1.0,-1.0,-1.0,-1.0,4.0,4.0,1.0,0.4759322966953752,0.3954061960765668,,,,,,,,,,,,,,,,,,,,,,,
3117,51219.0868,,,,,,Frage 1,,,,,,1.0,-1.0,-1.0,-1.0,-1.0,0.0,0.0,51236.54300000006,-1.0,-1.0,-1.0,-1.0,-1.0,-1.0,4.0,4.0,1.0,0.4759322966953752,0.3954061960765668,,,,,,,,,,,,,,,,,,,,,,,
3118,51235.7421,,,,,,Frage 1,,,,,,1.0,-1.0,-1.0,-1.0,-1.0,0.0,0.0,51253.19700000005,-1.0,-1.0,-1.0,-1.0,-1.0,-1.0,4.0,4.0,1.0,0.4759322966953752,0.3954061960765668,,,,,,,,,,,,,,,,,,,,,,,
3119,51252.3962,,,,,,Frage 1,,,,,,1.0,-1.0,-1.0,-1.0,-1.0,0.0,0.0,51269.85200000007,-1.0,-1.0,-1.0,-1.0,-1.0,-1.0,4.0,4.0,1.0,0.4759322966953752,0.3954061960765668,,,,,,,,,,,,,,,,,,,,,,,
3120,51269.0511,,,,,,Frage 1,,,,,,1.0,-1.0,-1.0,-1.0,-1.0,0.0,0.0,51286.50699999998,-1.0,-1.0,-1.0,-1.0,-1.0,-1.0,4.0,4.0,1.0,0.4759322966953752,0.3954061960765668,,,,,,,,,,,,,,,,,,,,,,,
3121,51285.7065,,,,,,Frage 1,,,,,,1.0,-1.0,-1.0,-1.0,-1.0,0.0,0.0,51303.16099999997,-1.0,-1.0,-1.0,-1.0,-1.0,-1.0,4.0,4.0,1.0,0.4759322966953752,0.3954061960765668,,,,,,,,,,,,,,,,,,,,,,,
3122,51302.3607,,,,,,Frage 1,,,,,,1.0,-1.0,-1.0,-1.0,-1.0,0.03388974098219233,0.0,51319.81599999999,-1.0,-1.0,-1.0,-1.0,-1.0,-1.0,4.0,4.0,1.0,0.4762576401214801,0.3955127310509079,,,,,,,,,,,,,,,,,,,,,,,
3123,51319.0164,,,,,,Frage 1,,,,,,1.0,-1.0,-1.0,-1.0,-1.0,0.0,0.018097082863962055,51336.47100000002,-1.0,-1.0,-1.0,-1.0,-1.0,-1.0,4.0,4.0,1.0,0.47307184518740275,0.394481298666511,,,,,,,,,,,,,,,,,,,,,,,
3124,51335.6706,,,,,,Frage 1,,,,,,1.0,-1.0,-1.0,-1.0,-1.0,0.0,0.0,51353.12600000005,-1.0,-1.0,-1.0,-1.0,-1.0,-1.0,4.0,4.0,1.0,0.4759322966953752,0.3954061960765668,,,,,,,,,,,,,,,,,,,,,,,
3125,51352.3254,,,,,,Frage 1,,,,,,1.0,-1.0,-1.0,-1.0,-1.0,0.0,0.018097082863962055,51369.78000000002,-1.0,-1.0,-1.0,-1.0,-1.0,-1.0,4.0,4.0,1.0,0.47307184518740275,0.394481298666511,,,,,,,,,,,,,,,,,,,,,,,
3126,51368.9803,,,,,,Frage 1,,,,,,1.0,-1.0,-1.0,-1.0,-1.0,0.0,0.0,51386.435000000056,-1.0,-1.0,-1.0,-1.0,-1.0,-1.0,4.0,4.0,1.0,0.4759322966953752,0.3954061960765668,,,,,,,,,,,,,,,,,,,,,,,
3127,51385.6339,,,,,,Frage 1,,,,,,1.0,-1.0,-1.0,-1.0,-1.0,0.0,0.0,51403.08999999997,-1.0,-1.0,-1.0,-1.0,-1.0,-1.0,4.0,4.0,1.0,0.4759322966953752,0.3954061960765668,,,,,,,,,,,,,,,,,,,,,,,
3128,51402.2888,,,,,,Frage 1,,,,,,1.0,-1.0,-1.0,-1.0,-1.0,0.0,0.0,51419.744000000064,-1.0,-1.0,-1.0,-1.0,-1.0,-1.0,4.0,4.0,1.0,0.4759322966953752,0.3954061960765668,,,,,,,,,,,,,,,,,,,,,,,
3129,51418.9435,,,,,,Frage 1,,,,,,1.0,-1.0,-1.0,-1.0,-1.0,0.0,0.018097082863962055,51436.398999999976,-1.0,-1.0,-1.0,-1.0,-1.0,-1.0,4.0,4.0,1.0,0.47307184518740275,0.394481298666511,,,,,,,,,,,,,,,,,,,,,,,
3130,51435.5994,,,,,,Frage 1,,,,,,1.0,-1.0,-1.0,-1.0,-1.0,0.03388974098219233,0.0,51453.054,-1.0,-1.0,-1.0,-1.0,-1.0,-1.0,4.0,4.0,1.0,0.4762576401214801,0.3955127310509079,,,,,,,,,,,,,,,,,,,,,,,
3131,51452.2542,,,,,,Frage 1,,,,,,1.0,-1.0,-1.0,-1.0,-1.0,0.0,0.0,51469.707999999984,-1.0,-1.0,-1.0,-1.0,-1.0,-1.0,4.0,4.0,1.0,0.4759322966953752,0.3954061960765668,,,,,,,,,,,,,,,,,,,,,,,
3132,51468.9071,,,,,,Frage 1,,,,,,1.0,-1.0,-1.0,-1.0,-1.0,0.0,0.0,51486.363000000005,-1.0,-1.0,-1.0,-1.0,-1.0,-1.0,4.0,4.0,1.0,0.4759322966953752,0.3954061960765668,,,,,,,,,,,,,,,,,,,,,,,
3133,51485.5628,,,,,,Frage 1,,,,,,1.0,-1.0,-1.0,-1.0,-1.0,0.0,0.0,51503.01800000004,-1.0,-1.0,-1.0,-1.0,-1.0,-1.0,4.0,4.0,1.0,0.4759322966953752,0.3954061960765668,,,,,,,,,,,,,,,,,,,,,,,
3134,51502.2162,,,,,,Frage 1,,,,,,1.0,-1.0,-1.0,-1.0,-1.0,0.0,0.0,51519.67200000002,-1.0,-1.0,-1.0,-1.0,-1.0,-1.0,4.0,4.0,1.0,0.4759322966953752,0.3954061960765668,,,,,,,,,,,,,,,,,,,,,,,
3135,51510.6083,,,,,,Frage 1,1.0,0.0,29.401687633367,0.382415354251862,202.73046875,,,,,,0.6585048574425887,0.6495113533451946,,,,,,,,,,,0.37959439571535225,0.3642823432120883,,,,,,,,,,,,,,,,,,,,,,,
3136,51518.8722,,,,,,Frage 1,,,,,,1.0,-1.0,-1.0,-1.0,-1.0,0.0,0.0,51536.32700000005,-1.0,-1.0,-1.0,-1.0,-1.0,-1.0,4.0,4.0,1.0,0.4759322966953752,0.3954061960765668,,,,,,,,,,,,,,,,,,,,,,,
3137,51535.5358,,,,,,Frage 1,,,,,,1.0,-1.0,-1.0,-1.0,-1.0,0.0,0.0,51552.98199999996,-1.0,-1.0,-1.0,-1.0,-1.0,-1.0,4.0,4.0,1.0,0.4759322966953752,0.3954061960765668,,,,,,,,,,,,,,,,,,,,,,,
3138,51552.18,,,,,,Frage 1,,,,,,1.0,-1.0,-1.0,-1.0,-1.0,0.0,0.0,51569.63600000006,-1.0,-1.0,-1.0,-1.0,-1.0,-1.0,4.0,4.0,1.0,0.4759322966953752,0.3954061960765668,,,,,,,,,,,,,,,,,,,,,,,
3139,51568.8363,,,,,,Frage 1,,,,,,1.0,-1.0,-1.0,-1.0,-1.0,0.0,0.0,51586.29099999997,-1.0,-1.0,-1.0,-1.0,-1.0,-1.0,4.0,4.0,1.0,0.4759322966953752,0.3954061960765668,,,,,,,,,,,,,,,,,,,,,,,
3140,51585.4901,,,,,,Frage 1,,,,,,1.0,-1.0,-1.0,-1.0,-1.0,0.0,0.018097082863962055,51602.946,-1.0,-1.0,-1.0,-1.0,-1.0,-1.0,4.0,4.0,1.0,0.47307184518740275,0.394481298666511,,,,,,,,,,,,,,,,,,,,,,,
3141,51602.1459,,,,,,Frage 1,,,,,,1.0,-1.0,-1.0,-1.0,-1.0,0.0,0.0,51619.60100000002,-1.0,-1.0,-1.0,-1.0,-1.0,-1.0,4.0,4.0,1.0,0.4759322966953752,0.3954061960765668,,,,,,,,,,,,,,,,,,,,,,,
3142,51618.8,,,,,,Frage 1,,,,,,1.0,-1.0,-1.0,-1.0,-1.0,0.03388974098219233,0.0,51636.255000000005,-1.0,-1.0,-1.0,-1.0,-1.0,-1.0,4.0,4.0,1.0,0.4762576401214801,0.3955127310509079,,,,,,,,,,,,,,,,,,,,,,,
3143,51635.4544,,,,,,Frage 1,,,,,,1.0,-1.0,-1.0,-1.0,-1.0,0.0,0.0,51652.91000000003,-1.0,-1.0,-1.0,-1.0,-1.0,-1.0,4.0,4.0,1.0,0.4759322966953752,0.3954061960765668,,,,,,,,,,,,,,,,,,,,,,,
3144,51652.1103,,,,,,Frage 1,,,,,,1.0,-1.0,-1.0,-1.0,-1.0,0.0,0.0,51669.56500000006,-1.0,-1.0,-1.0,-1.0,-1.0,-1.0,4.0,4.0,1.0,0.4759322966953752,0.3954061960765668,,,,,,,,,,,,,,,,,,,,,,,
3145,51668.7636,,,,,,Frage 1,,,,,,1.0,-1.0,-1.0,-1.0,-1.0,0.0,0.018097082863962055,51686.21900000004,-1.0,-1.0,-1.0,-1.0,-1.0,-1.0,4.0,4.0,1.0,0.47307184518740275,0.394481298666511,,,,,,,,,,,,,,,,,,,,,,,
3146,51685.4191,,,,,,Frage 1,,,,,,1.0,-1.0,-1.0,-1.0,-1.0,0.0,0.0,51702.87400000007,-1.0,-1.0,-1.0,-1.0,-1.0,-1.0,4.0,4.0,1.0,0.4759322966953752,0.3954061960765668,,,,,,,,,,,,,,,,,,,,,,,
3147,51702.0751,,,,,,Frage 1,,,,,,1.0,-1.0,-1.0,-1.0,-1.0,0.03388974098219233,0.0,51719.52899999998,-1.0,-1.0,-1.0,-1.0,-1.0,-1.0,4.0,4.0,1.0,0.4762576401214801,0.3955127310509079,,,,,,,,,,,,,,,,,,,,,,,
3148,51718.7274,,,,,,Frage 1,,,,,,1.0,-1.0,-1.0,-1.0,-1.0,0.0,0.0,51736.18299999996,-1.0,-1.0,-1.0,-1.0,-1.0,-1.0,4.0,4.0,1.0,0.4759322966953752,0.3954061960765668,,,,,,,,,,,,,,,,,,,,,,,
3149,51735.3838,,,,,,Frage 1,,,,,,1.0,-1.0,-1.0,-1.0,-1.0,0.0,0.0,51752.83799999999,-1.0,-1.0,-1.0,-1.0,-1.0,-1.0,4.0,4.0,1.0,0.4759322966953752,0.3954061960765668,,,,,,,,,,,,,,,,,,,,,,,
3150,51752.0377,,,,,,Frage 1,,,,,,1.0,-1.0,-1.0,-1.0,-1.0,0.0,0.0,51769.49300000002,-1.0,-1.0,-1.0,-1.0,-1.0,-1.0,4.0,4.0,1.0,0.4759322966953752,0.3954061960765668,,,,,,,,,,,,,,,,,,,,,,,
3151,51768.6924,,,,,,Frage 1,,,,,,1.0,-1.0,-1.0,-1.0,-1.0,0.0,0.0,51786.147,-1.0,-1.0,-1.0,-1.0,-1.0,-1.0,4.0,4.0,1.0,0.4759322966953752,0.3954061960765668,,,,,,,,,,,,,,,,,,,,,,,
3152,51785.347,,,,,,Frage 1,,,,,,1.0,-1.0,-1.0,-1.0,-1.0,0.0,0.0,51802.802000000025,-1.0,-1.0,-1.0,-1.0,-1.0,-1.0,4.0,4.0,1.0,0.4759322966953752,0.3954061960765668,,,,,,,,,,,,,,,,,,,,,,,
3153,51802.0014,,,,,,Frage 1,,,,,,1.0,-1.0,-1.0,-1.0,-1.0,0.0,0.0,51819.457000000046,-1.0,-1.0,-1.0,-1.0,-1.0,-1.0,4.0,4.0,1.0,0.4759322966953752,0.3954061960765668,,,,,,,,,,,,,,,,,,,,,,,
3154,51818.656,,,,,,Frage 1,,,,,,1.0,-1.0,-1.0,-1.0,-1.0,0.0,0.018097082863962055,51836.11100000003,-1.0,-1.0,-1.0,-1.0,-1.0,-1.0,4.0,4.0,1.0,0.47307184518740275,0.394481298666511,,,,,,,,,,,,,,,,,,,,,,,
3155,51835.31,,,,,,Frage 1,,,,,,1.0,-1.0,-1.0,-1.0,-1.0,0.0,0.0,51852.76600000006,-1.0,-1.0,-1.0,-1.0,-1.0,-1.0,4.0,4.0,1.0,0.4759322966953752,0.3954061960765668,,,,,,,,,,,,,,,,,,,,,,,
3156,51851.9664,,,,,,Frage 1,,,,,,1.0,-1.0,-1.0,-1.0,-1.0,0.0,0.0,51869.420999999966,-1.0,-1.0,-1.0,-1.0,-1.0,-1.0,4.0,4.0,1.0,0.4759322966953752,0.3954061960765668,,,,,,,,,,,,,,,,,,,,,,,
3157,51868.6206,,,,,,Frage 1,,,,,,1.0,-1.0,-1.0,-1.0,-1.0,0.0,0.0,51886.076,-1.0,-1.0,-1.0,-1.0,-1.0,-1.0,4.0,4.0,1.0,0.4759322966953752,0.3954061960765668,,,,,,,,,,,,,,,,,,,,,,,
3158,51885.2749,,,,,,Frage 1,,,,,,1.0,-1.0,-1.0,-1.0,-1.0,0.0,0.0,51902.72999999998,-1.0,-1.0,-1.0,-1.0,-1.0,-1.0,4.0,4.0,1.0,0.4759322966953752,0.3954061960765668,,,,,,,,,,,,,,,,,,,,,,,
3159,51901.9307,,,,,,Frage 1,,,,,,1.0,-1.0,-1.0,-1.0,-1.0,0.0,0.0,51919.38500000001,-1.0,-1.0,-1.0,-1.0,-1.0,-1.0,4.0,4.0,1.0,0.4759322966953752,0.3954061960765668,,,,,,,,,,,,,,,,,,,,,,,
3160,51918.584,,,,,,Frage 1,,,,,,1.0,-1.0,-1.0,-1.0,-1.0,0.0,0.0,51936.04000000004,-1.0,-1.0,-1.0,-1.0,-1.0,-1.0,4.0,4.0,1.0,0.4759322966953752,0.3954061960765668,,,,,,,,,,,,,,,,,,,,,,,
3161,51935.2389,,,,,,Frage 1,,,,,,1.0,-1.0,-1.0,-1.0,-1.0,0.0,0.0,51952.69400000002,-1.0,-1.0,-1.0,-1.0,-1.0,-1.0,4.0,4.0,1.0,0.4759322966953752,0.3954061960765668,,,,,,,,,,,,,,,,,,,,,,,
3162,51951.8935,,,,,,Frage 1,,,,,,1.0,-1.0,-1.0,-1.0,-1.0,0.0,0.0,51969.349000000046,-1.0,-1.0,-1.0,-1.0,-1.0,-1.0,4.0,4.0,1.0,0.4759322966953752,0.3954061960765668,,,,,,,,,,,,,,,,,,,,,,,
3163,51968.5499,,,,,,Frage 1,,,,,,1.0,-1.0,-1.0,-1.0,-1.0,0.0,0.0,51986.00400000008,-1.0,-1.0,-1.0,-1.0,-1.0,-1.0,4.0,4.0,1.0,0.4759322966953752,0.3954061960765668,,,,,,,,,,,,,,,,,,,,,,,
3164,51985.2044,,,,,,Frage 1,,,,,,1.0,-1.0,-1.0,-1.0,-1.0,0.0,0.0,52002.65800000005,-1.0,-1.0,-1.0,-1.0,-1.0,-1.0,4.0,4.0,1.0,0.4759322966953752,0.3954061960765668,,,,,,,,,,,,,,,,,,,,,,,
3165,52001.8575,,,,,,Frage 1,,,,,,1.0,-1.0,-1.0,-1.0,-1.0,0.0,0.0,52019.312999999966,-1.0,-1.0,-1.0,-1.0,-1.0,-1.0,4.0,4.0,1.0,0.4759322966953752,0.3954061960765668,,,,,,,,,,,,,,,,,,,,,,,
3166,52018.5134,,,,,,Frage 1,,,,,,1.0,-1.0,-1.0,-1.0,-1.0,0.0,0.018097082863962055,52035.96799999999,-1.0,-1.0,-1.0,-1.0,-1.0,-1.0,4.0,4.0,1.0,0.47307184518740275,0.394481298666511,,,,,,,,,,,,,,,,,,,,,,,
3167,52035.1731,,,,,,Frage 1,,,,,,1.0,-1.0,-1.0,-1.0,-1.0,0.0,0.0,52052.62199999997,-1.0,-1.0,-1.0,-1.0,-1.0,-1.0,4.0,4.0,1.0,0.4759322966953752,0.3954061960765668,,,,,,,,,,,,,,,,,,,,,,,
3168,52051.8221,,,,,,Frage 1,,,,,,1.0,-1.0,-1.0,-1.0,-1.0,0.0,0.018097082863962055,52069.277,-1.0,-1.0,-1.0,-1.0,-1.0,-1.0,4.0,4.0,1.0,0.47307184518740275,0.394481298666511,,,,,,,,,,,,,,,,,,,,,,,
3169,52068.4774,,,,,,Frage 1,,,,,,1.0,-1.0,-1.0,-1.0,-1.0,0.0,0.0,52085.93200000003,-1.0,-1.0,-1.0,-1.0,-1.0,-1.0,4.0,4.0,1.0,0.4759322966953752,0.3954061960765668,,,,,,,,,,,,,,,,,,,,,,,
3170,52085.1305,,,,,,Frage 1,,,,,,1.0,-1.0,-1.0,-1.0,-1.0,0.0,0.0,52102.58600000001,-1.0,-1.0,-1.0,-1.0,-1.0,-1.0,4.0,4.0,1.0,0.4759322966953752,0.3954061960765668,,,,,,,,,,,,,,,,,,,,,,,
3171,52101.7861,,,,,,Frage 1,,,,,,1.0,-1.0,-1.0,-1.0,-1.0,0.6585048574425887,0.6495113533451946,52119.24100000004,-1.0,-1.0,-1.0,-1.0,-1.0,-1.0,4.0,4.0,1.0,0.37959439571535225,0.3642823432120883,,,,,,,,,,,,,,,,,,,,,,,
3172,52118.4399,,,,,,Frage 1,,,,,,1.0,-1.0,-1.0,-1.0,-1.0,0.0,0.0,52135.89600000007,-1.0,-1.0,-1.0,-1.0,-1.0,-1.0,4.0,4.0,1.0,0.4759322966953752,0.3954061960765668,,,,,,,,,,,,,,,,,,,,,,,
3173,52135.0965,,,,,,Frage 1,,,,,,1.0,-1.0,-1.0,-1.0,-1.0,0.0,0.0,52152.55099999998,-1.0,-1.0,-1.0,-1.0,-1.0,-1.0,4.0,4.0,1.0,0.4759322966953752,0.3954061960765668,,,,,,,,,,,,,,,,,,,,,,,
3174,52151.7508,,,,,,Frage 1,,,,,,1.0,-1.0,-1.0,-1.0,-1.0,0.0,0.018097082863962055,52169.20500000008,-1.0,-1.0,-1.0,-1.0,-1.0,-1.0,4.0,4.0,1.0,0.47307184518740275,0.394481298666511,,,,,,,,,,,,,,,,,,,,,,,
3175,52168.4045,,,,,,Frage 1,,,,,,1.0,-1.0,-1.0,-1.0,-1.0,0.0,0.0,52185.85999999999,-1.0,-1.0,-1.0,-1.0,-1.0,-1.0,4.0,4.0,1.0,0.4759322966953752,0.3954061960765668,,,,,,,,,,,,,,,,,,,,,,,
3176,52185.0607,,,,,,Frage 1,,,,,,1.0,-1.0,-1.0,-1.0,-1.0,0.0,0.0,52202.515000000014,-1.0,-1.0,-1.0,-1.0,-1.0,-1.0,4.0,4.0,1.0,0.4759322966953752,0.3954061960765668,,,,,,,,,,,,,,,,,,,,,,,
3177,52201.7131,,,,,,Frage 1,,,,,,1.0,-1.0,-1.0,-1.0,-1.0,0.03388974098219233,0.0,52219.169,-1.0,-1.0,-1.0,-1.0,-1.0,-1.0,4.0,4.0,1.0,0.4762576401214801,0.3955127310509079,,,,,,,,,,,,,,,,,,,,,,,
3178,52218.3691,,,,,,Frage 1,,,,,,1.0,-1.0,-1.0,-1.0,-1.0,0.0,0.0,52235.824000000015,-1.0,-1.0,-1.0,-1.0,-1.0,-1.0,4.0,4.0,1.0,0.4759322966953752,0.3954061960765668,,,,,,,,,,,,,,,,,,,,,,,
3179,52235.024,,,,,,Frage 1,,,,,,1.0,-1.0,-1.0,-1.0,-1.0,0.03388974098219233,0.0,52252.47900000005,-1.0,-1.0,-1.0,-1.0,-1.0,-1.0,4.0,4.0,1.0,0.4762576401214801,0.3955127310509079,,,,,,,,,,,,,,,,,,,,,,,
3180,52251.6779,,,,,,Frage 1,,,,,,1.0,-1.0,-1.0,-1.0,-1.0,0.03388974098219233,0.0,52269.13300000003,-1.0,-1.0,-1.0,-1.0,-1.0,-1.0,4.0,4.0,1.0,0.4762576401214801,0.3955127310509079,,,,,,,,,,,,,,,,,,,,,,,
3181,52268.333,,,,,,Frage 1,,,,,,1.0,-1.0,-1.0,-1.0,-1.0,0.0,0.0,52285.78800000006,-1.0,-1.0,-1.0,-1.0,-1.0,-1.0,4.0,4.0,1.0,0.4759322966953752,0.3954061960765668,,,,,,,,,,,,,,,,,,,,,,,
3182,52284.9873,,,,,,Frage 1,,,,,,1.0,-1.0,-1.0,-1.0,-1.0,0.0,0.0,52302.44299999997,-1.0,-1.0,-1.0,-1.0,-1.0,-1.0,4.0,4.0,1.0,0.4759322966953752,0.3954061960765668,,,,,,,,,,,,,,,,,,,,,,,
3183,52301.6421,,,,,,Frage 1,,,,,,1.0,-1.0,-1.0,-1.0,-1.0,0.0,0.0,52319.09700000008,-1.0,-1.0,-1.0,-1.0,-1.0,-1.0,4.0,4.0,1.0,0.4759322966953752,0.3954061960765668,,,,,,,,,,,,,,,,,,,,,,,
3184,52318.2975,,,,,,Frage 1,,,,,,1.0,-1.0,-1.0,-1.0,-1.0,0.0,0.0,52335.75199999998,-1.0,-1.0,-1.0,-1.0,-1.0,-1.0,4.0,4.0,1.0,0.4759322966953752,0.3954061960765668,,,,,,,,,,,,,,,,,,,,,,,
3185,52334.9512,,,,,,Frage 1,,,,,,1.0,-1.0,-1.0,-1.0,-1.0,0.0,0.0,52352.40700000001,-1.0,-1.0,-1.0,-1.0,-1.0,-1.0,4.0,4.0,1.0,0.4759322966953752,0.3954061960765668,,,,,,,,,,,,,,,,,,,,,,,
3186,52351.6066,,,,,,Frage 1,,,,,,1.0,-1.0,-1.0,-1.0,-1.0,0.0,0.0,52369.061,-1.0,-1.0,-1.0,-1.0,-1.0,-1.0,4.0,4.0,1.0,0.4759322966953752,0.3954061960765668,,,,,,,,,,,,,,,,,,,,,,,
3187,52368.2602,,,,,,Frage 1,,,,,,1.0,-1.0,-1.0,-1.0,-1.0,0.0,0.0,52385.716000000015,-1.0,-1.0,-1.0,-1.0,-1.0,-1.0,4.0,4.0,1.0,0.4759322966953752,0.3954061960765668,,,,,,,,,,,,,,,,,,,,,,,
3188,52384.9164,,,,,,Frage 1,,,,,,1.0,-1.0,-1.0,-1.0,-1.0,0.03388974098219233,0.0,52402.37100000004,-1.0,-1.0,-1.0,-1.0,-1.0,-1.0,4.0,4.0,1.0,0.4762576401214801,0.3955127310509079,,,,,,,,,,,,,,,,,,,,,,,
3189,52401.5716,,,,,,Frage 1,,,,,,1.0,-1.0,-1.0,-1.0,-1.0,0.0,0.0,52419.02600000007,-1.0,-1.0,-1.0,-1.0,-1.0,-1.0,4.0,4.0,1.0,0.4759322966953752,0.3954061960765668,,,,,,,,,,,,,,,,,,,,,,,
3190,52418.2241,,,,,,Frage 1,,,,,,1.0,-1.0,-1.0,-1.0,-1.0,0.0,0.0,52435.68000000005,-1.0,-1.0,-1.0,-1.0,-1.0,-1.0,4.0,4.0,1.0,0.4759322966953752,0.3954061960765668,,,,,,,,,,,,,,,,,,,,,,,
3191,52434.888,,,,,,Frage 1,,,,,,1.0,-1.0,-1.0,-1.0,-1.0,0.0,0.018097082863962055,52452.33499999996,-1.0,-1.0,-1.0,-1.0,-1.0,-1.0,4.0,4.0,1.0,0.47307184518740275,0.394481298666511,,,,,,,,,,,,,,,,,,,,,,,
3192,52451.5345,,,,,,Frage 1,,,,,,1.0,-1.0,-1.0,-1.0,-1.0,0.03388974098219233,0.0,52468.98999999999,-1.0,-1.0,-1.0,-1.0,-1.0,-1.0,4.0,4.0,1.0,0.4762576401214801,0.3955127310509079,,,,,,,,,,,,,,,,,,,,,,,
3193,52468.1885,,,,,,Frage 1,,,,,,1.0,-1.0,-1.0,-1.0,-1.0,0.0,0.0,52485.64399999997,-1.0,-1.0,-1.0,-1.0,-1.0,-1.0,4.0,4.0,1.0,0.4759322966953752,0.3954061960765668,,,,,,,,,,,,,,,,,,,,,,,
3194,52484.8441,,,,,,Frage 1,,,,,,1.0,-1.0,-1.0,-1.0,-1.0,0.0,0.0,52502.299,-1.0,-1.0,-1.0,-1.0,-1.0,-1.0,4.0,4.0,1.0,0.4759322966953752,0.3954061960765668,,,,,,,,,,,,,,,,,,,,,,,
3195,52501.4979,,,,,,Frage 1,,,,,,1.0,-1.0,-1.0,-1.0,-1.0,0.0,0.0,52518.95400000003,-1.0,-1.0,-1.0,-1.0,-1.0,-1.0,4.0,4.0,1.0,0.4759322966953752,0.3954061960765668,,,,,,,,,,,,,,,,,,,,,,,
3196,52518.153,,,,,,Frage 1,,,,,,1.0,-1.0,-1.0,-1.0,-1.0,0.0,0.0,52535.60800000001,-1.0,-1.0,-1.0,-1.0,-1.0,-1.0,4.0,4.0,1.0,0.4759322966953752,0.3954061960765668,,,,,,,,,,,,,,,,,,,,,,,
3197,52520.4528,,,,,,Frage 1,1.0,1.55472028255463,29.4012518526732,0.0,202.73046875,,,,,,0.6585048574425887,0.6495113533451946,,,,,,,,,,,0.37959439571535225,0.3642823432120883,,,,,,,,,,,,,,,,,,,,,,,
3198,52534.807,,,,,,Frage 1,,,,,,1.0,-1.0,-1.0,-1.0,-1.0,0.03388974098219233,0.0,52552.26300000004,-1.0,-1.0,-1.0,-1.0,-1.0,-1.0,4.0,4.0,1.0,0.4762576401214801,0.3955127310509079,,,,,,,,,,,,,,,,,,,,,,,
3199,52551.4637,,,,,,Frage 1,,,,,,1.0,-1.0,-1.0,-1.0,-1.0,0.0,0.018097082863962055,52568.91800000006,-1.0,-1.0,-1.0,-1.0,-1.0,-1.0,4.0,4.0,1.0,0.47307184518740275,0.394481298666511,,,,,,,,,,,,,,,,,,,,,,,
3200,52568.1174,,,,,,Frage 1,,,,,,1.0,-1.0,-1.0,-1.0,-1.0,0.0,0.0,52585.57200000005,-1.0,-1.0,-1.0,-1.0,-1.0,-1.0,4.0,4.0,1.0,0.4759322966953752,0.3954061960765668,,,,,,,,,,,,,,,,,,,,,,,
3201,52584.7708,,,,,,Frage 1,,,,,,1.0,-1.0,-1.0,-1.0,-1.0,0.0,0.0,52602.22700000007,-1.0,-1.0,-1.0,-1.0,-1.0,-1.0,4.0,4.0,1.0,0.4759322966953752,0.3954061960765668,,,,,,,,,,,,,,,,,,,,,,,
3202,52601.4271,,,,,,Frage 1,,,,,,1.0,-1.0,-1.0,-1.0,-1.0,0.03388974098219233,0.0,52618.88199999998,-1.0,-1.0,-1.0,-1.0,-1.0,-1.0,4.0,4.0,1.0,0.4762576401214801,0.3955127310509079,,,,,,,,,,,,,,,,,,,,,,,
3203,52618.0799,,,,,,Frage 1,,,,,,1.0,-1.0,-1.0,-1.0,-1.0,0.0,0.0,52635.53599999997,-1.0,-1.0,-1.0,-1.0,-1.0,-1.0,4.0,4.0,1.0,0.4759322966953752,0.3954061960765668,,,,,,,,,,,,,,,,,,,,,,,
3204,52634.7365,,,,,,Frage 1,,,,,,1.0,-1.0,-1.0,-1.0,-1.0,0.0,0.0,52652.19099999999,-1.0,-1.0,-1.0,-1.0,-1.0,-1.0,4.0,4.0,1.0,0.4759322966953752,0.3954061960765668,,,,,,,,,,,,,,,,,,,,,,,
3205,52651.3912,,,,,,Frage 1,,,,,,1.0,-1.0,-1.0,-1.0,-1.0,0.0,0.0,52668.84600000002,-1.0,-1.0,-1.0,-1.0,-1.0,-1.0,4.0,4.0,1.0,0.4759322966953752,0.3954061960765668,,,,,,,,,,,,,,,,,,,,,,,
3206,52668.0471,,,,,,Frage 1,,,,,,1.0,-1.0,-1.0,-1.0,-1.0,0.0,0.0,52685.50100000005,-1.0,-1.0,-1.0,-1.0,-1.0,-1.0,4.0,4.0,1.0,0.4759322966953752,0.3954061960765668,,,,,,,,,,,,,,,,,,,,,,,
3207,52684.699,,,,,,Frage 1,,,,,,1.0,-1.0,-1.0,-1.0,-1.0,0.0,0.0,52702.15500000002,-1.0,-1.0,-1.0,-1.0,-1.0,-1.0,4.0,4.0,1.0,0.4759322966953752,0.3954061960765668,,,,,,,,,,,,,,,,,,,,,,,
3208,52701.3552,,,,,,Frage 1,,,,,,1.0,-1.0,-1.0,-1.0,-1.0,0.0,0.018097082863962055,52718.810000000056,-1.0,-1.0,-1.0,-1.0,-1.0,-1.0,4.0,4.0,1.0,0.47307184518740275,0.394481298666511,,,,,,,,,,,,,,,,,,,,,,,
3209,52718.0095,,,,,,Frage 1,,,,,,1.0,-1.0,-1.0,-1.0,-1.0,0.0,0.0,52735.46499999997,-1.0,-1.0,-1.0,-1.0,-1.0,-1.0,4.0,4.0,1.0,0.4759322966953752,0.3954061960765668,,,,,,,,,,,,,,,,,,,,,,,
3210,52734.6634,,,,,,Frage 1,,,,,,1.0,-1.0,-1.0,-1.0,-1.0,0.03388974098219233,0.0,52752.119000000064,-1.0,-1.0,-1.0,-1.0,-1.0,-1.0,4.0,4.0,1.0,0.4762576401214801,0.3955127310509079,,,,,,,,,,,,,,,,,,,,,,,
3211,52751.3199,,,,,,Frage 1,,,,,,1.0,-1.0,-1.0,-1.0,-1.0,0.0,0.0,52768.773999999976,-1.0,-1.0,-1.0,-1.0,-1.0,-1.0,4.0,4.0,1.0,0.4759322966953752,0.3954061960765668,,,,,,,,,,,,,,,,,,,,,,,
3212,52767.9731,,,,,,Frage 1,,,,,,1.0,-1.0,-1.0,-1.0,-1.0,0.03388974098219233,0.0,52785.429,-1.0,-1.0,-1.0,-1.0,-1.0,-1.0,4.0,4.0,1.0,0.4762576401214801,0.3955127310509079,,,,,,,,,,,,,,,,,,,,,,,
3213,52784.6284,,,,,,Frage 1,,,,,,1.0,-1.0,-1.0,-1.0,-1.0,0.0,0.0,52802.082999999984,-1.0,-1.0,-1.0,-1.0,-1.0,-1.0,4.0,4.0,1.0,0.4759322966953752,0.3954061960765668,,,,,,,,,,,,,,,,,,,,,,,
3214,52801.2825,,,,,,Frage 1,,,,,,1.0,-1.0,-1.0,-1.0,-1.0,0.0,0.0,52818.738000000005,-1.0,-1.0,-1.0,-1.0,-1.0,-1.0,4.0,4.0,1.0,0.4759322966953752,0.3954061960765668,,,,,,,,,,,,,,,,,,,,,,,
3215,52817.9383,,,,,,Frage 1,,,,,,1.0,-1.0,-1.0,-1.0,-1.0,0.03388974098219233,0.0,52835.39300000004,-1.0,-1.0,-1.0,-1.0,-1.0,-1.0,4.0,4.0,1.0,0.4762576401214801,0.3955127310509079,,,,,,,,,,,,,,,,,,,,,,,
3216,52834.5928,,,,,,Frage 1,,,,,,1.0,-1.0,-1.0,-1.0,-1.0,0.0,0.018097082863962055,52852.04700000002,-1.0,-1.0,-1.0,-1.0,-1.0,-1.0,4.0,4.0,1.0,0.47307184518740275,0.394481298666511,,,,,,,,,,,,,,,,,,,,,,,
3217,52851.246,,,,,,Frage 1,,,,,,1.0,-1.0,-1.0,-1.0,-1.0,0.0,0.0,52868.70200000005,-1.0,-1.0,-1.0,-1.0,-1.0,-1.0,4.0,4.0,1.0,0.4759322966953752,0.3954061960765668,,,,,,,,,,,,,,,,,,,,,,,
3218,52867.902,,,,,,Frage 1,,,,,,1.0,-1.0,-1.0,-1.0,-1.0,0.0,0.0,52885.35699999996,-1.0,-1.0,-1.0,-1.0,-1.0,-1.0,4.0,4.0,1.0,0.4759322966953752,0.3954061960765668,,,,,,,,,,,,,,,,,,,,,,,
3219,52884.555,,,,,,Frage 1,,,,,,1.0,-1.0,-1.0,-1.0,-1.0,0.0,0.0,52902.01100000006,-1.0,-1.0,-1.0,-1.0,-1.0,-1.0,4.0,4.0,1.0,0.4759322966953752,0.3954061960765668,,,,,,,,,,,,,,,,,,,,,,,
3220,52901.2114,,,,,,Frage 1,,,,,,1.0,-1.0,-1.0,-1.0,-1.0,0.0,0.0,52918.66599999997,-1.0,-1.0,-1.0,-1.0,-1.0,-1.0,4.0,4.0,1.0,0.4759322966953752,0.3954061960765668,,,,,,,,,,,,,,,,,,,,,,,
3221,52917.8665,,,,,,Frage 1,,,,,,1.0,-1.0,-1.0,-1.0,-1.0,0.0,0.0,52935.321,-1.0,-1.0,-1.0,-1.0,-1.0,-1.0,4.0,4.0,1.0,0.4759322966953752,0.3954061960765668,,,,,,,,,,,,,,,,,,,,,,,
3222,52934.5206,,,,,,Frage 1,,,,,,1.0,-1.0,-1.0,-1.0,-1.0,0.0,0.0,52951.97600000002,-1.0,-1.0,-1.0,-1.0,-1.0,-1.0,4.0,4.0,1.0,0.4759322966953752,0.3954061960765668,,,,,,,,,,,,,,,,,,,,,,,
3223,52951.1751,,,,,,Frage 1,,,,,,1.0,-1.0,-1.0,-1.0,-1.0,0.0,0.0,52968.630000000005,-1.0,-1.0,-1.0,-1.0,-1.0,-1.0,4.0,4.0,1.0,0.4759322966953752,0.3954061960765668,,,,,,,,,,,,,,,,,,,,,,,
3224,52967.829,,,,,,Frage 1,,,,,,1.0,-1.0,-1.0,-1.0,-1.0,0.0,0.0,52985.28500000003,-1.0,-1.0,-1.0,-1.0,-1.0,-1.0,4.0,4.0,1.0,0.4759322966953752,0.3954061960765668,,,,,,,,,,,,,,,,,,,,,,,
3225,52984.4852,,,,,,Frage 1,,,,,,1.0,-1.0,-1.0,-1.0,-1.0,0.6585048574425887,0.6495113533451946,53001.94000000006,-1.0,-1.0,-1.0,-1.0,-1.0,-1.0,4.0,4.0,1.0,0.37959439571535225,0.3642823432120883,,,,,,,,,,,,,,,,,,,,,,,
3226,53001.139,,,,,,Frage 1,,,,,,1.0,-1.0,-1.0,-1.0,-1.0,0.0,0.0,53018.59400000004,-1.0,-1.0,-1.0,-1.0,-1.0,-1.0,4.0,4.0,1.0,0.4759322966953752,0.3954061960765668,,,,,,,,,,,,,,,,,,,,,,,
3227,53017.7931,,,,,,Frage 1,,,,,,1.0,-1.0,-1.0,-1.0,-1.0,0.0,0.0,53035.24900000007,-1.0,-1.0,-1.0,-1.0,-1.0,-1.0,4.0,4.0,1.0,0.4759322966953752,0.3954061960765668,,,,,,,,,,,,,,,,,,,,,,,
3228,53034.4498,,,,,,Frage 1,,,,,,1.0,-1.0,-1.0,-1.0,-1.0,0.0,0.0,53051.90399999998,-1.0,-1.0,-1.0,-1.0,-1.0,-1.0,4.0,4.0,1.0,0.4759322966953752,0.3954061960765668,,,,,,,,,,,,,,,,,,,,,,,
3229,53051.1022,,,,,,Frage 1,,,,,,1.0,-1.0,-1.0,-1.0,-1.0,0.0,0.0,53068.55799999996,-1.0,-1.0,-1.0,-1.0,-1.0,-1.0,4.0,4.0,1.0,0.4759322966953752,0.3954061960765668,,,,,,,,,,,,,,,,,,,,,,,
3230,53067.7581,,,,,,Frage 1,,,,,,1.0,-1.0,-1.0,-1.0,-1.0,0.0,0.0,53085.21299999999,-1.0,-1.0,-1.0,-1.0,-1.0,-1.0,4.0,4.0,1.0,0.4759322966953752,0.3954061960765668,,,,,,,,,,,,,,,,,,,,,,,
3231,53084.4137,,,,,,Frage 1,,,,,,1.0,-1.0,-1.0,-1.0,-1.0,0.0,0.0,53101.86800000002,-1.0,-1.0,-1.0,-1.0,-1.0,-1.0,4.0,4.0,1.0,0.4759322966953752,0.3954061960765668,,,,,,,,,,,,,,,,,,,,,,,
3232,53101.0662,,,,,,Frage 1,,,,,,1.0,-1.0,-1.0,-1.0,-1.0,0.0,0.0,53118.522,-1.0,-1.0,-1.0,-1.0,-1.0,-1.0,4.0,4.0,1.0,0.4759322966953752,0.3954061960765668,,,,,,,,,,,,,,,,,,,,,,,
3233,53117.7223,,,,,,Frage 1,,,,,,1.0,-1.0,-1.0,-1.0,-1.0,0.0,0.0,53135.177000000025,-1.0,-1.0,-1.0,-1.0,-1.0,-1.0,4.0,4.0,1.0,0.4759322966953752,0.3954061960765668,,,,,,,,,,,,,,,,,,,,,,,
3234,53134.3764,,,,,,Frage 1,,,,,,1.0,-1.0,-1.0,-1.0,-1.0,0.03388974098219233,0.0,53151.832000000046,-1.0,-1.0,-1.0,-1.0,-1.0,-1.0,4.0,4.0,1.0,0.4762576401214801,0.3955127310509079,,,,,,,,,,,,,,,,,,,,,,,
3235,53151.0311,,,,,,Frage 1,,,,,,1.0,-1.0,-1.0,-1.0,-1.0,0.0,0.0,53168.48600000003,-1.0,-1.0,-1.0,-1.0,-1.0,-1.0,4.0,4.0,1.0,0.4759322966953752,0.3954061960765668,,,,,,,,,,,,,,,,,,,,,,,
3236,53167.6864,,,,,,Frage 1,,,,,,1.0,-1.0,-1.0,-1.0,-1.0,0.6585048574425887,0.6495113533451946,53185.14100000006,-1.0,-1.0,-1.0,-1.0,-1.0,-1.0,4.0,4.0,1.0,0.37959439571535225,0.3642823432120883,,,,,,,,,,,,,,,,,,,,,,,
3237,53184.3399,,,,,,Frage 1,,,,,,1.0,-1.0,-1.0,-1.0,-1.0,0.0,0.018097082863962055,53201.795999999966,-1.0,-1.0,-1.0,-1.0,-1.0,-1.0,4.0,4.0,1.0,0.47307184518740275,0.394481298666511,,,,,,,,,,,,,,,,,,,,,,,
3238,53200.9961,,,,,,Frage 1,,,,,,1.0,-1.0,-1.0,-1.0,-1.0,0.03388974098219233,0.0,53218.451,-1.0,-1.0,-1.0,-1.0,-1.0,-1.0,4.0,4.0,1.0,0.4762576401214801,0.3955127310509079,,,,,,,,,,,,,,,,,,,,,,,
3239,53217.6489,,,,,,Frage 1,,,,,,1.0,-1.0,-1.0,-1.0,-1.0,0.0,0.0,53235.10499999998,-1.0,-1.0,-1.0,-1.0,-1.0,-1.0,4.0,4.0,1.0,0.4759322966953752,0.3954061960765668,,,,,,,,,,,,,,,,,,,,,,,
3240,53234.3052,,,,,,Frage 1,,,,,,1.0,-1.0,-1.0,-1.0,-1.0,0.0,0.018097082863962055,53251.76000000001,-1.0,-1.0,-1.0,-1.0,-1.0,-1.0,4.0,4.0,1.0,0.47307184518740275,0.394481298666511,,,,,,,,,,,,,,,,,,,,,,,
3241,53250.9609,,,,,,Frage 1,,,,,,1.0,-1.0,-1.0,-1.0,-1.0,0.0,0.0,53268.41500000004,-1.0,-1.0,-1.0,-1.0,-1.0,-1.0,4.0,4.0,1.0,0.4759322966953752,0.3954061960765668,,,,,,,,,,,,,,,,,,,,,,,
3242,53267.6134,,,,,,Frage 1,,,,,,1.0,-1.0,-1.0,-1.0,-1.0,0.0,0.0,53285.06900000002,-1.0,-1.0,-1.0,-1.0,-1.0,-1.0,4.0,4.0,1.0,0.4759322966953752,0.3954061960765668,,,,,,,,,,,,,,,,,,,,,,,
3243,53284.2694,,,,,,Frage 1,,,,,,1.0,-1.0,-1.0,-1.0,-1.0,0.0,0.0,53301.724000000046,-1.0,-1.0,-1.0,-1.0,-1.0,-1.0,4.0,4.0,1.0,0.4759322966953752,0.3954061960765668,,,,,,,,,,,,,,,,,,,,,,,
3244,53300.9235,,,,,,Frage 1,,,,,,1.0,-1.0,-1.0,-1.0,-1.0,0.0,0.0,53318.37900000008,-1.0,-1.0,-1.0,-1.0,-1.0,-1.0,4.0,4.0,1.0,0.4759322966953752,0.3954061960765668,,,,,,,,,,,,,,,,,,,,,,,
3245,53317.5779,,,,,,Frage 1,,,,,,1.0,-1.0,-1.0,-1.0,-1.0,0.0,0.0,53335.03300000005,-1.0,-1.0,-1.0,-1.0,-1.0,-1.0,4.0,4.0,1.0,0.4759322966953752,0.3954061960765668,,,,,,,,,,,,,,,,,,,,,,,
3246,53334.2338,,,,,,Frage 1,,,,,,1.0,-1.0,-1.0,-1.0,-1.0,0.0,0.0,53351.687999999966,-1.0,-1.0,-1.0,-1.0,-1.0,-1.0,4.0,4.0,1.0,0.4759322966953752,0.3954061960765668,,,,,,,,,,,,,,,,,,,,,,,
3247,53350.8875,,,,,,Frage 1,,,,,,1.0,-1.0,-1.0,-1.0,-1.0,0.0,0.018097082863962055,53368.34299999999,-1.0,-1.0,-1.0,-1.0,-1.0,-1.0,4.0,4.0,1.0,0.47307184518740275,0.394481298666511,,,,,,,,,,,,,,,,,,,,,,,
3248,53367.5426,,,,,,Frage 1,,,,,,1.0,-1.0,-1.0,-1.0,-1.0,0.03388974098219233,0.0,53384.99699999997,-1.0,-1.0,-1.0,-1.0,-1.0,-1.0,4.0,4.0,1.0,0.4762576401214801,0.3955127310509079,,,,,,,,,,,,,,,,,,,,,,,
3249,53384.1966,,,,,,Frage 1,,,,,,1.0,-1.0,-1.0,-1.0,-1.0,0.0,0.0,53401.652,-1.0,-1.0,-1.0,-1.0,-1.0,-1.0,4.0,4.0,1.0,0.4759322966953752,0.3954061960765668,,,,,,,,,,,,,,,,,,,,,,,
3250,53400.8512,,,,,,Frage 1,,,,,,1.0,-1.0,-1.0,-1.0,-1.0,0.0,0.0,53418.30700000003,-1.0,-1.0,-1.0,-1.0,-1.0,-1.0,4.0,4.0,1.0,0.4759322966953752,0.3954061960765668,,,,,,,,,,,,,,,,,,,,,,,
3251,53417.507,,,,,,Frage 1,,,,,,1.0,-1.0,-1.0,-1.0,-1.0,0.0,0.0,53434.96100000001,-1.0,-1.0,-1.0,-1.0,-1.0,-1.0,4.0,4.0,1.0,0.4759322966953752,0.3954061960765668,,,,,,,,,,,,,,,,,,,,,,,
3252,53434.1606,,,,,,Frage 1,,,,,,1.0,-1.0,-1.0,-1.0,-1.0,0.0,0.0,53451.61600000004,-1.0,-1.0,-1.0,-1.0,-1.0,-1.0,4.0,4.0,1.0,0.4759322966953752,0.3954061960765668,,,,,,,,,,,,,,,,,,,,,,,
3253,53450.8163,,,,,,Frage 1,,,,,,1.0,-1.0,-1.0,-1.0,-1.0,0.0,0.0,53468.27100000007,-1.0,-1.0,-1.0,-1.0,-1.0,-1.0,4.0,4.0,1.0,0.4759322966953752,0.3954061960765668,,,,,,,,,,,,,,,,,,,,,,,
3254,53467.4702,,,,,,Frage 1,,,,,,1.0,-1.0,-1.0,-1.0,-1.0,0.0,0.0,53484.92599999998,-1.0,-1.0,-1.0,-1.0,-1.0,-1.0,4.0,4.0,1.0,0.4759322966953752,0.3954061960765668,,,,,,,,,,,,,,,,,,,,,,,
3255,53484.1247,,,,,,Frage 1,,,,,,1.0,-1.0,-1.0,-1.0,-1.0,0.0,0.0,53501.58000000008,-1.0,-1.0,-1.0,-1.0,-1.0,-1.0,4.0,4.0,1.0,0.4759322966953752,0.3954061960765668,,,,,,,,,,,,,,,,,,,,,,,
3256,53500.78,,,,,,Frage 1,,,,,,1.0,-1.0,-1.0,-1.0,-1.0,0.03388974098219233,0.0,53518.23499999999,-1.0,-1.0,-1.0,-1.0,-1.0,-1.0,4.0,4.0,1.0,0.4762576401214801,0.3955127310509079,,,,,,,,,,,,,,,,,,,,,,,
3257,53517.4341,,,,,,Frage 1,,,,,,1.0,-1.0,-1.0,-1.0,-1.0,0.0,0.0,53534.890000000014,-1.0,-1.0,-1.0,-1.0,-1.0,-1.0,4.0,4.0,1.0,0.4759322966953752,0.3954061960765668,,,,,,,,,,,,,,,,,,,,,,,
3258,53530.1859,,,,,,Frage 1,1.0,0.0912431851029396,29.4086359144301,0.193574607372284,202.73046875,,,,,,0.6585048574425887,0.6495113533451946,,,,,,,,,,,0.37959439571535225,0.3642823432120883,,,,,,,,,,,,,,,,,,,,,,,
3259,53534.089,,,,,,Frage 1,,,,,,1.0,-1.0,-1.0,-1.0,-1.0,0.03388974098219233,0.0,53551.544,-1.0,-1.0,-1.0,-1.0,-1.0,-1.0,4.0,4.0,1.0,0.4762576401214801,0.3955127310509079,,,,,,,,,,,,,,,,,,,,,,,
3260,53550.7432,,,,,,Frage 1,,,,,,1.0,-1.0,-1.0,-1.0,-1.0,0.0,0.0,53568.199000000015,-1.0,-1.0,-1.0,-1.0,-1.0,-1.0,4.0,4.0,1.0,0.4759322966953752,0.3954061960765668,,,,,,,,,,,,,,,,,,,,,,,
3261,53567.3995,,,,,,Frage 1,,,,,,1.0,-1.0,-1.0,-1.0,-1.0,0.0,0.018097082863962055,53584.85400000005,-1.0,-1.0,-1.0,-1.0,-1.0,-1.0,4.0,4.0,1.0,0.47307184518740275,0.394481298666511,,,,,,,,,,,,,,,,,,,,,,,
3262,53584.0527,,,,,,Frage 1,,,,,,1.0,-1.0,-1.0,-1.0,-1.0,0.0,0.0,53601.50800000003,-1.0,-1.0,-1.0,-1.0,-1.0,-1.0,4.0,4.0,1.0,0.4759322966953752,0.3954061960765668,,,,,,,,,,,,,,,,,,,,,,,
3263,53600.7069,,,,,,Frage 1,,,,,,1.0,-1.0,-1.0,-1.0,-1.0,0.0,0.0,53618.16300000006,-1.0,-1.0,-1.0,-1.0,-1.0,-1.0,4.0,4.0,1.0,0.4759322966953752,0.3954061960765668,,,,,,,,,,,,,,,,,,,,,,,
3264,53617.3628,,,,,,Frage 1,,,,,,1.0,-1.0,-1.0,-1.0,-1.0,0.0,0.0,53634.81799999997,-1.0,-1.0,-1.0,-1.0,-1.0,-1.0,4.0,4.0,1.0,0.4759322966953752,0.3954061960765668,,,,,,,,,,,,,,,,,,,,,,,
3265,53634.0161,,,,,,Frage 1,,,,,,1.0,-1.0,-1.0,-1.0,-1.0,0.0,0.0,53651.47200000008,-1.0,-1.0,-1.0,-1.0,-1.0,-1.0,4.0,4.0,1.0,0.4759322966953752,0.3954061960765668,,,,,,,,,,,,,,,,,,,,,,,
3266,53650.6715,,,,,,Frage 1,,,,,,1.0,-1.0,-1.0,-1.0,-1.0,0.0,0.0,53668.12699999998,-1.0,-1.0,-1.0,-1.0,-1.0,-1.0,4.0,4.0,1.0,0.4759322966953752,0.3954061960765668,,,,,,,,,,,,,,,,,,,,,,,
3267,53667.3261,,,,,,Frage 1,,,,,,1.0,-1.0,-1.0,-1.0,-1.0,0.0,0.0,53684.78200000001,-1.0,-1.0,-1.0,-1.0,-1.0,-1.0,4.0,4.0,1.0,0.4759322966953752,0.3954061960765668,,,,,,,,,,,,,,,,,,,,,,,
3268,53683.9826,,,,,,Frage 1,,,,,,1.0,-1.0,-1.0,-1.0,-1.0,0.0,0.0,53701.436,-1.0,-1.0,-1.0,-1.0,-1.0,-1.0,4.0,4.0,1.0,0.4759322966953752,0.3954061960765668,,,,,,,,,,,,,,,,,,,,,,,
3269,53700.6353,,,,,,Frage 1,,,,,,1.0,-1.0,-1.0,-1.0,-1.0,0.0,0.0,53718.091000000015,-1.0,-1.0,-1.0,-1.0,-1.0,-1.0,4.0,4.0,1.0,0.4759322966953752,0.3954061960765668,,,,,,,,,,,,,,,,,,,,,,,
3270,53717.2911,,,,,,Frage 1,,,,,,1.0,-1.0,-1.0,-1.0,-1.0,0.0,0.0,53734.74600000004,-1.0,-1.0,-1.0,-1.0,-1.0,-1.0,4.0,4.0,1.0,0.4759322966953752,0.3954061960765668,,,,,,,,,,,,,,,,,,,,,,,
3271,53733.9455,,,,,,Frage 1,,,,,,1.0,-1.0,-1.0,-1.0,-1.0,0.0,0.0,53751.40100000007,-1.0,-1.0,-1.0,-1.0,-1.0,-1.0,4.0,4.0,1.0,0.4759322966953752,0.3954061960765668,,,,,,,,,,,,,,,,,,,,,,,
3272,53750.6005,,,,,,Frage 1,,,,,,1.0,-1.0,-1.0,-1.0,-1.0,0.03388974098219233,0.0,53768.05500000005,-1.0,-1.0,-1.0,-1.0,-1.0,-1.0,4.0,4.0,1.0,0.4762576401214801,0.3955127310509079,,,,,,,,,,,,,,,,,,,,,,,
3273,53767.2554,,,,,,Frage 1,,,,,,1.0,-1.0,-1.0,-1.0,-1.0,0.03388974098219233,0.0,53784.70999999996,-1.0,-1.0,-1.0,-1.0,-1.0,-1.0,4.0,4.0,1.0,0.4762576401214801,0.3955127310509079,,,,,,,,,,,,,,,,,,,,,,,
3274,53783.9095,,,,,,Frage 1,,,,,,1.0,-1.0,-1.0,-1.0,-1.0,0.0,0.0,53801.36499999999,-1.0,-1.0,-1.0,-1.0,-1.0,-1.0,4.0,4.0,1.0,0.4759322966953752,0.3954061960765668,,,,,,,,,,,,,,,,,,,,,,,
3275,53800.5649,,,,,,Frage 1,,,,,,1.0,-1.0,-1.0,-1.0,-1.0,0.0,0.0,53818.01899999997,-1.0,-1.0,-1.0,-1.0,-1.0,-1.0,4.0,4.0,1.0,0.4759322966953752,0.3954061960765668,,,,,,,,,,,,,,,,,,,,,,,
3276,53817.2185,,,,,,Frage 1,,,,,,1.0,-1.0,-1.0,-1.0,-1.0,0.0,0.0,53834.674,-1.0,-1.0,-1.0,-1.0,-1.0,-1.0,4.0,4.0,1.0,0.4759322966953752,0.3954061960765668,,,,,,,,,,,,,,,,,,,,,,,
3277,53833.8742,,,,,,Frage 1,,,,,,1.0,-1.0,-1.0,-1.0,-1.0,0.03388974098219233,0.0,53851.32900000003,-1.0,-1.0,-1.0,-1.0,-1.0,-1.0,4.0,4.0,1.0,0.4762576401214801,0.3955127310509079,,,,,,,,,,,,,,,,,,,,,,,
3278,53850.5284,,,,,,Frage 1,,,,,,1.0,-1.0,-1.0,-1.0,-1.0,0.0,0.0,53867.98300000001,-1.0,-1.0,-1.0,-1.0,-1.0,-1.0,4.0,4.0,1.0,0.4759322966953752,0.3954061960765668,,,,,,,,,,,,,,,,,,,,,,,
3279,53867.1821,,,,,,Frage 1,,,,,,1.0,-1.0,-1.0,567.0,417.0,0.8436778892354415,0.8435822718361313,53884.63800000004,-1.0,531.7329711914064,-1.0,-1.0,0.5040493011474609,0.242696076631546,4.0,0.0,1.0,0.30260180995475106,0.3835360149672591,567.0,417.0,531.732971191406,,,,,,,,,,,,,,,,,,,,
3280,53883.8385,,,,,,Frage 1,,,,,,1.0,-1.0,-1.0,567.0,417.0,0.0,0.8435822718361313,53901.29300000006,-1.0,531.3206176757812,-1.0,-1.0,0.5068172216415405,0.2577985227108001,4.0,0.0,1.0,0.30260180995475106,0.3835360149672591,567.0,417.0,531.320617675781,215.084407417333,,,,,,,,,,133.0,133.0,53875.5103,53975.4381,99.9278000000049,1.97889593219203,215.084407417333,933.307077982931,-6627.02202396222,136.016978030719
3281,53900.4915,,,,,,Frage 1,,,,,,1.0,501.0,690.0,451.0,548.0,0.8328274230026111,0.8528813087215967,53917.94700000005,537.4907836914064,537.6093139648438,0.6712657213211058,0.2650589942932128,0.505256175994873,0.2598142623901367,0.0,0.0,1.0,0.251131221719457,0.5724976613657623,476.0,619.0,537.550048828125,204.408258281788,-641.094645742241,,,,,,,,,133.0,133.0,53875.5103,53975.4381,99.9278000000049,1.97889593219203,215.084407417333,933.307077982931,-6627.02202396222,136.016978030719
3282,53917.1468,,,,,,Frage 1,,,,,,1.0,516.0,677.0,451.0,548.0,0.841025167374775,0.8528813087215967,53934.60200000007,540.4572143554688,540.4132690429688,0.6686215996742249,0.2609504163265228,0.5040053129196167,0.2584969699382782,0.0,0.0,1.0,0.2553733031674208,0.5664172123479887,483.5,612.5,540.435241699219,94.0332183660515,-6627.02202396222,,,,,,,,,133.0,133.0,53875.5103,53975.4381,99.9278000000049,1.97889593219203,215.084407417333,933.307077982931,-6627.02202396222,136.016978030719
3283,53933.8027,,,,,,Frage 1,,,,,,1.0,543.0,623.0,479.0,430.0,0.8643502963070212,0.8850770813022937,53951.25699999998,541.5570068359375,541.4521484375,0.668114960193634,0.2603682279586792,0.5043607950210571,0.2597390413284301,0.0,0.0,1.0,0.2709276018099547,0.4859681945743685,511.0,526.5,541.504577636719,109.578287726225,933.307077982931,,,,,,,,,133.0,133.0,53875.5103,53975.4381,99.9278000000049,1.97889593219203,215.084407417333,933.307077982931,-6627.02202396222,136.016978030719
3284,53950.4551,,,,,,Frage 1,,,,,,1.0,563.0,560.0,481.0,448.0,0.8867543023180345,0.8920968899649679,53967.91099999997,540.248779296875,540.0987548828125,0.6680971384048461,0.2599630951881408,0.5048860907554626,0.2606320977210998,0.0,0.0,1.0,0.2771493212669683,0.4649204864359214,522.0,504.0,540.173767089844,66.4599622900257,-2589.31598065157,,,,,,,,,133.0,133.0,53875.5103,53975.4381,99.9278000000049,1.97889593219203,215.084407417333,933.307077982931,-6627.02202396222,136.016978030719
3285,53967.1112,,,,,,Frage 1,,,,,,1.0,564.0,482.0,484.0,435.0,0.9073135662185033,0.8952947730413635,53984.56599999999,540.72216796875,540.5325927734375,0.6677455902099609,0.2597073912620544,0.5049164891242981,0.2613674998283386,0.0,0.0,1.0,0.2782805429864253,0.42235734331150604,524.0,458.5,540.627380371094,46.3113958155138,-1209.6809261779,,,,,,,,,133.0,133.0,53875.5103,53975.4381,99.9278000000049,1.97889593219203,215.084407417333,933.307077982931,-6627.02202396222,136.016978030719
3286,53983.765,,,,,,Frage 1,,,,,,1.0,552.0,489.0,473.0,424.0,0.9062376746763589,0.8963233318469793,54001.22100000002,539.8790893554688,539.6593627929688,0.667676270008087,0.2596438825130462,0.5051065683364868,0.2620493471622467,0.0,0.0,1.0,0.27177601809954743,0.4204864359214218,512.5,456.5,539.769226074219,12.0728385645795,-2055.90059031177,103.0,102.0,519.625,452.5,53975.4381,54042.05765,66.6195500000031,0.23205973173725,,,,,,,,,,
3287,54000.4216,,,,,,Frage 1,,,,,,1.0,555.0,476.0,477.0,421.0,0.909450371694317,0.8995532605551567,54017.87600000005,538.870849609375,538.626953125,0.6676728725433348,0.2597252130508422,0.5052820444107055,0.2627085447311401,0.0,0.0,1.0,0.27375565610859726,0.4130028063610851,516.0,448.5,538.748901367188,15.0892731318104,181.095455689067,103.0,102.0,519.625,452.5,53975.4381,54042.05765,66.6195500000031,0.23205973173725,,,,,,,,,,
3288,54017.076,,,,,,Frage 1,,,,,,1.0,566.0,470.0,486.0,426.0,0.9109106885206616,0.900603151816419,54034.53000000002,537.859619140625,537.59619140625,0.6677204370498657,0.2598305642604827,0.5054144859313964,0.2632713019847869,0.0,0.0,1.0,0.2794117647058823,0.41253507951356405,526.0,448.0,537.727905273438,11.0134481813124,-244.72961802876,103.0,102.0,519.625,452.5,53975.4381,54042.05765,66.6195500000031,0.23205973173725,,,,,,,,,,
3289,54033.7296,,,,,,Frage 1,,,,,,1.0,563.0,475.0,485.0,439.0,0.911015531779989,0.9002476404785344,54051.185000000056,537.1187744140625,536.8370361328125,0.6676870584487915,0.2598809003829956,0.5054457187652587,0.2636843621730804,0.0,0.0,1.0,0.2782805429864253,0.4209541627689429,524.0,457.0,536.977905273438,4.85163951557727,-369.998598845649,103.0,102.0,519.625,452.5,53975.4381,54042.05765,66.6195500000031,0.23205973173725,,,,,,,,,,
3290,54050.3857,,,,,,Frage 1,,,,,,1.0,571.0,467.0,480.0,439.0,0.9124983150190464,0.8960446953708365,54067.83999999997,536.9214477539064,536.6276245117188,0.6676365137100219,0.2600327432155609,0.5054358839988708,0.2640987932682037,0.0,0.0,1.0,0.27912895927601805,0.4172123479887745,525.5,453.0,536.774536132813,65.922090942598,3666.55167938594,,,,,,,,,134.0,134.0,54042.05765,54092.0216,49.9639499999976,3.39902623663154,94.3090317159807,3666.55167938594,-3700.64027483235,189.323591778138
3291,54067.0388,,,,,,Frage 1,,,,,,1.0,506.0,452.0,404.0,427.0,0.9149920868301888,0.9003005045905961,54084.494000000064,534.0618286132812,533.7835083007812,0.6686667203903198,0.2601441442966461,0.5064234733581543,0.264463186264038,0.0,0.0,1.0,0.23925339366515833,0.40458372310570623,455.0,439.5,533.922668457031,94.3090317159807,1704.6039940538,,,,,,,,,134.0,134.0,54042.05765,54092.0216,49.9639499999976,3.39902623663154,94.3090317159807,3666.55167938594,-3700.64027483235,189.323591778138
3292,54083.694,,,,,,Frage 1,,,,,,1.0,476.0,454.0,374.0,419.0,0.9175482653433117,0.9050625113827496,54101.148999999976,532.3323364257812,532.0625610351562,0.6693050265312194,0.2604552507400512,0.5070930123329161,0.2650017142295837,0.0,0.0,1.0,0.22228506787330313,0.40177736202057995,425.0,436.5,532.197448730469,32.674127810589,-3700.64027483235,,,,,,,,,134.0,134.0,54042.05765,54092.0216,49.9639499999976,3.39902623663154,94.3090317159807,3666.55167938594,-3700.64027483235,189.323591778138
3293,54100.3492,,,,,,Frage 1,,,,,,1.0,475.0,460.0,364.0,422.0,0.9143805011507797,0.9007906323987872,54117.804,534.1235961914064,533.8452758789064,0.6688350439071655,0.2606121003627777,0.5066592097282409,0.2652008831501007,0.0,0.0,1.0,0.21917420814479635,0.40598690364826934,419.5,441.0,533.984436035156,14.1084551833422,-1114.70727624128,104.0,103.0,428.029411764706,424.0,54092.0216,54375.1511,283.129500000003,0.571017473000721,,,,,,,,,,
3294,54117.0027,,,,,,Frage 1,,,,,,1.0,463.0,453.0,356.0,420.0,0.9140410086920056,0.899708601609119,54134.457999999984,534.8469848632812,534.5659790039064,0.6686915159225463,0.2609138786792755,0.5065086483955383,0.2655456364154815,0.0,0.0,1.0,0.21351809954751125,0.40177736202057995,409.5,436.5,534.706481933594,11.3362187684008,-166.465692793788,104.0,103.0,428.029411764706,424.0,54092.0216,54375.1511,283.129500000003,0.571017473000721,,,,,,,,,,
3295,54133.6587,,,,,,Frage 1,,,,,,1.0,461.0,449.0,368.0,411.0,0.9185492688430797,0.9037903217166793,54151.113000000005,534.7162475585938,534.4408569335938,0.6689037680625916,0.2610919475555419,0.5067020654678344,0.2657969295978546,0.0,0.0,1.0,0.21634615384615377,0.3956969130028063,414.5,430.0,534.578552246094,8.73932322525786,-155.913517239587,104.0,103.0,428.029411764706,424.0,54092.0216,54375.1511,283.129500000003,0.571017473000721,,,,,,,,,,
3296,54150.3127,,,,,,Frage 1,,,,,,1.0,462.0,450.0,364.0,406.0,0.9201443841457022,0.9045509572222876,54167.76800000004,534.584228515625,534.311767578125,0.6690545082092285,0.2612313032150268,0.5068155527114868,0.2659927904605865,0.0,0.0,1.0,0.21549773755656101,0.39382600561272213,413.0,428.0,534.447998046875,3.29191950507897,-327.092813749138,104.0,103.0,428.029411764706,424.0,54092.0216,54375.1511,283.129500000003,0.571017473000721,,,,,,,,,,
3297,54166.9673,,,,,,Frage 1,,,,,,1.0,471.0,450.0,352.0,406.0,0.9216945666228988,0.9061016894678765,54184.42200000002,534.4743041992188,534.2051391601562,0.6692041754722595,0.2614071071147918,0.5069009065628051,0.2661997079849243,0.0,0.0,1.0,0.21464932126696826,0.39382600561272213,411.5,428.0,534.339721679688,7.93355335807918,278.699809842432,104.0,103.0,428.029411764706,424.0,54092.0216,54375.1511,283.129500000003,0.571017473000721,,,,,,,,,,
3298,54183.6231,,,,,,Frage 1,,,,,,1.0,470.0,446.0,348.0,395.0,0.9219142382138703,0.9024672444639662,54201.07700000005,534.3294677734375,534.0662841796875,0.669368028640747,0.2615930140018463,0.5069987177848815,0.2663541138172149,0.0,0.0,1.0,0.213235294117647,0.3868101028999064,409.0,420.5,534.197875976563,13.0021392619584,304.313566678219,104.0,103.0,428.029411764706,424.0,54092.0216,54375.1511,283.129500000003,0.571017473000721,,,,,,,,,,
3299,54200.2767,,,,,,Frage 1,,,,,,1.0,469.0,444.0,358.0,385.0,0.923803913149841,0.9027511436315524,54217.73199999996,533.8917846679688,533.6358032226562,0.669645607471466,0.2617595791816711,0.5072273015975952,0.2665460407733917,0.0,0.0,1.0,0.35470549848881716,0.3811973807296538,413.5,414.5,533.763793945313,9.09343863387075,-234.706047226213,104.0,103.0,428.029411764706,424.0,54092.0216,54375.1511,283.129500000003,0.571017473000721,,,,,,,,,,
3300,54216.9317,,,,,,Frage 1,,,,,,1.0,464.0,443.0,374.0,399.0,0.9222287679918523,0.9040313681797242,54234.38600000006,533.602783203125,533.3526611328125,0.6698729991912841,0.2619323432445526,0.5074387788772583,0.266773372888565,0.0,0.0,1.0,0.2188914027149321,0.38727782974742747,419.0,421.0,533.477722167969,23.4935919798491,864.614430860366,104.0,103.0,428.029411764706,424.0,54092.0216,54375.1511,283.129500000003,0.571017473000721,,,,,,,,,,
3301,54233.5854,,,,,,Frage 1,,,,,,1.0,481.0,454.0,383.0,410.0,0.9228029096500732,0.9025904459895224,54251.04099999997,534.3884887695312,534.1342163085938,0.6696544885635376,0.2621119320392608,0.5071966648101806,0.2669412493705749,0.0,0.0,1.0,0.22624434389140266,0.3975678203928905,432.0,432.0,534.261352539063,22.6362254698576,-51.4820436294298,104.0,103.0,428.029411764706,424.0,54092.0216,54375.1511,283.129500000003,0.571017473000721,,,,,,,,,,
3302,54250.2407,,,,,,Frage 1,,,,,,1.0,501.0,448.0,379.0,420.0,0.9247774577007374,0.9061070460559444,54267.696,535.5758056640625,535.3260498046875,0.6695936918258667,0.2623408734798431,0.5070879459381104,0.2671784460544586,0.0,0.0,1.0,0.2307692307692307,0.3994387277829747,440.0,434.0,535.450927734375,11.7898831911461,-651.224671949013,104.0,103.0,428.029411764706,424.0,54092.0216,54375.1511,283.129500000003,0.571017473000721,,,,,,,,,,
3303,54266.8965,,,,,,Frage 1,,,,,,1.0,495.0,435.0,390.0,415.0,0.9266197035432029,0.9054347942534523,54284.35100000002,535.7281494140625,535.4892578125,0.6698564887046814,0.2624633908271789,0.5073254108428955,0.2673427164554595,0.0,0.0,1.0,0.23218325791855196,0.39101964452759586,442.5,425.0,535.608703613281,7.22682869324225,-273.96189302848,104.0,103.0,428.029411764706,424.0,54092.0216,54375.1511,283.129500000003,0.571017473000721,,,,,,,,,,
3304,54283.549,,,,,,Frage 1,,,,,,1.0,501.0,445.0,381.0,408.0,0.9275258488559603,0.9015673376685985,54301.005000000005,535.8150634765625,535.5831298828125,0.6700507402420043,0.262457937002182,0.5074813961982727,0.2673790752887725,0.0,0.0,1.0,0.2313348416289592,0.39242282507015896,441.0,426.5,535.699096679688,10.9561564046641,223.950020202531,104.0,103.0,428.029411764706,424.0,54092.0216,54375.1511,283.129500000003,0.571017473000721,,,,,,,,,,
3305,54300.2058,,,,,,Frage 1,,,,,,1.0,498.0,446.0,364.0,397.0,0.9260530506892196,0.8987551289330747,54317.66000000003,535.869140625,535.6439208984375,0.6702423691749572,0.2625796198844909,0.5076321363449096,0.2675417363643646,0.0,0.0,1.0,0.22567873303167416,0.38774555659494847,431.0,421.5,535.756530761719,13.8156886895661,171.673567846242,104.0,103.0,428.029411764706,424.0,54092.0216,54375.1511,283.129500000003,0.571017473000721,,,,,,,,,,
3306,54316.86,,,,,,Frage 1,,,,,,1.0,484.0,445.0,384.0,382.0,0.9235368124653642,0.8966740944687871,54334.31500000006,536.4139404296875,536.2003173828125,0.67043137550354,0.262770801782608,0.5078047513961792,0.2677494585514068,0.0,0.0,1.0,0.22737556561085967,0.38026192703461176,434.0,413.5,536.30712890625,19.0198152165994,312.481327655135,104.0,103.0,428.029411764706,424.0,54092.0216,54375.1511,283.129500000003,0.571017473000721,,,,,,,,,,
3307,54333.5134,,,,,,Frage 1,,,,,,1.0,498.0,439.0,399.0,383.0,0.9214299622065014,0.8936583353866923,54350.96900000004,536.3783569335938,536.1824340820312,0.6708418130874633,0.2629462480545043,0.5081673860549926,0.2679053843021392,0.0,0.0,1.0,0.23557692307692304,0.3176551876295226,448.5,411.0,536.280395507813,15.5837446979939,-206.328468577281,104.0,103.0,428.029411764706,424.0,54092.0216,54375.1511,283.129500000003,0.571017473000721,,,,,,,,,,
3308,54350.1698,,,,,,Frage 1,,,,,,1.0,502.0,430.0,400.0,395.0,0.8927052183487046,0.8951929978680779,54367.62400000007,536.150146484375,535.9698486328125,0.6712322831153869,0.2632169127464294,0.5085045099258422,0.2681501805782318,0.0,0.0,1.0,0.2369909502262443,0.37932647333956965,451.0,412.5,536.059997558594,2.00281402474475,-815.358100985165,104.0,103.0,428.029411764706,424.0,54092.0216,54375.1511,283.129500000003,0.571017473000721,,,,,,,,,,
3309,54366.8238,,,,,,Frage 1,,,,,,1.0,494.0,431.0,400.0,394.0,0.9169217020554271,0.8911755568173296,54384.27899999998,536.1818237304688,536.0119018554688,0.6714690923690795,0.2634589970111846,0.5087087154388427,0.2683867216110229,0.0,0.0,1.0,0.3554113418801019,0.37932647333956965,447.0,412.5,536.096862792969,17.6123607175902,937.285138276099,104.0,103.0,428.029411764706,424.0,54092.0216,54375.1511,283.129500000003,0.571017473000721,,,,,,,,,,
3310,54383.4784,,,,,,Frage 1,,,,,,1.0,479.0,423.0,394.0,377.0,0.9139436542369158,0.883443321941656,54400.93299999996,536.05517578125,535.897705078125,0.6717733740806578,0.2639998495578765,0.5089840292930603,0.2689203917980194,0.0,0.0,1.0,0.22878959276018093,0.36763330215154344,436.5,400.0,535.976440429688,137.903984991268,7222.72671055836,,,,,,,,,135.0,135.0,54375.1511,54408.4604,33.3092999999935,5.3107502514529,318.769857902677,10860.0105024761,,70.9977847672201
3311,54400.1327,,,,,,Frage 1,,,,,,1.0,510.0,561.0,467.0,541.0,0.9168268438684167,0.8880258830335429,54417.58799999999,536.1624145507812,535.9085083007812,0.6693841218948364,0.2660975158214569,0.5065483450889587,0.2707234621047973,0.0,0.0,1.0,0.2582013574660633,0.3249847023677037,488.5,551.0,536.035461425781,318.769857902677,10860.0105024761,,,,,,,,,135.0,135.0,54375.1511,54408.4604,33.3092999999935,5.3107502514529,318.769857902677,10860.0105024761,,70.9977847672201
3312,54416.7881,,,,,,Frage 1,,,,,,1.0,521.0,649.0,563.0,782.0,0.9169117169831104,0.9133513859348162,54434.24300000002,534.8143310546875,534.6331787109375,0.6710347533226013,0.2693052589893341,0.5087503790855407,0.2740614116191864,0.0,0.0,1.0,0.28846153846153844,0.6627689429373245,542.0,715.5,534.723754882813,,,,,,,,,,,,,,,,,,,,
3313,54433.4429,,,,,,Frage 1,,,,,,1.0,816.0,-1.0,756.0,-1.0,0.9033744551894918,0.87428355634595,54450.897,534.2341918945312,534.0289916992188,0.6703070402145385,0.2714966237545013,0.5085777044296264,0.2762677371501922,0.0,0.0,1.0,0.42647058823529405,0.37950158340846807,786.0,,534.131591796875,,,,,,,,,,,,,,,,,,,,
3314,54450.0964,,,,,,Frage 1,,,,,,1.0,826.0,-1.0,799.0,-1.0,0.6348706171950356,0.6219267048541918,54467.552000000025,535.8858642578125,535.66552734375,0.6695650815963745,0.2725073099136352,0.5083787441253662,0.2774852216243743,0.0,0.0,1.0,0.4414592760180994,0.38432273863242666,812.5,,535.775695800781,,,,,,,,,,,,,,,,,,,,
3315,54466.7526,,,,,,Frage 1,,,,,,1.0,840.0,-1.0,757.0,-1.0,0.871971865217289,0.8713856422013434,54484.207000000046,534.935791015625,534.7376708984375,0.6701798439025878,0.2725585103034973,0.5091091394424438,0.2775566279888153,0.0,0.0,1.0,0.43354072398190036,0.381790944165225,798.5,,534.836730957031,,,,,,,,,,,,,,,,,,,,
3316,54483.4055,,,,,,Frage 1,,,,,,1.0,850.0,-1.0,737.0,-1.0,0.900211683533118,0.8741401636287027,54500.86100000003,534.6724243164064,534.4856567382812,0.6705139875411987,0.2726737558841705,0.5094475150108337,0.277722418308258,0.0,0.0,1.0,0.43071266968325783,0.38087588596202077,793.5,,534.579040527344,,,,,,,,,,,,,,,,,,,,
3317,54500.0616,,,,,,Frage 1,,,,,,1.0,848.0,-1.0,730.0,-1.0,0.8945451549932851,0.8691706930353642,54517.51600000006,534.6658935546875,534.4837646484375,0.6706989407539367,0.2727299332618713,0.5096457004547119,0.2778899371623992,0.0,0.0,1.0,0.42816742081447956,0.3800505280029576,789.0,,534.574829101563,,,,,,,,,,,,,,,,,,,,
3318,54516.7163,,,,,,Frage 1,,,,,,1.0,841.0,-1.0,730.0,-1.0,0.8915621146386152,0.8654103682118638,54534.170999999966,534.6005859375,534.4254150390625,0.6709871888160704,0.2727874815464019,0.5098848342895507,0.2780724167823791,0.0,0.0,1.0,0.4261877828054298,0.3794086410810735,785.5,,534.513000488281,,,,,,,,,,,,,,,,,,,,
3319,54533.3699,,,,,,Frage 1,,,,,,1.0,832.0,-1.0,733.0,-1.0,0.8891981487675926,0.8644327908895151,54550.826,534.7463989257812,534.5752563476562,0.6711582541465759,0.2728021442890167,0.5099992752075195,0.2781912386417388,0.0,0.0,1.0,0.4244909502262443,0.37885869207053385,782.5,,534.660827636719,,,,,,,,,,,,,,,,,,,,
3320,54550.0257,,,,,,Frage 1,,,,,,1.0,823.0,-1.0,730.0,-1.0,0.886951507496293,0.8690501698038416,54567.47999999998,534.7332153320312,534.5679321289064,0.6713971495628356,0.2727765440940856,0.5101571679115295,0.2782500386238098,0.0,0.0,1.0,0.42109728506787325,0.3777595594638835,776.5,,534.650573730469,,,,,,,,,,,,,,,,,,,,
3321,54553.3403,,,,,,Frage 1,1.0,1.78565168380737,29.4078127731195,0.190707445144653,202.73046875,,,,,,0.6585048574425887,0.6495113533451946,,,,,,,,,,,0.37959439571535225,0.3642823432120883,,,,,,,,,,,,,,,,,,,,,,,
3322,54566.6794,,,,,,Frage 1,,,,,,1.0,828.0,-1.0,736.0,-1.0,0.8861901457321305,0.8677270925511288,54584.13500000001,534.6919555664064,534.5322875976562,0.6716428399085999,0.272818922996521,0.510296642780304,0.2783729434013366,0.0,0.0,1.0,0.42420814479638,0.3787673064616384,782.0,,534.612121582031,,,,,,,,,,,,,,,,,,,,
3323,54583.3357,,,,,,Frage 1,,,,,,1.0,832.0,-1.0,739.0,-1.0,0.8850343736114509,0.8638783840245117,54600.79000000004,534.3851318359375,534.229736328125,0.6719161868095397,0.2728078365325927,0.5104484558105468,0.2784465253353118,0.0,0.0,1.0,0.4261877828054298,0.3794082652427813,785.5,,534.307434082031,,,,,,,,,,,,,,,,,,,,
3324,54599.9894,,,,,,Frage 1,,,,,,1.0,830.0,-1.0,748.0,-1.0,0.8824432473452191,0.8646952637048306,54617.44400000002,534.1918334960938,534.0386352539064,0.6721280217170715,0.2727834582328796,0.5105403661727905,0.2785147428512573,0.0,0.0,1.0,0.42816742081447956,0.3800496612795214,789.0,,534.115234375,,,,,,,,,,,,,,,,,,,,
3325,54616.6431,,,,,,Frage 1,,,,,,1.0,830.0,-1.0,744.0,-1.0,0.8819115422443446,0.862183023901096,54634.099000000046,533.84716796875,533.6966552734375,0.6723748445510864,0.2727651596069335,0.5106483101844786,0.2785767912864685,0.0,0.0,1.0,0.42703619909502255,0.37968286989857153,787.0,,533.771911621094,,,,,,,,,,,,,,,,,,,,
3326,54633.2983,,,,,,Frage 1,,,,,,1.0,827.0,-1.0,736.0,-1.0,0.8792330465953401,0.8620598223755397,54650.75400000008,533.8800659179688,533.7268676757812,0.6724277138710022,0.2727940082550048,0.5105842947959899,0.278689295053482,0.0,0.0,1.0,0.4239253393665157,0.37867485844042853,781.5,,533.803466796875,,,,,,,,,,,,,,,,,,,,
3327,54649.9527,,,,,,Frage 1,,,,,,1.0,823.0,-1.0,739.0,-1.0,0.8781995916105422,0.8674539065596778,54667.40800000005,533.9053344726562,533.7517700195312,0.672542154788971,0.2729302644729614,0.5105819106101989,0.278920441865921,0.0,0.0,1.0,0.3472558637032767,0.3538346910998542,781.0,,533.828552246094,,,,,,,,,,,,,,,,,,,,
3328,54666.6078,,,,,,Frage 1,,,,,,1.0,831.0,-1.0,752.0,-1.0,0.8772709798850719,0.8673762360326965,54684.062999999966,534.8245849609375,534.657470703125,0.6722233295440673,0.2731540501117706,0.5102004408836364,0.2792926132678985,0.0,0.0,1.0,0.4295814479638008,0.3805079090724313,791.5,,534.741027832031,,,,,,,,,,,,,,,,,,,,
3329,54683.2627,,,,,,Frage 1,,,,,,1.0,884.0,-1.0,793.0,-1.0,0.8777477670882031,0.8629034849961967,54700.71799999999,533.6446533203125,533.4564208984375,0.6720755100250244,0.2735620141029357,0.5098945498466491,0.279778629541397,0.0,0.0,1.0,0.45616515837104066,0.38912050716319785,838.5,,533.550537109375,,,,,,,,,,,,,,,,,,,,
3330,54699.9175,,,,,,Frage 1,,,,,,1.0,977.0,-1.0,896.0,-1.0,0.8779874088238083,0.8596493577450907,54717.37199999997,531.855224609375,531.65771484375,0.6722915768623352,0.273892194032669,0.5099654197692871,0.2801891267299652,0.0,0.0,1.0,0.5115950226244343,0.4070792964353412,936.5,,531.756469726563,,,,,,,,,,,,,,,,,,,,
3331,54716.571,,,,,,Frage 1,,,,,,1.0,984.0,-1.0,901.0,-1.0,0.8765121143889885,0.8592985012266586,54734.027,531.7423706054688,531.5388793945312,0.6723423600196838,0.2742006182670593,0.5099171996116638,0.2806611955165863,0.0,0.0,1.0,0.5149886877828054,0.40817874894363027,942.5,,531.640625,,,,,,,,,,,,,,,,,,,,
3332,54733.227,,,,,,Frage 1,,,,,,1.0,987.0,-1.0,890.0,-1.0,0.8741980738795501,0.8577959782736788,54750.68200000003,531.1023559570312,530.9002075195312,0.6726880669593811,0.2745297253131866,0.5101273655891418,0.281186819076538,0.0,0.0,1.0,0.5127262443438914,0.40744549071145786,938.5,,531.001281738281,,,,,,,,,,,,,,,,,,,,
3333,54749.8808,,,,,,Frage 1,,,,,,1.0,980.0,-1.0,890.0,-1.0,0.8728051562913444,0.8566068157226573,54767.33600000001,531.24267578125,531.0413818359375,0.6729015111923217,0.2749405205249786,0.5102424621582031,0.2818343341350555,0.0,0.0,1.0,0.5107466063348416,0.4068039237743934,935.0,,531.142028808594,,,,,,,,,,,,,,,,,,,,
3334,54766.5352,,,,,,Frage 1,,,,,,1.0,977.0,-1.0,877.0,-1.0,0.8710353022231763,0.8550453703009331,54783.99100000004,530.5872802734375,530.396484375,0.6734811067581176,0.2753196954727172,0.510693073272705,0.2824519276618957,0.0,0.0,1.0,0.5062217194570134,0.4053376521908194,927.0,,530.491882324219,,,,,,,,,,,,,,,,,,,,
3335,54783.1915,,,,,,Frage 1,,,,,,1.0,984.0,-1.0,874.0,-1.0,0.8703563173056281,0.8528197079588187,54800.64600000007,530.9368896484375,530.761962890625,0.6739761233329772,0.2756166160106658,0.5110909342765808,0.2829573452472686,0.0,0.0,1.0,0.5073529411764706,0.4057039109923583,929.0,,530.849426269531,,,,,,,,,,,,,,,,,,,,
3336,54799.8454,,,,,,Frage 1,,,,,,1.0,989.0,-1.0,867.0,-1.0,0.8686938027648665,0.8525866963778752,54817.30099999998,530.4283447265625,530.276611328125,0.674805462360382,0.2758150994777679,0.5118000507354736,0.283381849527359,0.0,0.0,1.0,0.5067873303167421,0.4055205752840826,928.0,,530.352478027344,,,,,,,,,,,,,,,,,,,,
3337,54816.4998,,,,,,Frage 1,,,,,,1.0,978.0,-1.0,879.0,-1.0,0.6110420577694349,0.593876063436297,54833.95500000008,530.917236328125,530.7935791015625,0.6755325198173522,0.2759719789028167,0.5124651789665222,0.2837454080581665,0.0,0.0,1.0,0.5070701357466063,0.4055767659318586,928.5,,530.855407714844,,,,,,,,,,,,,,,,,,,,
3338,54833.1552,,,,,,Frage 1,,,,,,1.0,977.0,-1.0,903.0,-1.0,0.8644850947832989,0.8582861060818701,54850.60999999999,530.0040893554688,529.9253540039064,0.676864504814148,0.2761852741241455,0.5137298703193665,0.2841414511203765,0.0,0.0,1.0,0.5135746606334841,0.40772010380922097,940.0,,529.964721679688,,,,,,,,,,,,,,,,,,,,
3339,54849.8091,,,,,,Frage 1,,,,,,1.0,981.0,-1.0,905.0,-1.0,0.864103165767178,0.8523108320923906,54867.265000000014,530.2362670898438,530.2102661132812,0.6780434250831604,0.276282787322998,0.514899730682373,0.2842795252799987,0.0,0.0,1.0,0.5152714932126696,0.4082692390986531,943.0,,530.223266601563,,,,,,,,,,,,,,,,,,,,
3340,54866.4641,,,,,,Frage 1,,,,,,1.0,962.0,-1.0,848.0,-1.0,0.8542574237596628,0.852908091661935,54883.919,529.4630126953125,529.4976806640625,0.6796862483024597,0.2767481505870819,0.5164855122566223,0.2849085330963134,0.0,0.0,1.0,0.49377828054298634,0.4013052342218018,905.0,,529.480346679688,,,,,,,,,,,,,,,,,,,,
3341,54883.1186,,,,,,Frage 1,,,,,,1.0,960.0,-1.0,855.0,-1.0,0.8705435374115696,0.8578977534469644,54900.574000000015,529.8976440429688,530.0054321289064,0.6812981367111206,0.2769809961318969,0.5180929899215698,0.2851984798908233,0.0,0.0,1.0,0.4951923076923076,0.4017644340444832,907.5,,529.951538085938,,,,,,,,,,,,,,,,,,,,
3342,54899.7743,,,,,,Frage 1,,,,,,1.0,954.0,-1.0,854.0,-1.0,0.871524570766704,0.8581870092026183,54917.22900000005,529.7516479492188,529.9320678710938,0.6829537749290466,0.2771656811237335,0.5197277069091796,0.2853609025478363,0.0,0.0,1.0,0.49321266968325783,0.40112309953617037,904.0,,529.841857910156,,,,,,,,,,,,,,,,,,,,
3343,54916.4284,,,,,,Frage 1,,,,,,1.0,955.0,-1.0,846.0,-1.0,0.864305363481595,0.8533392970013821,54933.88300000003,529.9832153320312,530.2459106445312,0.6848006248474121,0.277549147605896,0.5215581655502319,0.2857927680015564,0.0,0.0,1.0,0.49123303167420806,0.4004809590275961,900.5,,530.114562988281,,,,,,,,,,,,,,,,,,,,
3344,54933.0818,,,,,,Frage 1,,,,,,1.0,953.0,-1.0,857.0,-1.0,0.8633218338583818,0.8535857000524948,54950.53800000006,530.1737670898438,530.5204467773438,0.6865039467811584,0.2776109874248504,0.5232754349708557,0.2856440246105194,0.0,0.0,1.0,0.49377828054298634,0.4013056054448687,905.0,,530.347106933594,,,,,,,,,,,,,,,,,,,,
3345,54949.7383,,,,,,Frage 1,,,,,,1.0,947.0,-1.0,850.0,-1.0,0.8649319267694796,0.8474463249345253,54967.19299999997,530.1106567382812,530.5415649414064,0.6884469985961914,0.2772978246212005,0.5251991748809814,0.285355120897293,0.0,0.0,1.0,0.35029083776815956,0.35481549448611954,898.5,,530.326110839844,,,,,,,,,,,,,,,,,,,,
3346,54966.3915,,,,,,Frage 1,,,,,,1.0,963.0,-1.0,859.0,-1.0,0.8645799529703093,0.8537196147541863,54983.84700000008,530.0215454101562,530.541015625,0.690211832523346,0.27830171585083,0.5269354581832885,0.2860201299190521,0.0,0.0,1.0,0.49717194570135737,0.40240519904236044,911.0,,530.281280517578,,,,,,,,,,,,,,,,,,,,
3347,54983.0476,,,,,,Frage 1,,,,,,1.0,967.0,-1.0,870.0,-1.0,0.86419303141803,0.8595716872181095,55000.50199999998,529.5735473632812,530.1852416992188,0.6921944618225097,0.278915911912918,0.5288554430007933,0.2863463461399078,0.0,0.0,1.0,0.5014140271493212,0.40378021681139464,918.5,,529.87939453125,,,,,,,,,,,,,,,,,,,,
3348,54999.7026,,,,,,Frage 1,,,,,,1.0,962.0,-1.0,869.0,-1.0,0.8635839420067001,0.8573674512282656,55017.15700000001,529.8805541992188,530.5662231445312,0.6936073899269104,0.2795362472534179,0.5302647948265075,0.2867062389850616,0.0,0.0,1.0,0.3487097879539898,0.35430422516529947,915.5,,530.223388671875,,,,,,,,,,,,,,,,,,,,
3349,55016.3553,,,,,,Frage 1,,,,,,1.0,952.0,-1.0,869.0,-1.0,0.8607856254898927,0.8572790675251492,55033.811,529.3240356445312,530.0888671875,0.6953650712966918,0.2801555097103118,0.5319619178771972,0.287103533744812,0.0,0.0,1.0,0.4968891402714931,0.40231381489622936,910.5,,529.706451416016,,,,,,,,,,,,,,,,,,,,
3350,55033.0111,,,,,,Frage 1,,,,,,1.0,948.0,-1.0,861.0,-1.0,0.8584940513931674,0.8575013659299573,55050.466000000015,528.9637451171875,529.7970581054688,0.69684499502182,0.2806589305400848,0.5333726406097412,0.2873763442039489,0.0,0.0,1.0,0.4934954751131221,0.4012142240244694,904.5,,529.380401611328,,,,,,,,,,,,,,,,,,,,
3351,55049.6655,,,,,,Frage 1,,,,,,1.0,948.0,-1.0,859.0,-1.0,0.8599468794152743,0.8509422238411022,55067.12100000004,528.9420776367188,529.8740234375,0.6990501284599304,0.2824763655662536,0.5349406599998474,0.2888709902763366,0.0,0.0,1.0,0.4929298642533936,0.4010303342329733,903.5,,529.408050537109,,,,,,,,,,,,,,,,,,,,
3352,55066.3208,,,,,,Frage 1,,,,,,1.0,391.0,-1.0,-1.0,-1.0,0.8515219746479015,0.0,55083.77600000007,529.0228881835938,-1.0,0.6997653245925903,0.2868200838565826,-1.0,-1.0,0.0,4.0,1.0,0.2030542986425339,0.3070227527082513,391.0,,529.022888183594,,,,,,,,,,,,,,,,,,,,
3353,55082.975,,,,,,Frage 1,,,,,,1.0,385.0,-1.0,308.0,-1.0,0.8395024438464497,0.8377630889525475,55100.43000000005,528.849365234375,530.01171875,0.7046942114830017,0.2862857282161712,0.5394844412803649,0.2928541600704193,0.0,0.0,1.0,0.17788461538461534,0.29895451497422254,346.5,,529.430541992188,,,,,,,,,,,,,,,,,,,,
3354,55099.6293,,,,,,Frage 1,,,,,,1.0,412.0,-1.0,295.0,-1.0,0.855053174870296,0.8540463666263138,55117.08499999996,529.3905639648438,530.5682983398438,0.704647421836853,0.2827619910240173,0.53986257314682,0.289093405008316,0.0,0.0,1.0,0.18184389140271487,0.3002395175688824,353.5,,529.979431152344,,,,,,,,,,,,,,,,,,,,
3355,55116.2857,,,,,,Frage 1,,,,,,1.0,432.0,-1.0,288.0,-1.0,0.8542354180500153,0.8510793563697333,55133.73999999999,528.9052734375,530.1226196289064,0.7054647207260131,0.2830813825130462,0.5409076213836669,0.2892622947692871,0.0,0.0,1.0,0.18552036199095018,0.3014303481653209,360.0,,529.513946533203,,,,,,,,,,,,,,,,,,,,
3356,55132.939,,,,,,Frage 1,,,,,,1.0,430.0,-1.0,285.0,-1.0,0.8560227459947379,0.8528903480245611,55150.39399999997,528.9503173828125,530.1973266601562,0.705963134765625,0.2832928299903869,0.5415535569190979,0.2893122434616088,0.0,0.0,1.0,0.1841063348416289,0.30097245488698765,357.5,,529.573822021484,,,,,,,,,,,,,,,,,,,,
3357,55149.5944,,,,,,Frage 1,,,,,,1.0,415.0,-1.0,276.0,-1.0,0.848621311139846,0.8523108320923906,55167.049,527.7731323242188,529.0465087890625,0.7067156434059143,0.2834708094596862,0.5423339009284973,0.2893465757369995,0.0,0.0,1.0,0.34936538015433677,0.3545156131291819,345.5,,528.409820556641,,,,,,,,,,,,,,,,,,,,
3358,55166.2493,,,,,,Frage 1,,,,,,1.0,420.0,-1.0,294.0,-1.0,0.8483142701661017,0.8517216074049473,55183.70400000003,527.4466552734375,528.7342529296875,0.7070350646972656,0.2835354208946228,0.542703092098236,0.2893184423446655,0.0,0.0,1.0,0.18382352941176464,0.30088044945685033,357.0,,528.090454101563,,,,,,,,,,,,,,,,,,,,
3359,55182.9021,,,,,,Frage 1,,,,,,1.0,437.0,-1.0,317.0,-1.0,0.8555434625235274,0.8593011795206925,55200.35800000001,526.1470336914064,527.4450073242188,0.7075343132019043,0.2835478484630584,0.5431969761848449,0.2892729938030242,0.0,0.0,1.0,0.1951357466063348,0.3045466035211133,377.0,,526.796020507813,,,,,,,,,,,,,,,,,,,,
3360,55199.5583,,,,,,Frage 1,,,,,,1.0,442.0,-1.0,325.0,-1.0,0.8590649029379657,0.8582004006727875,55217.01300000004,525.6629028320312,526.964111328125,0.7076804041862487,0.2835743427276611,0.5433485507965087,0.2892472445964813,0.0,0.0,1.0,0.19881221719457007,0.3057377720673519,383.5,,526.313507080078,,,,,,,,,,,,,,,,,,,,
3361,55216.2123,,,,,,Frage 1,,,,,,1.0,438.0,-1.0,325.0,-1.0,0.8484166171573498,0.8555194283449215,55233.66800000006,525.4545288085938,526.759765625,0.7078106999397277,0.2836544215679168,0.5434599518775939,0.2893087267875671,0.0,0.0,1.0,0.3488562738606972,0.354350990799267,381.5,,526.107147216797,,,,,,,,,,,,,,,,,,,,
3362,55232.8672,,,,,,Frage 1,,,,,,1.0,436.0,-1.0,297.0,-1.0,0.850401150280331,0.8569201761246156,55250.32200000005,525.2432250976562,526.5436401367188,0.7077515721321106,0.283486396074295,0.5433406829833984,0.2891070842742919,0.0,0.0,1.0,0.1891968325791855,0.30262199404393336,366.5,,525.893432617188,,,,,,,,,,,,,,,,,,,,
3363,55249.5222,,,,,,Frage 1,,,,,,1.0,467.0,-1.0,344.0,-1.0,0.8584791887908954,0.8575790364569383,55266.97700000007,523.0099487304688,524.2894287109375,0.7077988982200621,0.283492237329483,0.5432880520820617,0.2890730500221252,0.0,0.0,1.0,0.21125565610859723,0.3097693271281936,405.5,,523.649688720703,,,,,,,,,,,,,,,,,,,,
3364,55266.1767,,,,,,Frage 1,,,,,,1.0,517.0,-1.0,594.0,-1.0,0.8449268343825981,0.8523108320923906,55283.63199999998,524.4266967773438,525.6817626953125,0.706230640411377,0.285668522119522,0.5415640473365783,0.2902125120162963,0.0,0.0,1.0,0.29609728506787325,0.3372567781191813,555.5,,525.054229736328,,,,,,,,,,,,,,,,,,,,
3365,55282.8317,,,,,,Frage 1,,,,,,1.0,822.0,-1.0,672.0,-1.0,0.8512398963549495,0.8530500412457281,55300.28599999997,526.6383056640625,527.9131469726562,0.7055302858352661,0.286712646484375,0.5405043363571167,0.2901892662048339,0.0,0.0,1.0,0.40441176470588225,0.3723506500266876,747.0,,527.275726318359,,,,,,,,,,,,,,,,,,,,
3366,55299.4856,,,,,,Frage 1,,,,,,1.0,819.0,-1.0,670.0,-1.0,0.8600103005066433,0.8589797842366326,55316.94099999999,525.9891967773438,527.2340698242188,0.7047698497772216,0.2862847745418548,0.540103793144226,0.2895876169204711,0.0,0.0,1.0,0.402997737556561,0.37189341653560526,744.5,,526.611633300781,,,,,,,,,,,,,,,,,,,,
3367,55316.1415,,,,,,Frage 1,,,,,,1.0,809.0,-1.0,668.0,-1.0,0.8607406926644668,0.858701241657114,55333.59600000002,525.4024047851562,526.6505737304688,0.7054634690284729,0.2847175896167755,0.540720224380493,0.2886810302734375,0.0,0.0,1.0,0.39960407239818996,0.3707938738954243,738.5,,526.026489257813,,,,,,,,,,,,,,,,,,,,
3368,55332.7963,,,,,,Frage 1,,,,,,1.0,808.0,-1.0,654.0,-1.0,0.858693752839505,0.857935249563438,55350.25100000005,525.0523681640625,526.2830200195312,0.7054783105850219,0.2846589684486389,0.5406593084335327,0.2890579104423522,0.0,0.0,1.0,0.39536199095022617,0.3694193039478765,731.0,,525.667694091797,,,,,,,,,,,,,,,,,,,,
3369,55349.4496,,,,,,Frage 1,,,,,,1.0,821.0,-1.0,669.0,-1.0,0.8616668081218579,0.8617678883258519,55366.90500000002,525.2838745117188,526.507568359375,0.7054992318153381,0.2846788763999939,0.5406243205070494,0.2893824577331543,0.0,0.0,1.0,0.40328054298642524,0.3719853894306193,745.0,,525.895721435547,,,,,,,,,,,,,,,,,,,,
3370,55366.1057,,,,,,Frage 1,,,,,,1.0,805.0,-1.0,683.0,-1.0,0.8653038707132836,0.8626195858286105,55383.560000000056,525.089599609375,526.3110961914064,0.7056824564933776,0.2846540212631225,0.5407803654670715,0.2896164059638977,0.0,0.0,1.0,0.40271493212669673,0.3718023423196934,744.0,,525.700347900391,,,,,,,,,,,,,,,,,,,,
3371,55382.7589,,,,,,Frage 1,,,,,,1.0,794.0,-1.0,681.0,-1.0,0.8621885281504151,0.8581334433219416,55400.21499999997,525.2474975585938,526.4757080078125,0.7058137655258178,0.2845292687416076,0.5409053564071655,0.289509892463684,0.0,0.0,1.0,0.39903846153846145,0.37061060660948497,737.5,,525.861602783203,,,,,,,,,,,,,,,,,,,,
3372,55399.4132,,,,,,Frage 1,,,,,,1.0,792.0,-1.0,686.0,-1.0,0.8634067069730753,0.8596520360391245,55416.869000000064,524.5816650390625,525.8087158203125,0.7061137557029724,0.284925103187561,0.5411517620086669,0.2901293039321899,0.0,0.0,1.0,0.3998868778280542,0.37088568934187405,739.0,,525.195190429688,,,,,,,,,,,,,,,,,,,,
3373,55416.0691,,,,,,Frage 1,,,,,,1.0,793.0,-1.0,672.0,-1.0,0.8639084568569988,0.8426384418373306,55433.523999999976,524.3394165039064,525.5704956054688,0.7063971757888793,0.2850205600261688,0.5413824915885925,0.290397435426712,0.0,0.0,1.0,0.39621040723981893,0.3696927717050262,732.5,,524.954956054688,,,,,,,,,,,,,,,,,,,,
3374,55432.7232,,,,,,Frage 1,,,,,,1.0,798.0,-1.0,676.0,-1.0,0.6503797226832504,0.640183803363253,55450.179,523.7493896484375,524.9880981445312,0.7067896723747253,0.2852108478546142,0.5417544245719909,0.2906998097896575,0.0,0.0,1.0,0.3987556561085972,0.37048929845046874,737.0,,524.368743896484,,,,,,,,,,,,,,,,,,,,
3375,55449.3783,,,,,,Frage 1,,,,,,1.0,798.0,-1.0,692.0,-1.0,0.8581670402747893,0.859119055526392,55466.832999999984,523.89453125,525.1470336914064,0.7070768475532531,0.2853914201259613,0.5420358777046203,0.2908933162689209,0.0,0.0,1.0,0.40328054298642524,0.3719849980025098,745.0,,524.520782470703,,,,,,,,,,,,,,,,,,,,
3376,55466.0341,,,,,,Frage 1,,,,,,1.0,795.0,-1.0,661.0,-1.0,0.8588585065327337,0.8595770438061772,55483.488000000005,523.721435546875,524.9824829101562,0.7073516845703125,0.2855549156665802,0.5422664284706115,0.2910990118980407,0.0,0.0,1.0,0.39366515837104066,0.36886971107958244,728.0,,524.351959228516,,,,,,,,,,,,,,,,,,,,
3377,55482.6886,,,,,,Frage 1,,,,,,1.0,793.0,-1.0,668.0,-1.0,0.8629274235018648,0.863875705730478,55500.14300000004,523.78564453125,525.0598754882812,0.7076660990715026,0.2858024537563324,0.5425660014152526,0.2913872301578521,0.0,0.0,1.0,0.3950791855203619,0.36932843366298085,730.5,,524.422760009766,,,,,,,,,,,,,,,,,,,,
3378,55499.3408,,,,,,Frage 1,,,,,,1.0,795.0,-1.0,676.0,-1.0,0.863716244214899,0.8656594495570101,55516.79700000002,523.77978515625,525.0670166015625,0.7079774141311646,0.2860605418682098,0.5428613424301147,0.2916587889194488,0.0,0.0,1.0,0.39790723981900444,0.37024492682955373,735.5,,524.423400878906,,,,,,,,,,,,,,,,,,,,
3379,55515.9973,,,,,,Frage 1,,,,,,1.0,794.0,-1.0,675.0,-1.0,0.8618465394235618,0.8674780112059822,55533.45200000005,523.6394653320312,524.9393920898438,0.7083060145378112,0.2863909006118774,0.5431749820709229,0.2920003533363342,0.0,0.0,1.0,0.34709506363256043,0.3537820521640227,734.5,,524.289428710938,,,,,,,,,,,,,,,,,,,,
3380,55532.6521,,,,,,Frage 1,,,,,,1.0,785.0,-1.0,664.0,-1.0,0.6529474553799746,0.6432065017919052,55550.10699999996,523.7150268554688,525.0240478515625,0.7085102796554565,0.286702424287796,0.5433697700500488,0.2923344373703002,0.0,0.0,1.0,0.3916855203619909,0.36819899378458165,724.5,,524.369537353516,,,,,,,,,,,,,,,,,,,,
3381,55549.3054,,,,,,Frage 1,,,,,,1.0,775.0,-1.0,669.0,-1.0,0.863414195777313,0.8721516342950195,55566.76100000006,524.1204833984375,525.44482421875,0.708770751953125,0.2870266735553741,0.5436310172080993,0.2926732301712036,0.0,0.0,1.0,0.39027149321266963,0.3677716311875084,722.0,,524.782653808594,,,,,,,,,,,,,,,,,,,,
3382,55563.0655,,,,,,Frage 1,1.0,0.514607548713684,29.4074496225413,0.193551257252693,202.73046875,,,,,,0.6585048574425887,0.6495113533451946,,,,,,,,,,,0.37959439571535225,0.3642823432120883,,,,,,,,,,,,,,,,,,,,,,,
3383,55565.9616,,,,,,Frage 1,,,,,,1.0,784.0,-1.0,669.0,-1.0,0.863718740482978,0.8736300526016949,55583.41599999997,524.0919799804688,525.4341430664064,0.7091922163963317,0.2872738242149353,0.5440298318862915,0.2929301857948303,0.0,0.0,1.0,0.3928167420814479,0.3685964483906857,726.5,,524.763061523438,,,,,,,,,,,,,,,,,,,,
3384,55582.615,,,,,,Frage 1,,,,,,1.0,785.0,-1.0,657.0,-1.0,0.8698271084728332,0.8656487363808747,55600.071,524.3383178710938,525.7005004882812,0.709601879119873,0.2876623570919036,0.5444298982620239,0.2933375239372253,0.0,0.0,1.0,0.38970588235294107,0.3675879118405951,721.0,,525.019409179688,,,,,,,,,,,,,,,,,,,,
3385,55599.2711,,,,,,Frage 1,,,,,,1.0,796.0,-1.0,656.0,-1.0,0.8660327809924165,0.8449576384652792,55616.72600000002,524.1031494140625,525.4896850585938,0.7101685404777526,0.287910521030426,0.5449588894844055,0.2935156822204589,0.0,0.0,1.0,0.39253393665158365,0.3685019171404243,726.0,,524.796417236328,,,,,,,,,,,,,,,,,,,,
3386,55615.9257,,,,,,Frage 1,,,,,,1.0,813.0,-1.0,669.0,-1.0,0.8677552059670792,0.8458801874771147,55633.380000000005,524.0796508789064,525.4907836914064,0.7107388377189636,0.28805673122406,0.5455177426338195,0.293671041727066,0.0,0.0,1.0,0.4010180995475112,0.37125091500169993,741.0,,524.785217285156,,,,,,,,,,,,,,,,,,,,
3387,55632.5796,,,,,,Frage 1,,,,,,1.0,792.0,-1.0,666.0,-1.0,0.8742879395304021,0.8808935860214477,55650.03500000003,524.345458984375,525.7835693359375,0.7112243175506591,0.2885106205940246,0.5459725856781005,0.2940315902233123,0.0,0.0,1.0,0.39423076923076916,0.3690556948189539,729.0,,525.064514160156,,,,,,,,,,,,,,,,,,,,
3388,55649.2356,,,,,,Frage 1,,,,,,1.0,792.0,-1.0,650.0,-1.0,0.8742879395304021,0.8707401733391898,55666.69000000006,524.345458984375,525.7835693359375,0.7112281918525695,0.2885122299194335,0.5459687709808348,0.2940300107002258,0.0,0.0,1.0,0.38970588235294107,0.3675885890174857,721.0,,525.064514160156,,,,,,,,,,,,,,,,,,,,
3389,55665.8884,,,,,,Frage 1,,,,,,1.0,793.0,-1.0,658.0,-1.0,0.8775131178887563,0.8715597313135425,55683.34400000004,524.7188720703125,526.2095336914064,0.7122607827186584,0.2890668213367462,0.546974241733551,0.2944893538951873,0.0,0.0,1.0,0.39225113122171934,0.368413434666834,725.5,,525.464202880859,,,,,,,,,,,,,,,,,,,,
3390,55682.5446,,,,,,Frage 1,,,,,,1.0,793.0,-1.0,673.0,-1.0,0.8794094575526372,0.8792062607801334,55699.99900000007,524.6714477539064,526.18505859375,0.7128002643585205,0.2891197800636291,0.5475011467933654,0.2945523262023925,0.0,0.0,1.0,0.34540993386615276,0.3532378765978526,733.0,,525.428253173828,,,,,,,,,,,,,,,,,,,,
3391,55699.1991,,,,,,Frage 1,,,,,,1.0,787.0,-1.0,675.0,-1.0,0.8797472778196597,0.8802106210428206,55716.65399999998,524.7833251953125,526.3234252929688,0.7132807970046997,0.2895641028881073,0.5479541420936584,0.2948566973209381,0.0,0.0,1.0,0.39536199095022617,0.36942231764945294,731.0,,525.553375244141,,,,,,,,,,,,,,,,,,,,
3392,55715.8523,,,,,,Frage 1,,,,,,1.0,787.0,-1.0,681.0,-1.0,0.8797472778196597,0.8780545943455857,55733.30799999996,524.7643432617188,526.3265380859375,0.7137938141822814,0.2896415889263153,0.5484561920166015,0.2949412763118743,0.0,0.0,1.0,0.3970588235294117,0.36997186254166237,734.0,,525.545440673828,,,,,,,,,,,,,,,,,,,,
3393,55732.508,,,,,,Frage 1,,,,,,1.0,782.0,-1.0,680.0,-1.0,0.8795301024967673,0.8575052388411722,55749.96299999999,524.6808471679688,526.2728271484375,0.7144088745117188,0.2900444567203521,0.549029529094696,0.2952139973640441,0.0,0.0,1.0,0.39536199095022617,0.3694199507067451,731.0,,525.476837158203,,,,,,,,,,,,,,,,,,,,
3394,55749.1621,,,,,,Frage 1,,,,,,1.0,793.0,-1.0,666.0,-1.0,0.8791057369232996,0.8571741876317214,55766.61800000002,524.5275268554688,526.1476440429688,0.7150156497955322,0.2901767194271087,0.549606204032898,0.2952382266521453,0.0,0.0,1.0,0.3945135746606334,0.36914501773623754,729.5,,525.337585449219,,,,,,,,,,,,,,,,,,,,
3395,55765.8171,,,,,,Frage 1,,,,,,1.0,799.0,-1.0,670.0,-1.0,0.8814796878666393,0.881528341707466,55783.272,524.5375366210938,526.1814575195312,0.7154977321624755,0.2902628481388092,0.5500520467758178,0.2952315211296081,0.0,0.0,1.0,0.39734162895927594,0.3700639092133416,734.5,,525.359497070313,,,,,,,,,,,,,,,,,,,,
3396,55782.4718,,,,,,Frage 1,,,,,,1.0,794.0,-1.0,666.0,-1.0,0.8797622554281349,0.8758208971213696,55799.927000000025,524.2927856445312,525.9609985351562,0.7160624265670776,0.2903411090373992,0.5505669116973877,0.2952265441417694,0.0,0.0,1.0,0.39479638009049767,0.3692386056075649,730.0,,525.126892089844,,,,,,,,,,,,,,,,,,,,
3397,55799.1265,,,,,,Frage 1,,,,,,1.0,788.0,-1.0,661.0,-1.0,0.8797822255727686,0.8758342885915387,55816.582000000046,524.5040893554688,526.188720703125,0.7163426280021667,0.2904028296470642,0.5508313179016113,0.2952295541763305,0.0,0.0,1.0,0.3916855203619909,0.36823069789325924,724.5,,525.346405029297,,,,,,,,,,,,,,,,,,,,
3398,55815.7815,,,,,,Frage 1,,,,,,1.0,758.0,-1.0,625.0,-1.0,0.875458689259557,0.8810783883097821,55833.23600000003,526.8727416992188,528.5953979492188,0.7165653705596923,0.2905279099941253,0.5511172413825988,0.2953163981437683,0.0,0.0,1.0,0.3730203619909502,0.3621836408164583,691.5,,527.734069824219,,,,,,,,,,,,,,,,,,,,
3399,55832.4357,,,,,,Frage 1,,,,,,1.0,485.0,-1.0,367.0,-1.0,0.8797572628919764,0.8876669916330094,55849.89100000006,523.8191528320312,525.6373901367188,0.7195562720298767,0.2905942499637603,0.5539899468421936,0.2954310774803161,0.0,0.0,1.0,0.22285067873303163,0.3135299148239755,426.0,,524.728271484375,,,,,,,,,,,,,,,,,,,,
3400,55849.0907,,,,,,Frage 1,,,,,,1.0,345.0,-1.0,219.0,-1.0,0.877755255892441,0.8881865806755729,55866.545999999966,520.8883666992188,522.7650146484375,0.7216658592224121,0.2905918359756469,0.5560814142227172,0.2954564988613128,0.0,0.0,1.0,0.14140271493212658,0.2871409920784659,282.0,,521.826690673828,,,,,,,,,,,,,,,,,,,,
3401,55865.7458,,,,,,Frage 1,,,,,,1.0,324.0,-1.0,160.0,-1.0,0.8711176790697907,0.8845789186120009,55883.201,523.1275634765625,525.0117797851562,0.7212202548980712,0.2909709215164184,0.5556522011756897,0.2957982122898101,0.0,0.0,1.0,0.11877828054298634,0.27981014400951143,242.0,,524.069671630859,,,,,,,,,,,,,,,,,,,,
3402,55882.3998,,,,,,Frage 1,,,,,,1.0,326.0,-1.0,158.0,-1.0,0.8722509847777572,0.8836415157001596,55899.85499999998,523.377197265625,525.2876586914064,0.721742033958435,0.2912819385528564,0.5561537146568298,0.2960946559906005,0.0,0.0,1.0,0.11877828054298634,0.2798100841951303,242.0,,524.332427978516,,,,,,,,,,,,,,,,,,,,
3403,55899.0552,,,,,,Frage 1,,,,,,1.0,343.0,-1.0,159.0,-1.0,0.8741256821052527,0.8848440697213503,55916.51000000001,523.0422973632812,524.98193359375,0.7224759459495544,0.2913302183151245,0.5568424463272094,0.2961055040359497,0.0,0.0,1.0,0.12386877828054299,0.28145957828045937,251.0,,524.012115478516,,,,,,,,,,,,,,,,,,,,
3404,55915.7096,,,,,,Frage 1,,,,,,1.0,344.0,-1.0,181.0,-1.0,0.8759379727307677,0.8874098754057616,55933.16500000004,522.7080078125,524.6787109375,0.7232061028480529,0.2915539443492889,0.5575403571128845,0.2962240278720855,0.0,0.0,1.0,0.13037330316742077,0.28356735277949074,262.5,,523.693359375,,,,,,,,,,,,,,,,,,,,
3405,55932.3634,,,,,,Frage 1,,,,,,1.0,337.0,-1.0,195.0,-1.0,0.8733718091453277,0.8865876391373751,55949.81900000002,522.5115966796875,524.5075073242188,0.7237775921821594,0.291818618774414,0.5580952763557434,0.2964115738868713,0.0,0.0,1.0,0.13235294117647053,0.28420857929378684,266.0,,523.509552001953,,,,,,,,,,,,,,,,,,,,
3406,55949.0193,,,,,,Frage 1,,,,,,1.0,338.0,-1.0,182.0,-1.0,0.8705085896584606,0.8841182520381817,55966.474000000046,522.3137817382812,524.3378295898438,0.724436044692993,0.2919490039348602,0.5587323904037474,0.2964872419834137,0.0,0.0,1.0,0.12895927601809953,0.2831086897093371,260.0,,523.325805664063,,,,,,,,,,,,,,,,,,,,
3407,55965.673,,,,,,Frage 1,,,,,,1.0,337.0,-1.0,175.0,-1.0,0.8716543767068233,0.8834540351177915,55983.12900000008,522.3070678710938,524.3555908203125,0.7249343991279602,0.2921183407306671,0.5592104792594909,0.2965629696846008,0.0,0.0,1.0,0.12669683257918546,0.2823756334145756,256.0,,523.331329345703,,,,,,,,,,,,,,,,,,,,
3408,55982.3279,,,,,,Frage 1,,,,,,1.0,343.0,-1.0,173.0,-1.0,0.8722634661181535,0.882851418960179,55999.78300000005,522.125,524.1989135742188,0.7255259752273558,0.2923862040042877,0.5597688555717468,0.2967733442783355,0.0,0.0,1.0,0.12782805429864247,0.2827421036412683,258.0,,523.161956787109,,,,,,,,,,,,,,,,,,,,
3409,55998.9821,,,,,,Frage 1,,,,,,1.0,339.0,-1.0,189.0,-1.0,0.8830887785525497,0.8832451281831526,56016.437999999966,521.9942626953125,524.0889892578125,0.7260235548019409,0.2925761044025421,0.5602774024009703,0.2969476878643035,0.0,0.0,1.0,0.13122171945701352,0.28384204172380756,264.0,,523.041625976563,,,,,,,,,,,,,,,,,,,,
3410,56015.6385,,,,,,Frage 1,,,,,,1.0,336.0,-1.0,195.0,-1.0,0.871854078153161,0.8829344460752279,56033.09299999999,521.7633666992188,523.8818969726562,0.7265862226486206,0.2927277386188507,0.5608540177345275,0.2970430552959442,0.0,0.0,1.0,0.13207013574660634,0.2841165210966618,265.5,,522.822631835938,,,,,,,,,,,,,,,,,,,,
3411,56032.2924,,,,,,Frage 1,,,,,,1.0,336.0,-1.0,202.0,-1.0,0.8818781686555792,0.8819836516932175,56049.74699999997,522.4340209960938,524.5662231445312,0.7266545295715332,0.292804479598999,0.5609691739082336,0.2970489859580993,0.0,0.0,1.0,0.13404977375565605,0.28475815205464844,269.0,,523.500122070313,,,,,,,,,,,,,,,,,,,,
3412,56048.9539,,,,,,Frage 1,,,,,,1.0,337.0,-1.0,205.0,-1.0,0.880379989924089,0.8804248845655271,56066.402,520.8126831054688,522.91845703125,0.7264090180397033,0.2930005192756652,0.5606541633605957,0.2970927059650421,0.0,0.0,1.0,0.13518099547511306,0.28512445298084266,271.0,,521.865570068359,,,,,,,,,,,,,,,,,,,,
3413,56065.6022,,,,,,Frage 1,,,,,,1.0,725.0,-1.0,606.0,-1.0,0.881025367076221,0.8730676108545902,56083.05700000003,518.8751220703125,520.936767578125,0.7258540987968444,0.292948693037033,0.560034692287445,0.2969061434268951,0.0,0.0,1.0,0.358314479638009,0.3574183286359786,665.5,,519.905944824219,,,,,,,,,,,,,,,,,,,,
3414,56082.2551,,,,,,Frage 1,,,,,,1.0,731.0,-1.0,621.0,-1.0,0.8790907593148244,0.8596881681376563,56099.71100000001,522.5868530273438,524.6609497070312,0.7250540256500244,0.2929900884628295,0.5594766736030578,0.2969070971012115,0.0,0.0,1.0,0.3642533936651583,0.3593410653081134,676.0,,523.623901367188,,,,,,,,,,,,,,,,,,,,
3415,56098.9116,,,,,,Frage 1,,,,,,1.0,741.0,-1.0,621.0,-1.0,0.88048367690303,0.875780722710862,56116.36600000004,523.048828125,525.1658325195312,0.7258408665657043,0.2929595112800598,0.5602265000343322,0.2967789769172668,0.0,0.0,1.0,0.345961679143347,0.35341632014660795,681.0,,524.107330322266,,,,,,,,,,,,,,,,,,,,
3416,56115.5664,,,,,,Frage 1,,,,,,1.0,741.0,-1.0,615.0,-1.0,0.8811102401909148,0.8805186248567112,56133.02100000007,523.2263793945312,525.3657836914064,0.7262394428253173,0.2928306758403778,0.5605543255805969,0.2965356111526489,0.0,0.0,1.0,0.3653846153846153,0.3597098098449325,678.0,,524.296081542969,,,,,,,,,,,,,,,,,,,,
3417,56132.22,,,,,,Frage 1,,,,,,1.0,736.0,-1.0,608.0,-1.0,0.8821836354649799,0.8805587992672187,56149.67599999998,523.2611694335938,525.4191284179688,0.7266443371772766,0.2927371263504028,0.5609121918678283,0.2964204251766204,0.0,0.0,1.0,0.3619909502262443,0.3586103117109985,672.0,,524.340148925781,,,,,,,,,,,,,,,,,,,,
3418,56148.8748,,,,,,Frage 1,,,,,,1.0,728.0,-1.0,616.0,-1.0,0.8774057783613498,0.883633480818058,56166.33000000008,523.5526123046875,525.733642578125,0.7270670533180236,0.2926150262355804,0.5612913966178894,0.2962624430656433,0.0,0.0,1.0,0.3619909502262443,0.35861047270593666,672.0,,524.643127441406,,,,,,,,,,,,,,,,,,,,
3419,56165.5294,,,,,,Frage 1,,,,,,1.0,726.0,-1.0,615.0,-1.0,0.8775405768376277,0.884321802384753,56182.98499999999,523.749755859375,525.9508056640625,0.7274669408798217,0.2925045192241668,0.5616568922996521,0.2961421310901641,0.0,0.0,1.0,0.3611425339366515,0.3583356642330132,670.5,,524.850280761719,,,,,,,,,,,,,,,,,,,,
3420,56182.1847,,,,,,Frage 1,,,,,,1.0,737.0,-1.0,598.0,-1.0,0.8826329637192397,0.8840164768648963,56199.640000000014,523.788330078125,526.0093383789064,0.7279280424118042,0.2923434972763061,0.562062382698059,0.2960003912448883,0.0,0.0,1.0,0.359445701357466,0.35778603252584396,667.5,,524.898834228516,,,,,,,,,,,,,,,,,,,,
3421,56198.8393,,,,,,Frage 1,,,,,,1.0,733.0,-1.0,601.0,-1.0,0.8834467471130661,0.8846833720793204,56216.294,523.9264526367188,526.1648559570312,0.7282922863960266,0.2922115921974182,0.5623852014541626,0.2958700656890869,0.0,0.0,1.0,0.3445829983815114,0.3529706550399323,667.0,,525.045654296875,,,,,,,,,,,,,,,,,,,,
3422,56215.4938,,,,,,Frage 1,,,,,,1.0,736.0,-1.0,609.0,-1.0,0.8859754666773174,0.8851279688889364,56232.949000000015,523.9218139648438,526.1792602539064,0.7287214398384094,0.2921324968338012,0.5627727508544921,0.2957776188850402,0.0,0.0,1.0,0.36227375565610853,0.3587025405696388,672.5,,525.050537109375,,,,,,,,,,,,,,,,,,,,
3423,56232.1493,,,,,,Frage 1,,,,,,1.0,744.0,-1.0,626.0,-1.0,0.8857957353756134,0.8992720396816045,56249.60400000005,523.9645385742188,526.2421875,0.7291752099990844,0.2921268045902252,0.5632110238075256,0.2957841455936431,0.0,0.0,1.0,0.3693438914027149,0.36099470859695926,685.0,,525.103363037109,,,,,,,,,,,,,,,,,,,,
3424,56248.8022,,,,,,Frage 1,,,,,,1.0,739.0,-1.0,568.0,-1.0,0.8779724312153331,0.8835933064075506,56266.25800000003,523.9072875976562,526.1994018554688,0.7295193076133728,0.2920019924640655,0.5634679198265075,0.2956360876560211,0.0,0.0,1.0,0.3515271493212669,0.3552202453854264,653.5,,525.053344726563,,,,,,,,,,,,,,,,,,,,
3425,56265.4583,,,,,,Frage 1,,,,,,1.0,736.0,-1.0,589.0,-1.0,0.8786938526902283,0.8599501898133364,56282.91300000006,523.525146484375,525.8375854492188,0.730078637599945,0.2919680476188659,0.5639353394508361,0.2955735623836517,0.0,0.0,1.0,0.3566176470588235,0.356867119026862,662.5,,524.681365966797,,,,,,,,,,,,,,,,,,,,
3426,56282.1131,,,,,,Frage 1,,,,,,1.0,745.0,-1.0,615.0,-1.0,0.8766693792779794,0.8923834674265879,56299.56799999997,523.3554077148438,525.6917724609375,0.7306222915649414,0.2919808030128479,0.5644100904464721,0.2955029308795929,0.0,0.0,1.0,0.3665158371040723,0.3600774082142444,680.0,,524.523590087891,,,,,,,,,,,,,,,,,,,,
3427,56298.7658,,,,,,Frage 1,,,,,,1.0,734.0,-1.0,639.0,-1.0,0.9078264709518458,0.9087264176210321,56316.22200000008,523.1978149414064,525.5562744140625,0.731164276599884,0.2921729683876037,0.5649281740188598,0.2956856787204742,0.0,0.0,1.0,0.37019230769230765,0.36127130674308855,686.5,,524.377044677734,,,,,,,,,,,,,,,,,,,,
3428,56315.422,,,,,,Frage 1,,,,,,1.0,713.0,-1.0,625.0,-1.0,0.8851891422323627,0.9035680233118712,56332.87699999998,522.7759399414064,525.155517578125,0.7317224144935607,0.2921347320079803,0.565425157546997,0.2955763041973114,0.0,0.0,1.0,0.36029411764705876,0.3580630337968505,669.0,,523.965728759766,,,,,,,,,,,,,,,,,,,,
3429,56332.0763,,,,,,Frage 1,,,,,,1.0,720.0,-1.0,625.0,-1.0,0.8837712619633648,0.8642866619850499,56349.53200000001,522.1549682617188,524.5564575195312,0.7323692440986633,0.2922107577323913,0.5660043954849243,0.2955982983112335,0.0,0.0,1.0,0.36227375565610853,0.35870030141834797,672.5,,523.355712890625,,,,,,,,,,,,,,,,,,,,
3430,56348.7316,,,,,,Frage 1,,,,,,1.0,698.0,-1.0,601.0,-1.0,0.8860478584516148,0.8884383403147531,56366.186,522.4544067382812,524.88818359375,0.7329914569854736,0.2920903265476226,0.566618800163269,0.2954447567462921,0.0,0.0,1.0,0.34926470588235287,0.35448799161714917,649.5,,523.671295166016,,,,,,,,,,,,,,,,,,,,
3431,56365.3859,,,,,,Frage 1,,,,,,1.0,654.0,-1.0,540.0,-1.0,0.886714362028767,0.8929646572319295,56382.841000000015,522.6150512695312,525.0809936523438,0.7336245775222778,0.2920553088188171,0.5672134757041931,0.2953324913978576,0.0,0.0,1.0,0.3195701357466063,0.344867527264466,597.0,,523.848022460938,,,,,,,,,,,,,,,,,,,,
3432,56382.04,,,,,,Frage 1,,,,,,1.0,643.0,-1.0,538.0,-1.0,0.8854088138233341,0.8993657799727885,56399.49600000004,521.869384765625,524.35986328125,0.7343489527702332,0.2924889624118804,0.5678603053092957,0.295680284500122,0.0,0.0,1.0,0.315893665158371,0.3436769831087445,590.5,,523.114624023438,,,,,,,,,,,,,,,,,,,,
3433,56398.6967,,,,,,Frage 1,,,,,,1.0,633.0,-1.0,551.0,-1.0,0.8989986094788709,0.8996014698477658,56416.15100000007,521.3917846679688,523.9005737304688,0.7348697781562805,0.2927906513214111,0.568342387676239,0.2959215342998504,0.0,0.0,1.0,0.31674208144796373,0.34395234306010963,592.0,,522.646179199219,,,,,,,,,,,,,,,,,,,,
3434,56415.3494,,,,,,Frage 1,,,,,,1.0,636.0,-1.0,551.0,-1.0,0.8864747202931617,0.8933824711012074,56432.80500000005,521.2794799804688,523.8125610351562,0.7354554533958435,0.2930181622505188,0.5689068436622619,0.2961457073688507,0.0,0.0,1.0,0.3175904977375565,0.34422616560919433,593.5,,522.546020507813,,,,,,,,,,,,,,,,,,,,
3435,56432.0055,,,,,,Frage 1,,,,,,1.0,637.0,-1.0,517.0,-1.0,0.8868092202157773,0.8917085373300624,56449.45999999996,521.0206909179688,523.5737915039064,0.7359581589698792,0.2931894659996032,0.5693521499633789,0.2962698638439178,0.0,0.0,1.0,0.34350490148748614,0.35262219638777514,577.0,,522.297241210938,,,,,,,,,,,,,,,,,,,,
3436,56448.6598,,,,,,Frage 1,,,,,,1.0,643.0,-1.0,534.0,-1.0,0.8867617911222723,0.9019181941870306,56466.11499999999,521.1915283203125,523.773681640625,0.7365252971649169,0.2933341860771179,0.5698857307434082,0.2963424623012542,0.0,0.0,1.0,0.31476244343891396,0.34331078063230447,588.5,,522.482604980469,,,,,,,,,,,,,,,,,,,,
3437,56465.3134,,,,,,Frage 1,,,,,,1.0,648.0,-1.0,540.0,-1.0,0.8870912985087295,0.9017441050748315,56482.76899999997,520.9468994140625,523.556884765625,0.7372146248817443,0.293371558189392,0.5705389976501464,0.296353667974472,0.0,0.0,1.0,0.31787330316742074,0.3443186832428763,594.0,,522.251892089844,,,,,,,,,,,,,,,,,,,,
3438,56481.9692,,,,,,Frage 1,,,,,,1.0,653.0,-1.0,526.0,-1.0,0.8869040784027878,0.8939529477304138,56499.424,520.740234375,523.3800048828125,0.7379214167594909,0.2933424413204193,0.571218192577362,0.2962738871574401,0.0,0.0,1.0,0.31532805429864247,0.34349321385973214,589.5,,522.060119628906,,,,,,,,,,,,,,,,,,,,
3439,56498.6234,,,,,,Frage 1,,,,,,1.0,653.0,-1.0,540.0,-1.0,0.89204055242705,0.892364719368351,56516.07900000003,520.4765625,523.1442260742188,0.7385856509208679,0.2933148443698883,0.5718576908111572,0.296182096004486,0.0,0.0,1.0,0.319287330316742,0.34477601350138193,596.5,,521.810394287109,,,,,,,,,,,,,,,,,,,,
3440,56515.2787,,,,,,Frage 1,,,,,,1.0,644.0,-1.0,549.0,-1.0,0.8842755081153675,0.8889739991215195,56532.73300000001,520.2383422851562,522.9317626953125,0.7392401099205017,0.2933968603610992,0.5724827051162719,0.2962549030780792,0.0,0.0,1.0,0.319287330316742,0.34477540342787094,596.5,,521.585052490234,,,,,,,,,,,,,,,,,,,,
3441,56531.9322,,,,,,Frage 1,,,,,,1.0,639.0,-1.0,528.0,-1.0,0.8826404525234773,0.8883713829639073,56549.38800000004,519.657470703125,522.3787841796875,0.739952266216278,0.2931607663631439,0.5731417536735534,0.2958702743053436,0.0,0.0,1.0,0.34399234183354027,0.3527796405187267,583.5,,521.018127441406,,,,,,,,,,,,,,,,,,,,
3442,56548.5883,,,,,,Frage 1,,,,,,1.0,636.0,-1.0,526.0,-1.0,0.88737836933784,0.892956622349828,56566.04300000006,519.08935546875,521.8384399414064,0.7406957745552063,0.2931790351867675,0.5738316774368286,0.2957935631275177,0.0,0.0,1.0,0.3105203619909502,0.3419354473188363,581.0,,520.463897705078,,,,,,,,,,,,,,,,,,,,
3443,56565.2416,,,,,,Frage 1,,,,,,1.0,624.0,-1.0,517.0,-1.0,0.8892680442738107,0.8929459091736927,56582.69700000005,519.1053466796875,521.8753662109375,0.7410824298858641,0.29312264919281,0.574211597442627,0.2956129908561706,0.0,0.0,1.0,0.3045814479638008,0.34001131753710473,570.5,,520.490356445313,,,,,,,,,,,,,,,,,,,,
3444,56581.5509,,,,,,Frage 1,1.0,1.10798311233521,29.4074738325798,0.0,202.73046875,,,,,,0.6585048574425887,0.6495113533451946,,,,,,,,,,,0.37959439571535225,0.3642823432120883,,,,,,,,,,,,,,,,,,,,,,,
3445,56581.896,,,,,,Frage 1,,,,,,1.0,619.0,-1.0,530.0,-1.0,0.8880798206681013,0.8976597066732374,56599.35200000007,518.933349609375,521.7277221679688,0.7416188716888427,0.2930590510368347,0.5747280716896057,0.2954429388046264,0.0,0.0,1.0,0.30684389140271484,0.3407447932903623,574.5,,520.330535888672,,,,,,,,,,,,,,,,,,,,
3446,56598.5521,,,,,,Frage 1,,,,,,1.0,620.0,-1.0,542.0,-1.0,0.8863823583742306,0.8963125247742199,56616.00699999998,518.7735595703125,521.58935546875,0.7421017289161682,0.2930231392383575,0.5752051472663879,0.2953312993049621,0.0,0.0,1.0,0.3105203619909502,0.3419357630402819,581.0,,520.181457519531,,,,,,,,,,,,,,,,,,,,
3447,56615.2057,,,,,,Frage 1,,,,,,1.0,623.0,-1.0,537.0,-1.0,0.8839934298224155,0.8942047073695939,56632.66099999997,518.31689453125,521.150634765625,0.7426229119300842,0.2929100096225738,0.5757108926773071,0.2951741516590118,0.0,0.0,1.0,0.3099547511312217,0.34175220838041837,580.0,,519.733764648438,,,,,,,,,,,,,,,,,,,,
3448,56631.8617,,,,,,Frage 1,,,,,,1.0,624.0,-1.0,538.0,-1.0,0.8831571800158762,0.8934146106296134,56649.31599999999,518.1189575195312,520.9675903320312,0.7429952025413513,0.2928177416324615,0.5760858654975891,0.2950453460216522,0.0,0.0,1.0,0.3105203619909502,0.34193535483771326,581.0,,519.543273925781,,,,,,,,,,,,,,,,,,,,
3449,56648.5162,,,,,,Frage 1,,,,,,1.0,627.0,-1.0,537.0,-1.0,0.8836214858786114,0.8970838734559634,56665.97100000002,517.8986206054688,520.7647094726562,0.7434174418449401,0.2926959693431854,0.5765097141265869,0.2948594391345977,0.0,0.0,1.0,0.3110859728506787,0.34211900790808286,582.0,,519.331665039063,,,,,,,,,,,,,,,,,,,,
3450,56665.1698,,,,,,Frage 1,,,,,,1.0,630.0,-1.0,533.0,-1.0,0.8841182432263766,0.8968776448153584,56682.62600000005,517.7088012695312,520.590576171875,0.7437976002693176,0.2925916314125061,0.5768828392028807,0.2947032153606414,0.0,0.0,1.0,0.31080316742081443,0.34202737479903,581.5,,519.149688720703,,,,,,,,,,,,,,,,,,,,
3451,56681.8255,,,,,,Frage 1,,,,,,1.0,627.0,-1.0,536.0,-1.0,0.8828626203825282,0.893596734623914,56699.28000000002,517.7040405273438,520.60693359375,0.7442240715026855,0.2924771308898925,0.5773131847381591,0.2945127487182617,0.0,0.0,1.0,0.3431685710494548,0.35251329154596367,581.5,,519.155487060547,,,,,,,,,,,,,,,,,,,,
3452,56698.4792,,,,,,Frage 1,,,,,,1.0,617.0,-1.0,536.0,-1.0,0.8823933219836345,0.894025261669327,56715.935000000056,517.7219848632812,520.6436157226562,0.7445913553237915,0.2923831939697265,0.5776841044425964,0.2943391501903533,0.0,0.0,1.0,0.3079751131221719,0.3411107395061302,576.5,,519.182800292969,,,,,,,,,,,,,,,,,,,,
3453,56715.1349,,,,,,Frage 1,,,,,,1.0,620.0,-1.0,525.0,-1.0,0.6841710849721416,0.6799625146843193,56732.58999999997,517.3713989257812,520.30810546875,0.745068609714508,0.2922877669334411,0.578126311302185,0.294276475906372,0.0,0.0,1.0,0.3057126696832579,0.3403488890473949,572.5,,518.839752197266,,,,,,,,,,,,,,,,,,,,
3454,56731.7893,,,,,,Frage 1,,,,,,1.0,637.0,-1.0,516.0,-1.0,0.8857408174778706,0.8922602659010316,56749.244000000064,517.56884765625,520.5151977539064,0.7451428771018981,0.2926652729511261,0.5782016515731812,0.2945234775543212,0.0,0.0,1.0,0.3079751131221719,0.3411106671586367,576.5,,519.042022705078,,,,,,,,,,,,,,,,,,,,
3455,56748.4436,,,,,,Frage 1,,,,,,1.0,632.0,-1.0,526.0,-1.0,0.884200620072991,0.8975391834417149,56765.898999999976,517.0321655273438,519.9837036132812,0.7454104423522949,0.2928547263145446,0.5784389972686766,0.294677048921585,0.0,0.0,1.0,0.3093891402714931,0.34156930548140363,579.0,,518.507934570313,,,,,,,,,,,,,,,,,,,,
3456,56765.0989,,,,,,Frage 1,,,,,,1.0,616.0,-1.0,542.0,-1.0,0.8876254998776829,0.8994005977952284,56782.554,516.5077514648438,519.4603881835938,0.7455918192863464,0.2924481928348541,0.578642725944519,0.2942703664302825,0.0,0.0,1.0,0.3093891402714931,0.34156961258917157,579.0,,517.984069824219,,,,,,,,,,,,,,,,,,,,
3457,56781.7528,,,,,,Frage 1,,,,,,1.0,615.0,-1.0,538.0,-1.0,0.8907433387086306,0.8889231115348768,56799.207999999984,516.4862060546875,519.5242309570312,0.7475038170814514,0.2945046722888946,0.580312967300415,0.2961948215961456,0.0,0.0,1.0,0.3079751131221719,0.34111048634072333,576.5,,518.005218505859,,,,,,,,,,,,,,,,,,,,
3458,56798.4083,,,,,,Frage 1,,,,,,1.0,-1.0,-1.0,-1.0,-1.0,0.0,0.0,56815.863000000005,-1.0,-1.0,-1.0,-1.0,-1.0,-1.0,4.0,4.0,1.0,0.4759322966953752,0.3954061960765668,581.25,,517.991348266602,,,,,,,,,,,,,,,,,,,,
3459,56815.0633,,,,,,Frage 1,,,,,,1.0,622.0,500.0,550.0,555.0,0.9272138153460576,0.9034742830206871,56832.51800000004,516.490234375,519.4647216796875,0.7457386255264282,0.2933592796325683,0.5783501267433167,0.2945775985717773,0.0,0.0,1.0,0.3133484162895927,0.48690364826941057,586.0,527.5,517.977478027344,,,,,,,,,,,,,,,,,,,,
3460,56831.7162,,,,,,Frage 1,,,,,,1.0,573.0,504.0,505.0,503.0,0.9178677876574521,0.9022717289994966,56849.17200000002,517.864990234375,520.8641357421875,0.7456597089767456,0.2872225940227508,0.5787007808685302,0.2883229851722717,0.0,0.0,1.0,0.2867647058823529,0.4644527595884003,539.0,503.5,519.364562988281,65.1491216178031,,,,,,,,,,136.0,136.0,56823.38975,56840.0444,16.6546499999968,,65.1491216178031,,,
3461,56848.3726,,,,,,Frage 1,,,,,,1.0,560.0,510.0,492.0,487.0,0.9171438699144778,0.9030564691514092,56865.82700000005,519.6326904296875,522.6411743164064,0.7452537417411804,0.2872378230094909,0.5784873366355896,0.2882677614688873,0.0,0.0,1.0,0.2794117647058823,0.4597754911131898,526.0,498.5,521.136932373047,11.7336692538726,-3206.90259383366,105.0,104.0,524.583333333333,504.0,56840.0444,56939.97305,99.9286500000017,0.187187638041,,,,,,,,,,
3462,56865.026,,,,,,Frage 1,,,,,,1.0,559.0,518.0,495.0,485.0,0.9184319442433562,0.9039858371811492,56882.48199999996,520.255615234375,523.2737426757812,0.7452861666679382,0.2872390747070312,0.5786029696464537,0.2882937788963317,0.0,0.0,1.0,0.2799773755656108,0.46258185219831616,527.0,501.5,521.764678955078,3.01483727509272,-523.546661869778,105.0,104.0,524.583333333333,504.0,56840.0444,56939.97305,99.9286500000017,0.187187638041,,,,,,,,,,
3463,56881.6822,,,,,,Frage 1,,,,,,1.0,563.0,515.0,490.0,488.0,0.918249716673573,0.9063105964025154,56899.13600000006,521.296142578125,524.3286743164064,0.7452866435050964,0.2873635590076446,0.5786181092262268,0.2884118854999542,0.0,0.0,1.0,0.27969457013574656,0.46258185219831616,526.5,501.5,522.812408447266,4.32991332803323,78.954146380334,105.0,104.0,524.583333333333,504.0,56840.0444,56939.97305,99.9286500000017,0.187187638041,,,,,,,,,,
3464,56898.3363,,,,,,Frage 1,,,,,,1.0,560.0,516.0,486.0,491.0,0.9199521715036023,0.9064793289266468,56915.79099999997,521.5779418945312,524.62890625,0.7456396222114563,0.2874627113342285,0.5789059996604919,0.2885373532772064,0.0,0.0,1.0,0.2777149321266968,0.4644527595884003,523.0,503.5,523.103424072266,3.82920547981252,-30.0651400088095,105.0,104.0,524.583333333333,504.0,56840.0444,56939.97305,99.9286500000017,0.187187638041,,,,,,,,,,
3465,56914.9899,,,,,,Frage 1,,,,,,1.0,556.0,518.0,492.0,491.0,0.9214923689084819,0.9038679922436604,56932.446,522.7388916015625,525.8190307617188,0.7459273338317871,0.2875188887119293,0.5791330933570861,0.2885703742504119,0.0,0.0,1.0,0.2782805429864253,0.46538821328344243,524.0,504.5,524.278961181641,11.0456958335664,433.329151279894,105.0,104.0,524.583333333333,504.0,56840.0444,56939.97305,99.9286500000017,0.187187638041,,,,,,,,,,
3466,56931.6464,,,,,,Frage 1,,,,,,1.0,553.0,525.0,489.0,504.0,0.9225582753783095,0.9051991043784751,56949.10100000002,523.0460205078125,526.1563110351562,0.7464814186096191,0.2874751687049865,0.5795896053314209,0.2884770035743713,0.0,0.0,1.0,0.2765837104072397,0.3309425078024113,521.0,514.5,524.601165771484,8.52442772624589,-151.368421176173,105.0,104.0,524.583333333333,504.0,56840.0444,56939.97305,99.9286500000017,0.187187638041,,,,,,,,,,
3467,56948.2997,,,,,,Frage 1,,,,,,1.0,556.0,528.0,489.0,498.0,0.9265622893773809,0.9095861500058922,56965.755000000005,523.86328125,527.0117797851562,0.7470612525939941,0.2871888577938079,0.5800852179527282,0.2881492972373962,0.0,0.0,1.0,0.27743212669683254,0.4733395696913002,522.5,513.0,525.437530517578,57.9956016662353,2970.65290002422,,,,,,,,,137.0,137.0,56939.97305,57006.59145,66.6183999999994,4.10715719414957,95.925510466787,2970.65290002422,-1962.93248170534,233.224727832968
3468,56964.9555,,,,,,Frage 1,,,,,,1.0,525.0,476.0,478.0,441.0,0.9276381809195253,0.9099798592288657,56982.41000000003,524.2169799804688,527.4000244140625,0.7476966977119445,0.2865286767482757,0.5806822180747985,0.2874588072299957,0.0,0.0,1.0,0.2655542986425339,0.42235734331150604,501.5,458.5,525.808502197266,95.925510466787,2277.27931414686,,,,,,,,,137.0,137.0,56939.97305,57006.59145,66.6183999999994,4.10715719414957,95.925510466787,2970.65290002422,-1962.93248170534,233.224727832968
3469,56981.6105,,,,,,Frage 1,,,,,,1.0,499.0,450.0,435.0,411.0,0.923184838666194,0.9157622960479093,56999.06500000006,523.8209228515625,527.0321044921875,0.7483943700790405,0.2859659790992736,0.5813105106353759,0.2868168950080871,0.0,0.0,1.0,0.24604072398190038,0.39616463985032735,467.0,430.5,525.426513671875,63.2328699839726,-1962.93248170534,,,,,,,,,137.0,137.0,56939.97305,57006.59145,66.6183999999994,4.10715719414957,95.925510466787,2970.65290002422,-1962.93248170534,233.224727832968
3470,56998.2631,,,,,,Frage 1,,,,,,1.0,495.0,426.0,405.0,406.0,0.9232497416362538,0.9150391566587746,57015.71900000004,524.5279541015625,527.7591552734375,0.7485135197639465,0.2859598398208618,0.5813744068145752,0.2866537570953369,0.0,0.0,1.0,0.2364253393665158,0.3179323545770505,450.0,416.0,526.1435546875,32.7151814123429,-1832.60803548039,,,,,,,,,137.0,137.0,56939.97305,57006.59145,66.6183999999994,4.10715719414957,95.925510466787,2970.65290002422,-1962.93248170534,233.224727832968
3471,57014.9198,,,,,,Frage 1,,,,,,1.0,496.0,425.0,401.0,378.0,0.9059265099479715,0.9072667473725935,57032.37400000007,524.3132934570312,527.5616455078125,0.748897910118103,0.2861257195472717,0.5816179513931274,0.2867055535316467,0.0,0.0,1.0,0.3486666697946569,0.3690364826941066,448.5,401.5,525.937469482422,13.5708230956853,-1149.34880958712,106.0,105.0,449.0,401.166666666667,57006.59145,57106.52,99.9285500000042,0.0710493909710406,,,,,,,,,,
3472,57031.5738,,,,,,Frage 1,,,,,,1.0,492.0,430.0,408.0,374.0,0.9047485232953841,0.9060534801752675,57049.02899999998,524.4440307617188,527.7032470703125,0.7490632534027098,0.2862595319747924,0.5817010998725891,0.2867783308029174,0.0,0.0,1.0,0.3490251836000599,0.36950420954162766,450.0,402.0,526.073638916016,0.484097407377723,-785.80074986859,106.0,105.0,449.0,401.166666666667,57006.59145,57106.52,99.9285500000042,0.0710493909710406,,,,,,,,,,
3473,57048.2281,,,,,,Frage 1,,,,,,1.0,487.0,425.0,410.0,379.0,0.9224109955616353,0.9061311507022486,57065.68299999996,524.4110107421875,527.6820068359375,0.7493020296096801,0.2864748239517211,0.5818560719490051,0.2869270741939544,0.0,0.0,1.0,0.23557692307692304,0.36950420954162766,448.5,402.0,526.046508789063,2.00281402474432,91.1906605120848,106.0,105.0,449.0,401.166666666667,57006.59145,57106.52,99.9285500000042,0.0710493909710406,,,,,,,,,,
3474,57064.8842,,,,,,Frage 1,,,,,,1.0,486.0,424.0,415.0,376.0,0.9198098842230864,0.9039670891229122,57082.33799999999,524.592041015625,527.8718872070312,0.7494063973426818,0.2866593301296234,0.5819031596183776,0.2870544791221618,0.0,0.0,1.0,0.34861840084380963,0.36763330215154344,450.5,400.0,526.231964111328,2.32514586366454,19.3521796170902,106.0,105.0,449.0,401.166666666667,57006.59145,57106.52,99.9285500000042,0.0710493909710406,,,,,,,,,,
3475,57081.5374,,,,,,Frage 1,,,,,,1.0,490.0,425.0,412.0,379.0,0.9187589553617342,0.9041492131172129,57098.99300000002,524.27783203125,527.561767578125,0.7495415210723877,0.2867859005928039,0.5819756984710693,0.2870891690254211,0.0,0.0,1.0,0.2369909502262443,0.36950420954162766,451.0,402.0,525.919799804688,4.66307061876136,140.388919552803,106.0,105.0,449.0,401.166666666667,57006.59145,57106.52,99.9285500000042,0.0710493909710406,,,,,,,,,,
3476,57098.193,,,,,,Frage 1,,,,,,1.0,488.0,426.0,403.0,373.0,0.9156286351903904,0.9016101903731398,57115.647,523.8192749023438,527.1087036132812,0.7497622370719909,0.2866839170455932,0.5821187496185302,0.2869127690792083,0.0,0.0,1.0,0.2338800904977375,0.3671655753040224,445.5,399.5,525.463989257813,16.8339317818682,730.736879074191,106.0,105.0,449.0,401.166666666667,57006.59145,57106.52,99.9285500000042,0.0710493909710406,,,,,,,,,,
3477,57114.847,,,,,,Frage 1,,,,,,1.0,481.0,430.0,385.0,369.0,0.9161952880443737,0.9012191594442004,57132.302000000025,523.9663696289064,527.2671508789064,0.7499291896820068,0.2865963578224182,0.5822452306747437,0.2867649495601654,0.0,0.0,1.0,0.3487596883411702,0.3671655753040224,433.0,399.5,525.616760253906,56.1817024399563,2362.66186250047,,,,,,,,,138.0,138.0,57106.52,57139.8295,33.3094999999958,1.66486500173903,58.9027079614228,2362.66186250047,,194.743562836471
3478,57131.5018,,,,,,Frage 1,,,,,,1.0,437.0,424.0,334.0,350.0,0.9108233191378888,0.8972874238025347,57148.957000000046,525.123779296875,528.4288940429688,0.7496134638786315,0.2866608500480651,0.5819364190101624,0.286766767501831,0.0,0.0,1.0,0.19994343891402708,0.35547240411599623,385.5,387.0,526.776336669922,58.9027079614228,163.376655466717,,,,,,,,,138.0,138.0,57106.52,57139.8295,33.3094999999958,1.66486500173903,58.9027079614228,2362.66186250047,,194.743562836471
3479,57148.1572,,,,,,Frage 1,,,,,,1.0,429.0,420.0,313.0,342.0,0.8933769534315935,0.8954394009191905,57165.61100000003,524.8863525390625,528.1810302734375,0.7494455575942993,0.2865658700466156,0.5816953182220459,0.2866537868976593,0.0,0.0,1.0,0.19174208144796376,0.34985968194574363,371.0,381.0,526.53369140625,15.0168942746054,-2634.93003391145,107.0,106.0,386.578947368421,388.368421052632,57139.8295,57456.26895,316.439449999998,0.594926529131111,,,,,,,,,,
3480,57164.8106,,,,,,Frage 1,,,,,,1.0,427.0,420.0,311.0,350.0,0.9033919290660463,0.8938779554974663,57182.26600000006,524.6591796875,527.9437255859375,0.7493016123771667,0.2865245938301086,0.581506073474884,0.2866238057613372,0.0,0.0,1.0,0.19061085972850675,0.353601496725912,369.0,385.0,526.301452636719,6.66004984053552,-501.810106889406,107.0,106.0,386.578947368421,388.368421052632,57139.8295,57456.26895,316.439449999998,0.594926529131111,,,,,,,,,,
3481,57181.4668,,,,,,Frage 1,,,,,,1.0,422.0,425.0,315.0,350.0,0.9033345149002241,0.8900292469708494,57198.920999999966,524.5416259765625,527.816162109375,0.7491278052330017,0.2864249050617218,0.581304132938385,0.2865430414676666,0.0,0.0,1.0,0.1903280542986425,0.3559401309635173,368.5,387.5,526.178894042969,2.47994084551227,-250.964145184497,107.0,106.0,386.578947368421,388.368421052632,57139.8295,57456.26895,316.439449999998,0.594926529131111,,,,,,,,,,
3482,57198.12,,,,,,Frage 1,,,,,,1.0,426.0,414.0,317.0,354.0,0.8996525194833724,0.8866010306075442,57215.576,524.3267211914064,527.5938110351562,0.7490267753601074,0.2862506508827209,0.5811692476272583,0.2863654792308807,0.0,0.0,1.0,0.192024886877828,0.3526660430308699,371.5,384.0,525.960266113281,9.23790815718607,405.805929891764,107.0,106.0,386.578947368421,388.368421052632,57139.8295,57456.26895,316.439449999998,0.594926529131111,,,,,,,,,,
3483,57214.7755,,,,,,Frage 1,,,,,,1.0,431.0,409.0,317.0,350.0,0.883138765663812,0.8829531941334647,57232.22999999998,524.0172119140625,527.2734375,0.7488740086555481,0.2859708368778228,0.5809870958328247,0.2860823273658752,0.0,0.0,1.0,0.3428523380178128,0.3484565014031805,374.0,379.5,525.645324707031,7.79545382012973,-86.6052857648385,107.0,106.0,386.578947368421,388.368421052632,57139.8295,57456.26895,316.439449999998,0.594926529131111,,,,,,,,,,
3484,57231.4312,,,,,,Frage 1,,,,,,1.0,435.0,417.0,318.0,338.0,0.8940783528624706,0.8802320473950912,57248.88500000001,524.2484741210938,527.4895629882812,0.7484657168388366,0.2857058942317962,0.580577552318573,0.2858307659626007,0.0,0.0,1.0,0.3424985055921448,0.3465855940130963,376.5,377.5,525.869018554688,2.32947540298358,-328.174643944569,107.0,106.0,386.578947368421,388.368421052632,57139.8295,57456.26895,316.439449999998,0.594926529131111,,,,,,,,,,
3485,57248.0847,,,,,,Frage 1,,,,,,1.0,434.0,417.0,319.0,341.0,0.8911702005501775,0.8817024308196653,57265.54000000004,523.723876953125,526.9424438476562,0.7481409311294555,0.2854642570018768,0.580205500125885,0.285610556602478,0.0,0.0,1.0,0.19485294117647053,0.34798877455565946,376.5,379.0,525.333160400391,8.67039102695167,380.755734468307,107.0,106.0,386.578947368421,388.368421052632,57139.8295,57456.26895,316.439449999998,0.594926529131111,,,,,,,,,,
3486,57264.7399,,,,,,Frage 1,,,,,,1.0,434.0,413.0,322.0,360.0,0.877253511248898,0.8788018383810248,57282.19400000002,523.8225708007812,527.0148315429688,0.7475353479385376,0.2853520512580871,0.5796010494232177,0.2855179011821746,0.0,0.0,1.0,0.1957013574660633,0.3550046772684752,378.0,386.5,525.418701171875,11.0055385115339,140.205310328428,107.0,106.0,386.578947368421,388.368421052632,57139.8295,57456.26895,316.439449999998,0.594926529131111,,,,,,,,,,
3487,57281.3937,,,,,,Frage 1,,,,,,1.0,431.0,412.0,324.0,369.0,0.887221104448849,0.8764717225715908,57298.849000000046,523.4423828125,526.603515625,0.7469841241836547,0.2853951752185821,0.5790408253669738,0.2855945229530334,0.0,0.0,1.0,0.19541855203619904,0.35874649204864356,377.5,390.5,525.02294921875,2.58413455750336,-505.674618046961,107.0,106.0,386.578947368421,388.368421052632,57139.8295,57456.26895,316.439449999998,0.594926529131111,,,,,,,,,,
3488,57298.0498,,,,,,Frage 1,,,,,,1.0,429.0,417.0,325.0,361.0,0.8845251349232898,0.8737157580107775,57315.50400000008,523.2134399414064,526.3436889648438,0.7464240789413452,0.2855184674263,0.5784821510314941,0.2858000397682189,0.0,0.0,1.0,0.1951357466063348,0.3573433115060804,377.0,389.0,524.778564453125,9.38271479744027,408.173596456365,107.0,106.0,386.578947368421,388.368421052632,57139.8295,57456.26895,316.439449999998,0.594926529131111,,,,,,,,,,
3489,57314.7037,,,,,,Frage 1,,,,,,1.0,440.0,422.0,329.0,345.0,0.883311948636788,0.8732952658474658,57332.15800000005,523.298095703125,526.3995971679688,0.7458176612854003,0.285659909248352,0.5778903365135192,0.2860310077667236,0.0,0.0,1.0,0.19937782805429857,0.3521983161833489,384.5,383.5,524.848846435547,13.7307276506154,261.08075905198,107.0,106.0,386.578947368421,388.368421052632,57139.8295,57456.26895,316.439449999998,0.594926529131111,,,,,,,,,,
3490,57331.357,,,,,,Frage 1,,,,,,1.0,445.0,422.0,330.0,336.0,0.8806484305962586,0.8712704755578886,57348.812999999966,522.9746704101562,526.0534057617188,0.7454738616943359,0.2858296036720275,0.5775333642959594,0.2862859964370727,0.0,0.0,1.0,0.20107466063348411,0.34798877455565946,387.5,379.0,524.514038085938,5.7539469445463,-478.990993140489,107.0,106.0,386.578947368421,388.368421052632,57139.8295,57456.26895,316.439449999998,0.594926529131111,,,,,,,,,,
3491,57348.0135,,,,,,Frage 1,,,,,,1.0,436.0,425.0,333.0,354.0,0.8790258563447645,0.8686725303450713,57365.46799999999,522.6038208007812,525.6544189453125,0.7450087666511535,0.2860490977764129,0.5770552158355712,0.2865731120109558,0.0,0.0,1.0,0.19937782805429857,0.35781103835360145,384.5,389.5,524.129119873047,19.6213973741739,832.554884257188,107.0,106.0,386.578947368421,388.368421052632,57139.8295,57456.26895,316.439449999998,0.594926529131111,,,,,,,,,,
3492,57364.6666,,,,,,Frage 1,,,,,,1.0,450.0,421.0,355.0,367.0,0.8778326402028966,0.8662754571847916,57382.12199999997,522.5387573242188,525.5607299804688,0.7444329261779785,0.2863172888755798,0.5765039920806884,0.286901444196701,0.0,0.0,1.0,0.20955882352941171,0.3620205799812909,402.5,394.0,524.049743652344,25.1709386979928,333.243739833439,107.0,106.0,386.578947368421,388.368421052632,57139.8295,57456.26895,316.439449999998,0.594926529131111,,,,,,,,,,
3493,57381.3225,,,,,,Frage 1,,,,,,1.0,463.0,414.0,356.0,388.0,0.8767118158353262,0.8708633748647461,57398.777,522.539794921875,525.5328979492188,0.7438419461250305,0.2865690290927887,0.5759339332580566,0.2872345745563507,0.0,0.0,1.0,0.3531767558148089,0.36856875584658555,409.5,401.0,524.036346435547,15.6857091844657,-569.481655961197,107.0,106.0,386.578947368421,388.368421052632,57139.8295,57456.26895,316.439449999998,0.594926529131111,,,,,,,,,,
3494,57397.978,,,,,,Frage 1,,,,,,1.0,466.0,426.0,353.0,392.0,0.8748495998482269,0.8697304564884352,57415.43200000003,522.197998046875,525.1675415039064,0.743496298789978,0.2866573333740234,0.5755732655525208,0.2874264121055603,0.0,0.0,1.0,0.21351809954751125,0.3760523854069223,409.5,409.0,523.682769775391,4.96436997159604,-643.711639570664,107.0,106.0,386.578947368421,388.368421052632,57139.8295,57456.26895,316.439449999998,0.594926529131111,,,,,,,,,,
3495,57414.6306,,,,,,Frage 1,,,,,,1.0,457.0,429.0,355.0,365.0,0.8756583907058948,0.8653380542729504,57432.08600000001,522.0857543945312,525.029296875,0.7430084347724915,0.2867608964443206,0.5750930905342102,0.2876184284687042,0.0,0.0,1.0,0.21153846153846148,0.36482694106641717,406.0,397.0,523.557525634766,14.0412032067944,545.070033220137,107.0,106.0,386.578947368421,388.368421052632,57139.8295,57456.26895,316.439449999998,0.594926529131111,,,,,,,,,,
3496,57431.285,,,,,,Frage 1,,,,,,1.0,461.0,430.0,355.0,359.0,0.8740882380840643,0.8636078763270947,57448.74100000004,521.8975830078125,524.8173217773438,0.7426085472106932,0.2868223488330841,0.574694275856018,0.2877875566482543,0.0,0.0,1.0,0.2126696832579185,0.36248830682881195,408.0,394.5,523.357452392578,8.53599891095521,-330.555546632541,107.0,106.0,386.578947368421,388.368421052632,57139.8295,57456.26895,316.439449999998,0.594926529131111,,,,,,,,,,
3497,57447.9414,,,,,,Frage 1,,,,,,1.0,465.0,426.0,362.0,358.0,0.8728850368698795,0.8611063496994954,57465.39600000007,521.9442749023438,524.840087890625,0.7421402335166931,0.2868229150772094,0.574245810508728,0.2879109382629394,0.0,0.0,1.0,0.3508168803838911,0.36014967259120667,413.5,392.0,523.392181396484,4.59964281315885,-236.326943264834,107.0,106.0,386.578947368421,388.368421052632,57139.8295,57456.26895,316.439449999998,0.594926529131111,,,,,,,,,,
3498,57464.5965,,,,,,Frage 1,,,,,,1.0,446.0,424.0,360.0,365.0,0.8732295218648121,0.8609885047620068,57482.05099999998,521.142333984375,524.0228881835938,0.742119789123535,0.2867668569087982,0.574211835861206,0.2879664003849029,0.0,0.0,1.0,0.3518511134337403,0.36248830682881195,403.0,394.5,522.582611083984,35.1847261139435,1836.37944538258,,,,,,,,,139.0,139.0,57456.26895,57506.233,49.9640500000023,2.51324140467407,67.0798070899915,1915.27538437825,-1428.34570067001,175.333141628561
3499,57481.2495,,,,,,Frage 1,,,,,,1.0,424.0,427.0,327.0,365.0,0.8753838012171803,0.8724694917900258,57498.70500000008,521.9361572265625,524.8162231445312,0.7419393658638,0.2867201268672943,0.5740957856178283,0.2880317866802215,0.0,0.0,1.0,0.19428733031674203,0.36389148737137506,375.5,396.0,523.376190185547,67.0798070899915,1915.27538437825,,,,,,,,,139.0,139.0,57456.26895,57506.233,49.9640500000023,2.51324140467407,67.0798070899915,1915.27538437825,-1428.34570067001,175.333141628561
3500,57497.9056,,,,,,Frage 1,,,,,,1.0,379.0,430.0,280.0,371.0,0.8736039620766953,0.8610554621128526,57515.35999999999,522.4978637695312,525.376708984375,0.7417942285537719,0.2866243720054626,0.5740020275115966,0.2880242764949798,0.0,0.0,1.0,0.16826923076923073,0.3681010289990645,329.5,400.5,523.937286376953,43.2891382650614,-1428.34570067001,,,,,,,,,139.0,139.0,57456.26895,57506.233,49.9640500000023,2.51324140467407,67.0798070899915,1915.27538437825,-1428.34570067001,175.333141628561
3501,57514.5604,,,,,,Frage 1,,,,,,1.0,377.0,430.0,279.0,373.0,0.8710552723678101,0.8632543415146289,57532.015000000014,522.532958984375,525.4056396484375,0.7416908740997314,0.2865118980407714,0.5739060640335083,0.2879795134067535,0.0,0.0,1.0,0.16742081447963794,0.3690364826941066,328.0,401.5,523.969299316406,10.5656368536643,-1964.80902871181,108.0,107.0,332.5,390.442307692308,57506.233,57939.25355,433.020550000001,0.266964763890887,,,,,,,,,,
3502,57531.214,,,,,,Frage 1,,,,,,1.0,374.0,421.0,274.0,360.0,0.8718590706893197,0.8631472097532755,57548.669,521.9534912109375,524.8270263671875,0.741911768913269,0.2864267528057098,0.574094533920288,0.2879295051097869,0.0,0.0,1.0,0.16515837104072392,0.35874649204864356,324.0,390.5,523.390258789063,7.54788769131529,-181.207016041541,108.0,107.0,332.5,390.442307692308,57506.233,57939.25355,433.020550000001,0.266964763890887,,,,,,,,,,
3503,57547.8693,,,,,,Frage 1,,,,,,1.0,383.0,425.0,267.0,363.0,0.8743852939854916,0.8608492334722474,57565.324000000015,521.9650268554688,524.8439331054688,0.7420154213905334,0.2862736582756042,0.5742042660713195,0.287757784128189,0.0,0.0,1.0,0.16572398190045243,0.3620205799812909,325.0,394.0,523.404479980469,2.76376011772163,-287.243554519827,108.0,107.0,332.5,390.442307692308,57506.233,57939.25355,433.020550000001,0.266964763890887,,,,,,,,,,
3504,57564.5234,,,,,,Frage 1,,,,,,1.0,386.0,421.0,265.0,355.0,0.8736164434170915,0.861063496994954,57581.97900000005,521.4730224609375,524.3626708984375,0.7423886656761169,0.2862123847007751,0.5745441913604736,0.2876699864864349,0.0,0.0,1.0,0.1660067873303167,0.3564078578110383,325.5,388.0,522.917846679688,5.6644768557346,174.174331726903,108.0,107.0,332.5,390.442307692308,57506.233,57939.25355,433.020550000001,0.266964763890887,,,,,,,,,,
3505,57581.1777,,,,,,Frage 1,,,,,,1.0,386.0,419.0,272.0,360.0,0.8740657716713514,0.8652469922758,57598.63300000003,521.4634399414064,524.3673095703125,0.7426806688308715,0.2861257195472717,0.5748310089111328,0.2875409424304962,0.0,0.0,1.0,0.16798642533936647,0.35781103835360145,329.0,389.5,522.915374755859,6.37950706789435,42.9336695123584,108.0,107.0,332.5,390.442307692308,57506.233,57939.25355,433.020550000001,0.266964763890887,,,,,,,,,,
3506,57597.8325,,,,,,Frage 1,,,,,,1.0,389.0,422.0,276.0,357.0,0.8741830962710747,0.8659219223723257,57615.28800000006,521.2650146484375,524.1845092773438,0.7430498003959655,0.2861437499523162,0.5751751065254211,0.2874909043312072,0.0,0.0,1.0,0.34915721297180785,0.35781103835360145,332.5,389.5,522.724761962891,4.23918104029719,-128.511061531666,108.0,107.0,332.5,390.442307692308,57506.233,57939.25355,433.020550000001,0.266964763890887,,,,,,,,,,
3507,57605.6028,,,,,,Frage 1,1.0,1.0132532119751,29.4074980426184,1.14547002315521,202.73046875,,,,,,0.6585048574425887,0.6495113533451946,,,,,,,,,,,0.37959439571535225,0.3642823432120883,,,,,,,,,,,,,,,,,,,,,,,
3508,57614.4951,,,,,,Frage 1,,,,,,1.0,390.0,431.0,276.0,353.0,0.8740083575055292,0.8636159112091961,57631.94299999997,520.9098510742188,523.843994140625,0.7434186339378356,0.2861750721931457,0.5755140781402587,0.2874164283275604,0.0,0.0,1.0,0.1702488687782805,0.36014967259120667,333.0,392.0,522.376922607422,16.243603258097,720.441120701296,108.0,107.0,332.5,390.442307692308,57506.233,57939.25355,433.020550000001,0.266964763890887,,,,,,,,,,
3509,57631.1425,,,,,,Frage 1,,,,,,1.0,385.0,436.0,272.0,376.0,0.8737512418933694,0.8631766709876477,57648.59700000008,520.8463745117188,523.7930297851562,0.7436226606369019,0.2861315608024597,0.5757007002830505,0.2872365713119506,0.0,0.0,1.0,0.1677036199095022,0.37324602432179604,328.5,406.0,522.319702148438,11.3556700412411,-293.615412428094,108.0,107.0,332.5,390.442307692308,57506.233,57939.25355,433.020550000001,0.266964763890887,,,,,,,,,,
3510,57647.7962,,,,,,Frage 1,,,,,,1.0,372.0,425.0,285.0,381.0,0.8706758396197684,0.8667093408182724,57665.25199999998,520.61572265625,523.5745239257812,0.7438993453979492,0.2862273156642913,0.575947105884552,0.2872281074523925,0.0,0.0,1.0,0.1677036199095022,0.3704396632366697,328.5,403.0,522.095123291016,12.1654487339706,48.6245514648257,108.0,107.0,332.5,390.442307692308,57506.233,57939.25355,433.020550000001,0.266964763890887,,,,,,,,,,
3511,57664.4522,,,,,,Frage 1,,,,,,1.0,377.0,425.0,291.0,364.0,0.8641950355714091,0.865771937906431,57681.90700000001,520.6371459960938,523.603759765625,0.7440146207809448,0.2862690091133117,0.5760474801063536,0.2871880829334259,0.0,0.0,1.0,0.17081447963800903,0.36248830682881195,334.0,394.5,522.120452880859,10.2324827255829,-116.052233932959,108.0,107.0,332.5,390.442307692308,57506.233,57939.25355,433.020550000001,0.266964763890887,,,,,,,,,,
3512,57681.1053,,,,,,Frage 1,,,,,,1.0,385.0,427.0,282.0,360.0,0.8725779958961354,0.8633668298640499,57698.561,520.2471313476562,523.2188720703125,0.7441985607147216,0.2862485945224762,0.5761827826499939,0.2870858311653137,0.0,0.0,1.0,0.17053167420814477,0.36155285313376984,333.5,393.5,521.733001708984,7.6386047623028,-155.759466002103,108.0,107.0,332.5,390.442307692308,57506.233,57939.25355,433.020550000001,0.266964763890887,,,,,,,,,,
3513,57697.7616,,,,,,Frage 1,,,,,,1.0,390.0,424.0,278.0,349.0,0.8725031078537587,0.8622178417235358,57715.216000000015,520.05078125,523.0250854492188,0.744284451007843,0.2862828075885772,0.5762287378311157,0.2870694398880004,0.0,0.0,1.0,0.17081447963800903,0.3550046772684752,334.0,386.5,521.537933349609,7.79959501576777,9.66542710355929,108.0,107.0,332.5,390.442307692308,57506.233,57939.25355,433.020550000001,0.266964763890887,,,,,,,,,,
3514,57714.4168,,,,,,Frage 1,,,,,,1.0,385.0,417.0,285.0,354.0,0.8704961083180645,0.8601796599637894,57731.87100000004,519.783935546875,522.7614135742188,0.7443833351135253,0.2862502932548522,0.5762874484062194,0.2869525253772735,0.0,0.0,1.0,0.17138009049773753,0.35406922357343307,335.0,385.5,521.272674560547,9.07859398625266,76.7927716559879,108.0,107.0,332.5,390.442307692308,57506.233,57939.25355,433.020550000001,0.266964763890887,,,,,,,,,,
3515,57731.0703,,,,,,Frage 1,,,,,,1.0,388.0,417.0,280.0,375.0,0.8705784851646788,0.8588646175931778,57748.52600000007,519.681884765625,522.661865234375,0.744404911994934,0.2862439155578613,0.5762646794319152,0.286842793226242,0.0,0.0,1.0,0.17081447963800903,0.36389148737137506,334.0,396.0,521.171875,8.03531187793007,-62.6464171689177,108.0,107.0,332.5,390.442307692308,57506.233,57939.25355,433.020550000001,0.266964763890887,,,,,,,,,,
3516,57747.7258,,,,,,Frage 1,,,,,,1.0,393.0,419.0,272.0,368.0,0.870333850892915,0.8572335365265741,57765.18000000005,519.5055541992188,522.4876708984375,0.744455873966217,0.2862943708896637,0.5762720704078674,0.2868145704269409,0.0,0.0,1.0,0.16996606334841627,0.36155285313376984,332.5,393.5,520.996612548828,13.8598562068968,349.706963403467,108.0,107.0,332.5,390.442307692308,57506.233,57939.25355,433.020550000001,0.266964763890887,,,,,,,,,,
3517,57764.379,,,,,,Frage 1,,,,,,1.0,392.0,422.0,276.0,341.0,0.8701466307869736,0.8572121101743034,57781.83499999996,519.3243408203125,522.3064575195312,0.744503378868103,0.2863827645778656,0.576295495033264,0.2868839800357818,0.0,0.0,1.0,0.17081447963800903,0.3503274087932647,334.0,381.5,520.815399169922,9.19892745658474,-279.881869569323,108.0,107.0,332.5,390.442307692308,57506.233,57939.25355,433.020550000001,0.266964763890887,,,,,,,,,,
3518,57781.0349,,,,,,Frage 1,,,,,,1.0,388.0,425.0,273.0,343.0,0.8729773987888109,0.8575977845151752,57798.48999999999,519.1063842773438,522.0875854492188,0.7445327043533325,0.2864162027835845,0.576304018497467,0.2868867516517639,0.0,0.0,1.0,0.16883484162895923,0.29602558607672036,330.5,384.0,520.596984863281,7.29420069313894,-114.35748073932,108.0,107.0,332.5,390.442307692308,57506.233,57939.25355,433.020550000001,0.266964763890887,,,,,,,,,,
3519,57797.6895,,,,,,Frage 1,,,,,,1.0,387.0,431.0,275.0,346.0,0.8716693543152986,0.8561220445025336,57815.14399999997,518.8984985351562,521.87890625,0.7445665597915649,0.2864721417427063,0.576325237751007,0.2869214415550231,0.0,0.0,1.0,0.16911764705882348,0.2961170174589652,331.0,388.5,520.388702392578,2.58067564726478,-283.016406630822,108.0,107.0,332.5,390.442307692308,57506.233,57939.25355,433.020550000001,0.266964763890887,,,,,,,,,,
3520,57814.351,,,,,,Frage 1,,,,,,1.0,388.0,433.0,277.0,339.0,0.8668540531904803,0.8564407614925598,57831.799,518.75146484375,521.7312622070312,0.7445856928825378,0.286637544631958,0.576339840888977,0.2870641946792602,0.0,0.0,1.0,0.3488876510284793,0.3543618645076478,332.5,386.0,520.241363525391,3.82645611468305,74.7700067471788,108.0,107.0,332.5,390.442307692308,57506.233,57939.25355,433.020550000001,0.266964763890887,,,,,,,,,,
3521,57830.9996,,,,,,Frage 1,,,,,,1.0,382.0,429.0,280.0,356.0,0.8663398219661606,0.8551819632966585,57848.45400000003,518.76318359375,521.742431640625,0.7445298433303833,0.2867220640182495,0.5762847065925598,0.2870879769325256,0.0,0.0,1.0,0.16911764705882348,0.3606173994387277,331.0,392.5,520.252807617188,6.26904241399932,146.7142161693,108.0,107.0,332.5,390.442307692308,57506.233,57939.25355,433.020550000001,0.266964763890887,,,,,,,,,,
3522,57847.6526,,,,,,Frage 1,,,,,,1.0,387.0,423.0,284.0,361.0,0.868958407181264,0.8529589792485779,57865.10800000001,518.6990966796875,521.6769409179688,0.7445045709609985,0.2868543565273284,0.576242685317993,0.2871957123279571,0.0,0.0,1.0,0.17166289592760176,0.36014967259120667,335.5,392.0,520.188018798828,8.45451470767968,131.235951100737,108.0,107.0,332.5,390.442307692308,57506.233,57939.25355,433.020550000001,0.266964763890887,,,,,,,,,,
3523,57864.3083,,,,,,Frage 1,,,,,,1.0,387.0,421.0,286.0,350.0,0.8686338923309652,0.8525384870852662,57881.76300000004,518.4544677734375,521.4312744140625,0.7445551753044128,0.2869661450386047,0.5762884020805358,0.2873024940490722,0.0,0.0,1.0,0.17222850678733026,0.35406922357343307,336.5,385.5,519.94287109375,8.274130624074,-10.830171269039,108.0,107.0,332.5,390.442307692308,57506.233,57939.25355,433.020550000001,0.266964763890887,,,,,,,,,,
3524,57880.9642,,,,,,Frage 1,,,,,,1.0,391.0,427.0,297.0,351.0,0.8670512583687389,0.8562988119087666,57898.41800000006,518.154296875,521.1286010742188,0.7445802092552185,0.2870067358016967,0.5763121247291564,0.2873227894306182,0.0,0.0,1.0,0.17647058823529407,0.3573433115060804,344.0,389.0,519.641448974609,7.44125391141394,-50.0049059288177,108.0,107.0,332.5,390.442307692308,57506.233,57939.25355,433.020550000001,0.266964763890887,,,,,,,,,,
3525,57897.6163,,,,,,Frage 1,,,,,,1.0,395.0,425.0,293.0,340.0,0.8661526018602191,0.856020269329248,57915.07200000005,518.232421875,521.2009887695312,0.7444205284118652,0.2871972322463989,0.5761414170265197,0.2874967455863952,0.0,0.0,1.0,0.17647058823529407,0.3512628624883068,344.0,382.5,519.716705322266,12.9795806790529,332.590289971785,108.0,107.0,332.5,390.442307692308,57506.233,57939.25355,433.020550000001,0.266964763890887,,,,,,,,,,
3526,57914.2731,,,,,,Frage 1,,,,,,1.0,387.0,423.0,278.0,338.0,0.8654261878491655,0.8497664527602499,57931.72700000007,517.9439697265625,520.9038696289064,0.7443146705627441,0.287494957447052,0.5760116577148438,0.2877849638462066,0.0,0.0,1.0,0.16996606334841627,0.3493919550982226,332.5,380.5,519.423919677734,7.65521222319368,-319.651340945449,108.0,107.0,332.5,390.442307692308,57506.233,57939.25355,433.020550000001,0.266964763890887,,,,,,,,,,
3527,57930.926,,,,,,Frage 1,,,,,,1.0,389.0,428.0,284.0,344.0,0.8654162027768486,0.8479119360008226,57948.38199999998,517.971435546875,520.919189453125,0.7440526485443115,0.2878475785255432,0.5757392048835754,0.2881570756435394,0.0,0.0,1.0,0.35011340415020464,0.3545369504209541,336.5,386.0,519.4453125,29.5104720434634,1312.39963131157,108.0,107.0,332.5,390.442307692308,57506.233,57939.25355,433.020550000001,0.266964763890887,,,,,,,,,,
3528,57947.5811,,,,,,Frage 1,,,,,,1.0,412.0,462.0,300.0,343.0,0.8673033814447402,0.8452669187834118,57965.03599999997,515.55859375,518.4617309570312,0.743786334991455,0.2891670763492584,0.5754626989364624,0.2894293963909149,0.0,0.0,1.0,0.18325791855203613,0.3699719363891487,356.0,402.5,517.010162353516,185.83721961878,9386.11882097874,,,,,,,,,140.0,140.0,57939.25355,57955.9088,16.6552500000034,,185.83721961878,9386.11882097874,,
3529,57964.2365,,,,,,Frage 1,,,,,,1.0,468.0,531.0,-1.0,-1.0,0.02821123497619804,0.0,57981.69099999999,515.6690673828125,-1.0,0.7422775626182556,0.2908443212509155,-1.0,-1.0,0.0,4.0,1.0,0.2466063348416289,0.49017773620205796,468.0,531.0,515.669067382813,,,,,,,,,,,,,,,,,,,,
3530,57980.8901,,,,,,Frage 1,,,,,,1.0,-1.0,-1.0,-1.0,-1.0,0.0,0.0,57998.34600000002,-1.0,-1.0,-1.0,-1.0,-1.0,-1.0,4.0,4.0,1.0,0.4759322966953752,0.3954061960765668,674.75,,516.407806396484,,,,,,,,,,,,,,,,,,,,
3531,57997.5463,,,,,,Frage 1,,,,,,1.0,910.0,-1.0,853.0,-1.0,0.8643927328643678,0.8407566716304384,58015.00100000005,515.7667236328125,518.5263671875,0.7413159608840942,0.2927056550979614,0.5717980861663818,0.2939062118530273,0.0,0.0,1.0,0.4804864253393664,0.3969977841235538,881.5,,517.146545410156,,,,,,,,,,,,,,,,,,,,
3532,58014.199,,,,,,Frage 1,,,,,,1.0,913.0,-1.0,841.0,-1.0,0.864507561196012,0.8478380810558906,58031.65500000002,515.9466552734375,518.5986328125,0.7387087941169738,0.2950941920280456,0.5702428817749023,0.2962721288204193,0.0,0.0,1.0,0.47794117647058815,0.39617387044703095,877.0,,517.272644042969,,,,,,,,,,,,,,,,,,,,
3533,58030.8549,,,,,,Frage 1,,,,,,1.0,919.0,-1.0,819.0,-1.0,0.8631196361439648,0.8469569223187599,58048.310000000056,516.1712036132812,518.79345703125,0.7378420233726501,0.2948872745037078,0.569877028465271,0.2959867119789123,0.0,0.0,1.0,0.4734162895927601,0.39470768223883834,869.0,,517.482330322266,,,,,,,,,,,,,,,,,,,,
3534,58047.5107,,,,,,Frage 1,,,,,,1.0,921.0,-1.0,809.0,-1.0,0.8667741726119451,0.8404031368179724,58064.96499999997,515.9978637695312,518.5865478515625,0.7370617985725402,0.2948935627937316,0.5693610310554504,0.2959416508674621,0.0,0.0,1.0,0.35142174362744494,0.35518123393817036,865.0,,517.292205810547,,,,,,,,,,,,,,,,,,,,
3535,58064.1634,,,,,,Frage 1,,,,,,1.0,915.0,-1.0,822.0,-1.0,0.840829270263386,0.8389675712158384,58081.619000000064,515.8008422851562,518.3576049804688,0.7364040613174438,0.2947904467582702,0.5689055323600769,0.295900285243988,0.0,0.0,1.0,0.4731334841628958,0.39461448405654215,868.5,,517.079223632813,,,,,,,,,,,,,,,,,,,,
3536,58080.8193,,,,,,Frage 1,,,,,,1.0,915.0,-1.0,837.0,-1.0,0.8640507441375144,0.8391202339757668,58098.273999999976,515.3513793945312,517.870361328125,0.7356911897659301,0.2946310937404632,0.5683116316795349,0.295791208744049,0.0,0.0,1.0,0.47737556561085964,0.3959896929335018,876.0,,516.610870361328,,,,,,,,,,,,,,,,,,,,
3537,58097.4733,,,,,,Frage 1,,,,,,1.0,911.0,-1.0,834.0,-1.0,0.8625504870219023,0.838048916362234,58114.929,515.5678100585938,518.048095703125,0.7347933650016784,0.294632613658905,0.5674847960472106,0.2958767712116241,0.0,0.0,1.0,0.4753959276018099,0.3953481346818459,872.5,,516.807952880859,,,,,,,,,,,,,,,,,,,,
3538,58114.1287,,,,,,Frage 1,,,,,,1.0,905.0,-1.0,827.0,-1.0,0.8607981068302888,0.8362410678893972,58131.582999999984,515.4735107421875,517.9111938476562,0.7339282035827636,0.2947052717208862,0.5666264295578002,0.2960672378540039,0.0,0.0,1.0,0.47171945701357454,0.394156722552235,866.0,,516.692352294922,,,,,,,,,,,,,,,,,,,,
3539,58130.7828,,,,,,Frage 1,,,,,,1.0,907.0,-1.0,814.0,-1.0,0.8610577187105278,0.835116184395188,58148.238000000005,515.3916625976562,517.7911376953125,0.7331711649894714,0.294698029756546,0.5658402442932128,0.2961854338645935,0.0,0.0,1.0,0.46860859728506776,0.39314870449119865,860.5,,516.591400146484,,,,,,,,,,,,,,,,,,,,
3540,58147.4373,,,,,,Frage 1,,,,,,1.0,929.0,-1.0,837.0,-1.0,0.864125632179891,0.8371409746847649,58164.89300000004,514.306396484375,516.6511840820312,0.7323288917541503,0.2951517105102539,0.5649951696395874,0.2967625856399536,0.0,0.0,1.0,0.4813348416289592,0.397272283968395,883.0,,515.478790283203,,,,,,,,,,,,,,,,,,,,
3541,58164.092,,,,,,Frage 1,,,,,,1.0,996.0,-1.0,913.0,-1.0,0.8629848376676869,0.8362973120641077,58181.54700000002,514.0872192382812,516.3735961914064,0.7311180233955383,0.2954718768596649,0.5639059543609619,0.2971988916397094,0.0,0.0,1.0,0.5217760180995474,0.41037498542478107,954.5,,515.230407714844,,,,,,,,,,,,,,,,,,,,
3542,58180.7464,,,,,,Frage 1,,,,,,1.0,1007.0,-1.0,927.0,-1.0,0.8590756818556259,0.8269797161736594,58198.20200000005,514.38916015625,516.6446533203125,0.7302997708320617,0.2956146597862243,0.5631030797958374,0.2973067760467529,0.0,0.0,1.0,0.5288461538461537,0.4126645913567587,967.0,,515.516906738281,,,,,,,,,,,,,,,,,,,,
3543,58197.4012,,,,,,Frage 1,,,,,,1.0,1006.0,-1.0,919.0,-1.0,0.8587985960988325,0.8340582582518239,58214.85699999996,514.2075805664064,516.429931640625,0.729760468006134,0.2951677143573761,0.5625838041305542,0.2971210181713104,0.0,0.0,1.0,0.5263009049773755,0.41184066437666245,962.5,,515.318756103516,,,,,,,,,,,,,,,,,,,,
3544,58214.056,,,,,,Frage 1,,,,,,1.0,1011.0,-1.0,921.0,-1.0,0.8610102896170226,0.8337984637305423,58231.51100000006,514.25537109375,516.4437866210938,0.7290921807289124,0.2950705587863922,0.5619133710861206,0.2972055375576019,0.0,0.0,1.0,0.5282805429864252,0.4124821078967062,966.0,,515.349578857422,,,,,,,,,,,,,,,,,,,,
3545,58230.7103,,,,,,Frage 1,,,,,,1.0,1013.0,-1.0,929.0,-1.0,0.8606558195497732,0.8335520606794297,58248.16599999997,513.9456176757812,516.1063232421875,0.7286705374717712,0.2949910759925842,0.5614779591560363,0.2973062694072723,0.0,0.0,1.0,0.5311085972850678,0.41339835213337717,971.0,,515.025970458984,,,,,,,,,,,,,,,,,,,,
3546,58247.3662,,,,,,Frage 1,,,,,,1.0,1018.0,-1.0,925.0,-1.0,0.861262412693024,0.8344466108867297,58264.821,513.9982299804688,516.1303100585938,0.7281277775764465,0.2950064539909362,0.5609212517738342,0.2975063920021057,0.0,0.0,1.0,0.531391402714932,0.4134900933930618,971.5,,515.064270019531,,,,,,,,,,,,,,,,,,,,
3547,58264.0203,,,,,,Frage 1,,,,,,1.0,1020.0,-1.0,909.0,-1.0,0.8606558195497732,0.8285944692781287,58281.47600000002,513.825927734375,515.9356079101562,0.7277634739875793,0.2950749099254608,0.5605149269104003,0.2977117300033569,0.0,0.0,1.0,0.5274321266968325,0.4122066708080932,964.5,,514.880767822266,,,,,,,,,,,,,,,,,,,,
3548,58280.6755,,,,,,Frage 1,,,,,,1.0,1017.0,-1.0,909.0,-1.0,0.8582519133894828,0.8343421574194102,58298.130000000005,514.21435546875,516.3040771484375,0.7272934317588806,0.2952071726322174,0.5600227713584899,0.2979785203933715,0.0,0.0,1.0,0.5265837104072397,0.4119323039011338,963.0,,515.259216308594,,,,,,,,,,,,,,,,,,,,
3549,58297.3307,,,,,,Frage 1,,,,,,1.0,1008.0,-1.0,909.0,-1.0,0.8579323910753425,0.8353491959761311,58314.78500000003,514.123779296875,516.1998901367188,0.7270832061767578,0.2953485548496246,0.559777021408081,0.2982182204723358,0.0,0.0,1.0,0.5240384615384615,0.41110774451067517,958.5,,515.161834716797,,,,,,,,,,,,,,,,,,,,
3550,58313.9848,,,,,,Frage 1,,,,,,1.0,1004.0,-1.0,912.0,-1.0,0.8589184169666352,0.8346662309975038,58331.44000000006,514.6039428710938,516.6692504882812,0.7267711758613586,0.2955070436000824,0.5594472289085388,0.2984722852706909,0.0,0.0,1.0,0.5237556561085972,0.41101607809139906,958.0,,515.636596679688,,,,,,,,,,,,,,,,,,,,
3551,58330.6392,,,,,,Frage 1,,,,,,1.0,1011.0,-1.0,913.0,-1.0,0.8596797787307975,0.8349045991665149,58348.09400000004,514.5675659179688,516.6258544921875,0.7267125248908995,0.2956182658672332,0.5593410730361938,0.2987086176872253,0.0,0.0,1.0,0.5260180995475112,0.4117491534166208,962.0,,515.596710205078,,,,,,,,,,,,,,,,,,,,
3552,58347.2937,,,,,,Frage 1,,,,,,1.0,1008.0,-1.0,909.0,-1.0,0.8580222567261945,0.8367606569319607,58364.74900000007,514.8369140625,516.8888549804688,0.7264806628227233,0.2960066795349121,0.5591180324554443,0.2990755438804626,0.0,0.0,1.0,0.3519134443569872,0.3553398745986615,958.5,,515.862884521484,,,,,,,,,,,,,,,,,,,,
3553,58363.9494,,,,,,Frage 1,,,,,,1.0,992.0,-1.0,898.0,-1.0,0.858693752839505,0.8371811490952723,58381.40399999998,514.79296875,516.8499755859375,0.7266573309898376,0.2959799468517303,0.5592525005340576,0.299109935760498,0.0,0.0,1.0,0.5164027149321266,0.40863399982686477,945.0,,515.821472167969,,,,,,,,,,,,,,,,,,,,
3554,58380.6147,,,,,,Frage 1,,,,,,1.0,989.0,-1.0,882.0,-1.0,0.859460107139826,0.8369695638665997,58398.05799999996,514.90380859375,516.9598388671875,0.7266579866409301,0.2960633039474487,0.5592239499092102,0.2992641329765319,0.0,0.0,1.0,0.351894228585277,0.35533371816897985,935.5,,515.931823730469,,,,,,,,,,,,,,,,,,,,
3555,58397.2577,,,,,,Frage 1,,,,,,1.0,990.0,-1.0,884.0,-1.0,0.8596672973904014,0.8367874398722992,58414.71299999999,514.7478637695312,516.8062133789064,0.7267916202545166,0.2962347865104675,0.5593168139457702,0.299480140209198,0.0,0.0,1.0,0.5118778280542986,0.4071679406433561,937.0,,515.777038574219,,,,,,,,,,,,,,,,,,,,
3556,58413.9129,,,,,,Frage 1,,,,,,1.0,993.0,-1.0,897.0,-1.0,0.8590032900813286,0.8356089904974129,58431.36800000002,514.8233032226562,516.8831787109375,0.7268030643463134,0.2964480817317962,0.5593235492706298,0.2996882796287536,0.0,0.0,1.0,0.5164027149321266,0.4086338467067343,945.0,,515.853240966797,,,,,,,,,,,,,,,,,,,,
3557,58430.5665,,,,,,Frage 1,,,,,,1.0,988.0,-1.0,906.0,-1.0,0.8586438274779207,0.8353063432715897,58448.022,514.9573974609375,517.0228881835938,0.7269283533096313,0.2964759469032287,0.5594213604927063,0.2997594773769378,0.0,0.0,1.0,0.5175339366515836,0.40900031596757674,947.0,,515.990142822266,,,,,,,,,,,,,,,,,,,,
3558,58447.222,,,,,,Frage 1,,,,,,1.0,996.0,-1.0,912.0,-1.0,0.8612399462803111,0.832796781761889,58464.677000000025,515.0895385742188,517.159912109375,0.727013349533081,0.29659104347229,0.5594990253448486,0.2998868823051452,0.0,0.0,1.0,0.5214932126696832,0.41028293555540135,954.0,,516.124725341797,,,,,,,,,,,,,,,,,,,,
3559,58463.8776,,,,,,Frage 1,,,,,,1.0,846.0,-1.0,710.0,-1.0,0.8665095681955477,0.8429519403086546,58481.332000000046,511.4878540039063,513.5962524414064,0.7289276719093322,0.2966026663780212,0.5613166093826293,0.2999306619167327,0.0,0.0,1.0,0.421945701357466,0.3780310532362083,778.0,,512.542053222656,,,,,,,,,,,,,,,,,,,,
3560,58480.5302,,,,,,Frage 1,,,,,,1.0,764.0,-1.0,710.0,-1.0,0.8665070719274686,0.8390264936845828,58497.98600000003,511.4788208007813,513.6482543945312,0.7304190993309021,0.2985818088054657,0.5618368983268737,0.3017500340938568,0.0,0.0,1.0,0.35163676758321427,0.35525074915663996,737.0,,512.563537597656,,,,,,,,,,,,,,,,,,,,
3561,58497.1861,,,,,,Frage 1,,,,,,1.0,412.0,-1.0,307.0,-1.0,0.8531869854567422,0.8414289234329302,58514.64100000006,511.4807739257813,513.6674194335938,0.731097936630249,0.2995205521583557,0.5619309544563293,0.3029524385929107,0.0,0.0,1.0,0.18523755656108593,0.30133768225774216,359.5,,512.574096679688,,,,,,,,,,,,,,,,,,,,
3562,58513.8405,,,,,,Frage 1,,,,,,1.0,417.0,-1.0,310.0,-1.0,0.8433993782842659,0.8419244078291892,58531.295999999966,511.3592529296875,513.6924438476562,0.7342154383659362,0.2998114824295043,0.5647855401039124,0.3027865588665008,0.0,0.0,1.0,0.18749999999999997,0.3020704342396767,363.5,,512.525848388672,,,,,,,,,,,,,,,,,,,,
3563,58530.4963,,,,,,Frage 1,,,,,,1.0,429.0,-1.0,297.0,-1.0,0.8520761461614886,0.8400442454174392,58547.951,510.99563598632807,513.2373046875,0.732278823852539,0.2968460619449615,0.5633424520492553,0.3000429570674896,0.0,0.0,1.0,0.18721719457013572,0.3019788986129088,363.0,,512.116470336914,,,,,,,,,,,,,,,,,,,,
3564,58547.1507,,,,,,Frage 1,,,,,,1.0,444.0,-1.0,287.0,-1.0,0.8400541689835989,0.8384453038792411,58564.60499999998,510.8099670410156,513.0339965820312,0.7319234013557434,0.2964354455471038,0.5629772543907166,0.2996190786361694,0.0,0.0,1.0,0.18863122171945698,0.3024364742949262,365.5,,511.921981811523,,,,,,,,,,,,,,,,,,,,
3565,58563.804,,,,,,Frage 1,,,,,,1.0,448.0,-1.0,300.0,-1.0,0.8533367615414955,0.8382283620625008,58581.26000000001,511.0701904296875,513.320556640625,0.7324471473693847,0.2966032326221466,0.5638597011566162,0.2998891174793243,0.0,0.0,1.0,0.19343891402714927,0.30399457126166407,374.0,,512.195373535156,,,,,,,,,,,,,,,,,,,,
3566,58580.4602,,,,,,Frage 1,,,,,,1.0,443.0,-1.0,307.0,-1.0,0.8514146351204951,0.8398701563052399,58597.91500000004,511.15054321289057,513.4046020507812,0.7325022220611572,0.2965238690376281,0.5641077756881713,0.2998549044132232,0.0,0.0,1.0,0.19400452488687778,0.3041779344271325,375.0,,512.277572631836,,,,,,,,,,,,,,,,,,,,
3567,58597.1136,,,,,,Frage 1,,,,,,1.0,446.0,-1.0,318.0,-1.0,0.843599834955823,0.8419699388277643,58614.56900000002,511.15969848632807,513.4175415039064,0.732588768005371,0.2965029180049896,0.5643511414527893,0.2998809218406677,0.0,0.0,1.0,0.3509516224712011,0.35502830981144995,382.0,,512.288619995117,,,,,,,,,,,,,,,,,,,,
3568,58613.7689,,,,,,Frage 1,,,,,,1.0,462.0,-1.0,331.0,-1.0,0.8580896559643334,0.8444420042209915,58631.224000000046,511.0413208007813,513.3026733398438,0.7327122688293457,0.2965030670166015,0.5645877122879028,0.2999238073825836,0.0,0.0,1.0,0.20616515837104069,0.3081186419955422,396.5,,512.171997070313,,,,,,,,,,,,,,,,,,,,
3569,58628.7606,,,,,,Frage 1,1.0,2.07211232185364,29.4071591020787,0.76282662153244,202.73046875,,,,,,0.6585048574425887,0.6495113533451946,,,,,,,,,,,0.37959439571535225,0.3642823432120883,,,,,,,,,,,,,,,,,,,,,,,
3570,58630.4243,,,,,,Frage 1,,,,,,1.0,454.0,-1.0,321.0,-1.0,0.8592454280850129,0.8455615311271334,58647.87900000008,511.6006774902344,513.8616943359375,0.7325259447097778,0.2965249121189117,0.564481496810913,0.2999434471130371,0.0,0.0,1.0,0.20107466063348411,0.30646948980594424,387.5,,512.731185913086,,,,,,,,,,,,,,,,,,,,
3571,58647.0774,,,,,,Frage 1,,,,,,1.0,436.0,-1.0,311.0,-1.0,0.8468979301053429,0.8455561745390657,58664.53300000005,511.8134460449218,514.0762329101562,0.732501208782196,0.2965377271175384,0.5644991397857666,0.2999628782272338,0.0,0.0,1.0,0.19315610859728502,0.30390349099819414,373.5,,512.944839477539,,,,,,,,,,,,,,,,,,,,
3572,58663.7331,,,,,,Frage 1,,,,,,1.0,436.0,-1.0,307.0,-1.0,0.8596797787307975,0.8484326623314015,58681.187999999966,512.2291870117188,514.4920654296875,0.7323789000511169,0.2965532541275024,0.5644144415855407,0.2999811172485351,0.0,0.0,1.0,0.192024886877828,0.3035377014665606,371.5,,513.360626220703,,,,,,,,,,,,,,,,,,,,
3573,58680.3877,,,,,,Frage 1,,,,,,1.0,460.0,-1.0,311.0,-1.0,0.8656258892955032,0.8498253752289943,58697.84299999999,512.356201171875,514.6181640625,0.7323117852210999,0.2966506481170654,0.5643770098686218,0.3000701069831848,0.0,0.0,1.0,0.19994343891402708,0.3061036320316449,385.5,,513.487182617188,,,,,,,,,,,,,,,,,,,,
3574,58697.0419,,,,,,Frage 1,,,,,,1.0,467.0,-1.0,327.0,-1.0,0.8673957433636713,0.8499458984605166,58714.49699999997,512.7225341796875,514.9816284179688,0.73213791847229,0.2966900765895843,0.5642356872558593,0.3001136183738708,0.0,0.0,1.0,0.20644796380090494,0.3082111509879477,397.0,,513.852081298828,,,,,,,,,,,,,,,,,,,,
3575,58713.6978,,,,,,Frage 1,,,,,,1.0,461.0,-1.0,322.0,-1.0,0.8663173555534476,0.847417588892579,58731.152,512.4993286132812,514.750244140625,0.7320131659507751,0.2967347800731658,0.5641226172447203,0.3001594841480255,0.0,0.0,1.0,0.20333710407239816,0.3072029426697802,391.5,,513.624786376953,,,,,,,,,,,,,,,,,,,,
3576,58730.3513,,,,,,Frage 1,,,,,,1.0,462.0,-1.0,325.0,-1.0,0.8677352358224454,0.8492950730102954,58747.80700000003,512.5167236328125,514.7568359375,0.7317903637886047,0.2968248426914215,0.5639138221740722,0.3002963066101074,0.0,0.0,1.0,0.20446832579185517,0.30756969748904706,393.5,,513.636779785156,,,,,,,,,,,,,,,,,,,,
3577,58747.0066,,,,,,Frage 1,,,,,,1.0,455.0,-1.0,330.0,-1.0,0.8655659788616019,0.8518528438126052,58764.46100000001,512.3609008789064,514.5894165039064,0.7316022515296936,0.2968498766422271,0.5637277364730835,0.3003690540790557,0.0,0.0,1.0,0.20390271493212667,0.30738663500640995,392.5,,513.475158691406,,,,,,,,,,,,,,,,,,,,
3578,58763.6605,,,,,,Frage 1,,,,,,1.0,449.0,-1.0,319.0,-1.0,0.8675330381080285,0.8529455877784088,58781.11600000004,512.5816040039064,514.7960815429688,0.7312445044517517,0.2969417572021484,0.5633777379989624,0.3005018830299377,0.0,0.0,1.0,0.19909502262443432,0.3058291351164658,384.0,,513.688842773438,,,,,,,,,,,,,,,,,,,,
3579,58780.3157,,,,,,Frage 1,,,,,,1.0,469.0,-1.0,308.0,-1.0,0.8681546088597547,0.8629160237967781,58797.77100000007,510.604248046875,512.7784423828125,0.7308987379074096,0.2970655858516693,0.563007652759552,0.3006370067596435,0.0,0.0,1.0,0.20164027149321262,0.30665484540254523,388.5,,511.691345214844,,,,,,,,,,,,,,,,,,,,
3580,58796.9718,,,,,,Frage 1,,,,,,1.0,548.0,-1.0,-1.0,-1.0,0.8769664351794068,0.0,58814.42599999998,510.79486083984375,-1.0,0.7273650169372557,0.299885869026184,-1.0,-1.0,0.0,4.0,1.0,0.29185520361990946,0.3357948395667323,548.0,,510.794860839844,,,,,,,,,,,,,,,,,,,,
3581,58813.6246,,,,,,Frage 1,,,,,,1.0,990.0,-1.0,931.0,-1.0,0.8750617826349607,0.8667334454645769,58831.08000000008,510.8066101074218,512.798095703125,0.7268205285072326,0.2997246384620666,0.5585383772850036,0.3033984899520874,0.0,0.0,1.0,0.5251696832579185,0.41147808730584046,960.5,,511.802352905273,,,,,,,,,,,,,,,,,,,,
3582,58830.2805,,,,,,Frage 1,,,,,,1.0,987.0,-1.0,913.0,-1.0,0.875323890783279,0.8585512571912194,58847.73499999999,510.8222351074218,512.806884765625,0.7266721129417419,0.3002172410488128,0.5582805275917053,0.3038681149482727,0.0,0.0,1.0,0.5192307692307692,0.40955305426473476,950.0,,511.814559936523,,,,,,,,,,,,,,,,,,,,
3583,58846.934,,,,,,Frage 1,,,,,,1.0,989.0,-1.0,903.0,-1.0,0.8766494091333457,0.8543195526177647,58864.390000000014,510.6463012695313,512.637939453125,0.7269124388694763,0.2972593903541564,0.5584774017333984,0.3009603321552276,0.0,0.0,1.0,0.34931695895336673,0.3545010636657054,946.0,,511.642120361328,,,,,,,,,,,,,,,,,,,,
3584,58863.5888,,,,,,Frage 1,,,,,,1.0,983.0,-1.0,897.0,-1.0,0.856321790545726,0.8550346571247978,58881.044,510.99954223632807,512.9850463867188,0.7266494631767272,0.297049343585968,0.5584283471107482,0.3007844388484954,0.0,0.0,1.0,0.5135746606334841,0.4077194949938036,940.0,,511.992294311524,,,,,,,,,,,,,,,,,,,,
3585,58880.2446,,,,,,Frage 1,,,,,,1.0,981.0,-1.0,893.0,-1.0,0.878027349113076,0.8605706908927292,58897.699000000015,511.2718200683594,513.23876953125,0.7261674404144287,0.2969873547554016,0.558059573173523,0.3007870912551879,0.0,0.0,1.0,0.5118778280542986,0.40717102167429786,937.0,,512.255294799805,,,,,,,,,,,,,,,,,,,,
3586,58896.8979,,,,,,Frage 1,,,,,,1.0,970.0,-1.0,890.0,-1.0,0.8799519718021559,0.862501740891122,58914.35400000005,511.44085693359375,513.3916015625,0.725781500339508,0.2969553470611572,0.5577510595321655,0.3008261919021606,0.0,0.0,1.0,0.5079185520361991,0.4058884919823668,930.0,,512.416229248047,,,,,,,,,,,,,,,,,,,,
3587,58913.5538,,,,,,Frage 1,,,,,,1.0,970.0,-1.0,886.0,-1.0,0.8829325158887463,0.8632329151623582,58931.00800000003,511.6832275390625,513.6168823242188,0.725351333618164,0.2970061302185058,0.5573803186416626,0.3009391725063324,0.0,0.0,1.0,0.5067873303167421,0.4055221542376434,928.0,,512.650054931641,,,,,,,,,,,,,,,,,,,,
3588,58930.2072,,,,,,Frage 1,,,,,,1.0,975.0,-1.0,885.0,-1.0,0.8857632838905838,0.8659567401947655,58947.66300000006,511.6972351074218,513.6173095703125,0.7250714302062988,0.2969765961170196,0.5571236610412597,0.300969660282135,0.0,0.0,1.0,0.5079185520361991,0.40588904390217057,930.0,,512.657272338867,,,,,,,,,,,,,,,,,,,,
3589,58946.863,,,,,,Frage 1,,,,,,1.0,971.0,-1.0,893.0,-1.0,0.8849045676713314,0.8649068489335032,58964.31799999997,511.8888854980469,513.7950439453125,0.7247374653816223,0.2969805896282196,0.5568107366561889,0.3010364770889282,0.0,0.0,1.0,0.5090497737556561,0.4062554189354677,932.0,,512.84196472168,,,,,,,,,,,,,,,,,,,,
3590,58963.5174,,,,,,Frage 1,,,,,,1.0,970.0,-1.0,893.0,-1.0,0.8870313880748281,0.8551353029283549,58980.97200000008,511.8599548339844,513.7545776367188,0.7245250344276428,0.2968484461307525,0.5566185116767883,0.3009785413742065,0.0,0.0,1.0,0.5087669683257918,0.40616284581079554,931.5,,512.807266235352,,,,,,,,,,,,,,,,,,,,
3591,58980.1717,,,,,,Frage 1,,,,,,1.0,966.0,-1.0,889.0,-1.0,0.8896624546303277,0.8648934574633341,58997.62699999998,512.0946044921875,513.978515625,0.7242530584335327,0.2965780198574066,0.556372582912445,0.300770878791809,0.0,0.0,1.0,0.5065045248868778,0.40543092198587,927.5,,513.036560058594,,,,,,,,,,,,,,,,,,,,
3592,58996.8276,,,,,,Frage 1,,,,,,1.0,963.0,-1.0,891.0,-1.0,0.8920788421310142,0.867116441511415,59014.28200000001,512.082763671875,513.9596557617188,0.7241228222846984,0.296436458826065,0.5562514066696167,0.3006764352321624,0.0,0.0,1.0,0.5062217194570134,0.4053396050436555,927.0,,513.021209716797,,,,,,,,,,,,,,,,,,,,
3593,59013.48,,,,,,Frage 1,,,,,,1.0,971.0,-1.0,889.0,-1.0,0.8904437865391239,0.8697679526049088,59030.936,512.2236328125,514.0930786132812,0.7239430546760559,0.2963368892669677,0.5560778975486755,0.3006215691566467,0.0,0.0,1.0,0.5079185520361991,0.4058895953170221,930.0,,513.158355712891,,,,,,,,,,,,,,,,,,,,
3594,59030.1362,,,,,,Frage 1,,,,,,1.0,978.0,-1.0,886.0,-1.0,0.8920039540886374,0.8718114909527227,59047.591000000015,512.2877807617188,514.1519165039064,0.7238255143165588,0.2962938249111175,0.555951178073883,0.3006099164485931,0.0,0.0,1.0,0.5090497737556561,0.4062563721158213,932.0,,513.219848632813,,,,,,,,,,,,,,,,,,,,
3595,59046.7921,,,,,,Frage 1,,,,,,1.0,978.0,-1.0,886.0,-1.0,0.8945127035082552,0.8703732470565549,59064.24600000004,512.2426147460938,514.0995483398438,0.7236717343330383,0.2963333427906036,0.5557886958122253,0.3006395995616912,0.0,0.0,1.0,0.5090497737556561,0.4062563058935664,932.0,,513.171081542969,,,,,,,,,,,,,,,,,,,,
3596,59063.4448,,,,,,Frage 1,,,,,,1.0,973.0,-1.0,894.0,-1.0,0.8747731150436878,0.8742219555831716,59080.90100000007,512.0673828125,513.917236328125,0.7235860228538513,0.2964490950107574,0.5557004213333129,0.3007972538471221,0.0,0.0,1.0,0.5098981900452488,0.40653093531290035,933.5,,512.992309570313,,,,,,,,,,,,,,,,,,,,
3597,59080.1006,,,,,,Frage 1,,,,,,1.0,967.0,-1.0,883.0,-1.0,0.8951317779919021,0.8773207417803155,59097.55500000005,511.9127197265625,513.756103515625,0.7234888672828674,0.2966111004352569,0.5555853843688964,0.3009694218635559,0.0,0.0,1.0,0.5050904977375564,0.4049742542287951,925.0,,512.834411621094,,,,,,,,,,,,,,,,,,,,
3598,59096.7542,,,,,,Frage 1,,,,,,1.0,925.0,-1.0,862.0,-1.0,0.899782325423492,0.8796267529434452,59114.20999999996,511.05712890625,512.8958740234375,0.7236536145210266,0.2968701720237731,0.555801510810852,0.3013081550598144,0.0,0.0,1.0,0.48727375565610853,0.39920207408611574,893.5,,511.976501464844,,,,,,,,,,,,,,,,,,,,
3599,59113.4102,,,,,,Frage 1,,,,,,1.0,903.0,-1.0,843.0,-1.0,0.8987039376132684,0.8827496437868935,59130.86499999999,511.9998168945313,513.8480834960938,0.7235914468765258,0.2975147366523742,0.5559569597244262,0.3019926846027374,0.0,0.0,1.0,0.47567873303167413,0.39544560826469644,873.0,,512.923950195313,,,,,,,,,,,,,,,,,,,,
3600,59130.0645,,,,,,Frage 1,,,,,,1.0,858.0,-1.0,776.0,-1.0,0.8969640387620508,0.8865983523135104,59147.51899999997,513.6921997070312,515.54736328125,0.7232509851455688,0.297804832458496,0.555772066116333,0.3022703826427459,0.0,0.0,1.0,0.44400452488687775,0.38518359650774414,817.0,,514.619781494141,,,,,,,,,,,,,,,,,,,,
3601,59146.7181,,,,,,Frage 1,,,,,,1.0,869.0,-1.0,759.0,-1.0,0.8996250605345009,0.8867269104271343,59164.174,513.54345703125,515.39013671875,0.7231282591819763,0.2973023056983947,0.5556416511535645,0.3018139004707336,0.0,0.0,1.0,0.4423076923076922,0.38463392920917666,814.0,,514.466796875,,,,,,,,,,,,,,,,,,,,
3602,59163.3741,,,,,,Frage 1,,,,,,1.0,870.0,-1.0,757.0,-1.0,0.902420880783229,0.8752874777818828,59180.82900000003,513.5489501953125,515.38720703125,0.7229735851287841,0.2969812154769897,0.5555239915847778,0.301563560962677,0.0,0.0,1.0,0.4420248868778279,0.384541204944184,813.5,,514.468078613281,,,,,,,,,,,,,,,,,,,,
3603,59180.0272,,,,,,Frage 1,,,,,,1.0,864.0,-1.0,756.0,-1.0,0.9034069066745216,0.8925334518924826,59197.48300000001,513.7125854492188,515.5452880859375,0.7228140830993652,0.297004610300064,0.5554059743881224,0.3016214370727539,0.0,0.0,1.0,0.4400452488687782,0.38390163288746465,810.0,,514.628936767578,,,,,,,,,,,,,,,,,,,,
3604,59196.683,,,,,,Frage 1,,,,,,1.0,863.0,-1.0,752.0,-1.0,0.9047249362203506,0.8949064204064578,59214.13800000004,513.8857421875,515.7133178710938,0.7226703166961669,0.2969954013824462,0.5552815794944763,0.3016493320465087,0.0,0.0,1.0,0.34317144537635325,0.3525150844290803,807.5,,514.799530029297,,,,,,,,,,,,,,,,,,,,
3605,59213.3379,,,,,,Frage 1,,,,,,1.0,862.0,-1.0,750.0,-1.0,0.9025007613617642,0.8757175518721707,59230.79300000006,514.1398315429688,515.9630126953125,0.7225385904312133,0.2970388233661651,0.5551590919494628,0.3017529845237731,0.0,0.0,1.0,0.4377828054298642,0.3831668298799944,806.0,,515.051422119141,,,,,,,,,,,,,,,,,,,,
3606,59229.9909,,,,,,Frage 1,,,,,,1.0,865.0,-1.0,748.0,-1.0,0.9035117499338489,0.8968294355227495,59247.44700000005,514.4007568359375,516.2196655273438,0.7223906517028807,0.2972011268138885,0.5550192594528198,0.3019436299800872,0.0,0.0,1.0,0.3428558526503463,0.35241299287364464,806.5,,515.310211181641,,,,,,,,,,,,,,,,,,,,
3607,59246.6461,,,,,,Frage 1,,,,,,1.0,862.0,-1.0,744.0,-1.0,0.9049346227390054,0.8942636298383382,59264.10200000007,514.400634765625,516.2197875976562,0.7223951816558837,0.2972022294998168,0.5550147891044616,0.3019424974918365,0.0,0.0,1.0,0.34327505595138463,0.3525485941170057,803.0,,515.310211181641,,,,,,,,,,,,,,,,,,,,
3608,59263.3013,,,,,,Frage 1,,,,,,1.0,865.0,-1.0,750.0,-1.0,0.9059181523622185,0.8788834226223402,59280.75699999998,514.0804443359375,515.8924560546875,0.7223733067512512,0.2974751889705658,0.5549775958061218,0.3022937476634979,0.0,0.0,1.0,0.43863122171945695,0.3834421567918056,807.5,,514.986450195313,,,,,,,,,,,,,,,,,,,,
3609,59279.9564,,,,,,Frage 1,,,,,,1.0,865.0,-1.0,753.0,-1.0,0.9059181523622185,0.9023627909966467,59297.41099999997,513.705322265625,515.5088500976562,0.722308337688446,0.2974284291267395,0.5548865795135498,0.3022847771644592,0.0,0.0,1.0,0.34200436846249516,0.3521377693299718,809.0,,514.607086181641,,,,,,,,,,,,,,,,,,,,
3610,59296.6106,,,,,,Frage 1,,,,,,1.0,856.0,-1.0,755.0,-1.0,0.9067269432198864,0.9029305893318191,59314.06599999999,513.76025390625,515.54345703125,0.7219000458717346,0.2971272468566894,0.5545149445533752,0.3021016716957092,0.0,0.0,1.0,0.43749999999999994,0.38307817017356527,805.5,,514.65185546875,,,,,,,,,,,,,,,,,,,,
3611,59313.2739,,,,,,Frage 1,,,,,,1.0,864.0,-1.0,762.0,-1.0,0.9075532079541085,0.9016851826060872,59330.72100000002,514.0087280273438,515.7786254882812,0.7215902209281921,0.2970669865608215,0.5542471408843994,0.302152395248413,0.0,0.0,1.0,0.44174208144796373,0.3844524905716888,813.0,,514.893676757813,,,,,,,,,,,,,,,,,,,,
3612,59329.9204,,,,,,Frage 1,,,,,,1.0,861.0,-1.0,750.0,-1.0,0.9084044353691233,0.9034501783743828,59347.37600000005,514.2354125976562,515.994140625,0.7213196158409118,0.2971779108047485,0.5539873242378234,0.3023333251476287,0.0,0.0,1.0,0.3418563676818615,0.35209001301213033,805.5,,515.114776611328,,,,,,,,,,,,,,,,,,,,
3613,59346.5761,,,,,,Frage 1,,,,,,1.0,856.0,-1.0,755.0,-1.0,0.907827797442823,0.9018967678347599,59364.03000000002,514.4830932617188,516.23095703125,0.7210144996643066,0.2974120080471038,0.5537105202674865,0.3025912046432495,0.0,0.0,1.0,0.34209635939650673,0.3521675890708953,805.5,,515.357025146484,,,,,,,,,,,,,,,,,,,,
3614,59363.2302,,,,,,Frage 1,,,,,,1.0,867.0,-1.0,764.0,-1.0,0.9083495174713804,0.9038224612450853,59380.685000000056,514.8440551757812,516.5813598632812,0.7206858992576599,0.2976463437080383,0.5533982515335083,0.302844762802124,0.0,0.0,1.0,0.443156108597285,0.3849108799251263,815.5,,515.712707519531,,,,,,,,,,,,,,,,,,,,
3615,59379.8841,,,,,,Frage 1,,,,,,1.0,874.0,-1.0,745.0,-1.0,0.9076680362857528,0.9037046163075967,59397.33999999997,514.787841796875,516.5139770507812,0.7204391360282897,0.2978200316429138,0.5531458258628845,0.3030038177967071,0.0,0.0,1.0,0.4397624434389139,0.3838113071333309,809.5,,515.650909423828,,,,,,,,,,,,,,,,,,,,
3616,59396.5398,,,,,,Frage 1,,,,,,1.0,864.0,-1.0,750.0,-1.0,0.9081423272208049,0.9068328637391128,59413.994000000064,515.1475830078125,516.8577270507812,0.7200217247009277,0.2983046770095825,0.5527835488319397,0.3035723567008972,0.0,0.0,1.0,0.4383484162895927,0.3833535071825687,807.0,,516.002655029297,,,,,,,,,,,,,,,,,,,,
3617,59413.1931,,,,,,Frage 1,,,,,,1.0,852.0,-1.0,750.0,-1.0,0.909540237345169,0.9068328637391128,59430.648999999976,515.1474609375,516.8578491210938,0.7200261950492858,0.2983060479164123,0.5527791380882263,0.3035709857940673,0.0,0.0,1.0,0.4349547511312216,0.3822540156423163,801.0,,516.002655029297,,,,,,,,,,,,,,,,,,,,
3618,59429.849,,,,,,Frage 1,,,,,,1.0,864.0,-1.0,750.0,-1.0,0.9120614681051827,0.9079631038213899,59447.304,515.1996459960938,516.87890625,0.7193869948387146,0.2986554205417633,0.5521773099899292,0.3040648996829986,0.0,0.0,1.0,0.4383484162895927,0.3833537547024426,807.0,,516.039276123047,,,,,,,,,,,,,,,,,,,,
3619,59446.5032,,,,,,Frage 1,,,,,,1.0,864.0,-1.0,745.0,-1.0,0.9120614681051827,0.8848437801980605,59463.957999999984,515.126953125,516.7919311523438,0.7190829515457153,0.2988688051700592,0.5518671870231628,0.3042825758457183,0.0,0.0,1.0,0.43693438914027144,0.3828932111423595,804.5,,515.959442138672,,,,,,,,,,,,,,,,,,,,
3620,59463.1573,,,,,,Frage 1,,,,,,1.0,864.0,-1.0,754.0,-1.0,0.9101268603437862,0.9062436390516696,59480.613000000005,515.3790893554688,517.0178833007812,0.7185414433479309,0.2986427545547485,0.5513978004455566,0.304266482591629,0.0,0.0,1.0,0.4394796380090497,0.38372002444478365,809.0,,516.198486328125,,,,,,,,,,,,,,,,,,,,
3621,59479.8138,,,,,,Frage 1,,,,,,1.0,894.0,-1.0,797.0,-1.0,0.9122037553856985,0.911568087590928,59497.26800000004,514.6527099609375,516.26171875,0.7180790901184082,0.2987922132015228,0.5509978532791137,0.3044910728931427,0.0,0.0,1.0,0.4601244343891402,0.3904095024660416,845.5,,515.457214355469,,,,,,,,,,,,,,,,,,,,
3622,59496.4668,,,,,,Frage 1,,,,,,1.0,951.0,-1.0,841.0,-1.0,0.9147299786818707,0.9104914133893275,59513.92200000002,513.4230346679688,515.010009765625,0.7179259061813354,0.2989609539508819,0.5508583188056945,0.3047185242176055,0.0,0.0,1.0,0.4886877828054298,0.39966391864152156,896.0,,514.216522216797,,,,,,,,,,,,,,,,,,,,
3623,59513.122,,,,,,Frage 1,,,,,,1.0,951.0,-1.0,831.0,-1.0,0.913991083330421,0.9066909141553195,59530.57700000005,513.6221313476562,515.2045288085938,0.7177585363388062,0.2994730472564697,0.5506922602653503,0.3052149713039398,0.0,0.0,1.0,0.48585972850678727,0.3987472175333914,891.0,,514.413330078125,,,,,,,,,,,,,,,,,,,,
3624,59529.7775,,,,,,Frage 1,,,,,,1.0,939.0,-1.0,829.0,-1.0,0.9146226391544641,0.9076390302432962,59547.23199999996,513.3175048828125,514.8941040039064,0.7177703976631165,0.2994795441627502,0.5507412552833557,0.3053410947322845,0.0,0.0,1.0,0.4819004524886877,0.3974645427765243,884.0,,514.105804443359,,,,,,,,,,,,,,,,,,,,
3625,59546.4301,,,,,,Frage 1,,,,,,1.0,939.0,-1.0,828.0,-1.0,0.9081900605086038,0.9091335183141745,59563.88600000006,513.3633422851562,514.9442138671875,0.7178552150726318,0.2999889850616455,0.5508211255073547,0.3058514297008514,0.0,0.0,1.0,0.3409560153972749,0.3517988849608867,883.5,,514.153778076172,,,,,,,,,,,,,,,,,,,,
3626,59563.0859,,,,,,Frage 1,,,,,,1.0,955.0,-1.0,819.0,-1.0,0.9153515494335968,0.9091094136678701,59580.54099999997,513.0128784179688,514.5973510742188,0.7180683612823486,0.3001381456851959,0.5510348677635192,0.3060671389102935,0.0,0.0,1.0,0.48359728506787325,0.39801448874472706,887.0,,513.805114746094,,,,,,,,,,,,,,,,,,,,
3627,59579.7399,,,,,,Frage 1,,,,,,1.0,962.0,-1.0,821.0,-1.0,0.9110031439747923,0.9119135875212926,59597.196,513.2069702148438,514.7987060546875,0.7182354927062988,0.3002043366432189,0.5512282252311707,0.3062227964401245,0.0,0.0,1.0,0.4861425339366515,0.39883928932463275,891.5,,514.002838134766,,,,,,,,,,,,,,,,,,,,
3628,59596.3979,,,,,,Frage 1,,,,,,1.0,953.0,-1.0,832.0,-1.0,0.9159955865980359,0.912797424552457,59613.85100000002,513.018310546875,514.6206665039064,0.7185543775558471,0.3001638650894165,0.5515799522399902,0.3062397241592407,0.0,0.0,1.0,0.48670814479638,0.3990228031750652,892.5,,513.819488525391,,,,,,,,,,,,,,,,,,,,
3629,59613.0492,,,,,,Frage 1,,,,,,1.0,945.0,-1.0,831.0,-1.0,0.9158033739559358,0.9121010681036607,59630.505000000005,513.0816650390625,514.6978759765625,0.718831717967987,0.2998270392417907,0.5519013404846191,0.305880457162857,0.0,0.0,1.0,0.48416289592760176,0.3981980709780983,888.0,,513.889770507813,,,,,,,,,,,,,,,,,,,,
3630,59629.706,,,,,,Frage 1,,,,,,1.0,952.0,-1.0,828.0,-1.0,0.9162601910144335,0.9122189130411493,59647.16000000003,513.1239013671875,514.7532348632812,0.7191051840782166,0.2995101809501647,0.5521901249885559,0.3055433630943298,0.0,0.0,1.0,0.48529411764705876,0.3985646110280942,890.0,,513.938568115234,,,,,,,,,,,,,,,,,,,,
3631,59638.3025,,,,,,Frage 1,1.0,0.944798409938812,29.4083696040061,0.387317180633545,202.73046875,,,,,,0.6585048574425887,0.6495113533451946,,,,,,,,,,,0.37959439571535225,0.3642823432120883,,,,,,,,,,,,,,,,,,,,,,,
3632,59646.3589,,,,,,Frage 1,,,,,,1.0,954.0,-1.0,833.0,-1.0,0.9193855186496188,0.9110484985483647,59663.81500000006,513.3477172851562,514.9938354492188,0.7193975448608398,0.2993273735046386,0.5525060296058654,0.3053131103515625,0.0,0.0,1.0,0.48727375565610853,0.39920599022751846,893.5,,514.170776367188,,,,,,,,,,,,,,,,,,,,
3633,59663.0136,,,,,,Frage 1,,,,,,1.0,952.0,-1.0,838.0,-1.0,0.9191134254289838,0.9130572190737387,59680.46900000004,513.0528564453125,514.72021484375,0.7199061512947083,0.2992185056209564,0.5530099272727966,0.3051159977912902,0.0,0.0,1.0,0.4881221719457013,0.3994810744438266,895.0,,513.886535644531,,,,,,,,,,,,,,,,,,,,
3634,59679.6721,,,,,,Frage 1,,,,,,1.0,949.0,-1.0,836.0,-1.0,0.9169117169831104,0.9141660328037453,59697.12400000007,513.2001342773438,514.7976684570312,0.7182061672210693,0.3027971684932708,0.5511602759361267,0.3085658550262451,0.0,0.0,1.0,0.48670814479638,0.39902297581400215,892.5,,513.998901367188,,,,,,,,,,,,,,,,,,,,
3635,59696.3232,,,,,,Frage 1,,,,,,1.0,-1.0,-1.0,-1.0,-1.0,0.0,0.0,59713.77899999998,-1.0,-1.0,-1.0,-1.0,-1.0,-1.0,4.0,4.0,1.0,0.4759322966953752,0.3954061960765668,571.0,,514.023178100586,,,,,,,,,,,,,,,,,,,,
3636,59712.9783,,,,,,Frage 1,,,,,,1.0,289.0,-1.0,210.0,-1.0,0.9160904447850464,0.9397410625328091,59730.43299999996,513.1923217773438,514.902587890625,0.72142094373703,0.3065139651298522,0.5535616278648376,0.3130218088626861,0.0,0.0,1.0,0.12302036199095018,0.281191791749445,249.5,,514.047454833984,,,,,,,,,,,,,,,,,,,,
3637,59729.6324,,,,,,Frage 1,,,,,,1.0,292.0,-1.0,165.0,-1.0,0.921642144993235,0.9320972113602521,59747.08799999999,515.2892456054688,517.2247314453125,0.7258173823356628,0.2989859580993652,0.5582475662231445,0.3052517473697662,0.0,0.0,1.0,0.11114253393665158,0.2773427988139951,228.5,,516.256988525391,,,,,,,,,,,,,,,,,,,,
3638,59746.2882,,,,,,Frage 1,,,,,,1.0,300.0,-1.0,160.0,-1.0,0.9285443262322828,0.9084417554972665,59763.74300000002,515.433837890625,517.4031982421875,0.7263956069946289,0.2991895079612731,0.5589951872825621,0.3052741289138793,0.0,0.0,1.0,0.34126076933309774,0.35189822793317743,230.0,,516.418518066406,,,,,,,,,,,,,,,,,,,,
3639,59762.9419,,,,,,Frage 1,,,,,,1.0,297.0,-1.0,167.0,-1.0,0.9329352617836335,0.9348504976270314,59780.397,515.3187866210938,517.3161010742188,0.7269667387008667,0.2989914417266845,0.5596893429756165,0.3049605190753936,0.0,0.0,1.0,0.11312217194570134,0.2779848568437737,232.0,,516.317443847656,,,,,,,,,,,,,,,,,,,,
3640,59779.5962,,,,,,Frage 1,,,,,,1.0,292.0,-1.0,153.0,-1.0,0.9350945336721601,0.933021222801924,59797.052000000025,514.9712524414064,516.9810180664064,0.7273368239402771,0.2989498674869537,0.5600334405899047,0.3048982322216033,0.0,0.0,1.0,0.1077488687782805,0.2762438033298027,222.5,,515.976135253906,,,,,,,,,,,,,,,,,,,,
3641,59796.2529,,,,,,Frage 1,,,,,,1.0,301.0,-1.0,154.0,-1.0,0.9335942765565479,0.9336988311924835,59813.707000000046,515.0949096679688,517.1223754882812,0.7276543974876403,0.2987660467624664,0.5604512691497802,0.304663598537445,0.0,0.0,1.0,0.11057692307692302,0.2771601055749094,227.5,,516.108642578125,,,,,,,,,,,,,,,,,,,,
3642,59812.9052,,,,,,Frage 1,,,,,,1.0,312.0,-1.0,172.0,-1.0,0.9296701431360116,0.9371832917304993,59830.36100000003,514.5009155273438,516.5374755859375,0.7279852628707885,0.298617273569107,0.5608206987380981,0.3044639527797699,0.0,0.0,1.0,0.11877828054298634,0.27981755415127607,242.0,,515.519195556641,,,,,,,,,,,,,,,,,,,,
3643,59829.5609,,,,,,Frage 1,,,,,,1.0,311.0,-1.0,180.0,-1.0,0.929076031333157,0.937732342007435,59847.01600000006,515.2824096679688,517.3134765625,0.7276058197021484,0.2987318336963653,0.560537040233612,0.3045489192008972,0.0,0.0,1.0,0.12075791855203616,0.2804589886233565,245.5,,516.297943115234,,,,,,,,,,,,,,,,,,,,
3644,59846.2164,,,,,,Frage 1,,,,,,1.0,347.0,-1.0,165.0,-1.0,0.9302442847942326,0.9345451721071746,59863.670999999966,511.9771118164063,513.9708251953125,0.7276682257652282,0.2989861965179443,0.5604858994483947,0.3047747313976287,0.0,0.0,1.0,0.12669683257918546,0.28238288753058444,256.0,,512.973968505859,,,,,,,,,,,,,,,,,,,,
3645,59862.8703,,,,,,Frage 1,,,,,,1.0,441.0,-1.0,622.0,-1.0,0.9352393172207549,0.9320302540094061,59880.326,512.9810180664064,514.9193115234375,0.7257906198501586,0.3005341589450836,0.5584673285484314,0.3057614862918853,0.0,0.0,1.0,0.2825226244343891,0.3328699085169775,531.5,,513.950164794922,,,,,,,,,,,,,,,,,,,,
3646,59879.5248,,,,,,Frage 1,,,,,,1.0,719.0,-1.0,627.0,-1.0,0.942765565479608,0.9338889900688856,59896.97999999998,516.3261108398438,518.26708984375,0.724440574645996,0.3019454777240753,0.5569140315055847,0.306310087442398,0.0,0.0,1.0,0.3625565610859728,0.3588011209548205,673.0,,517.296600341797,,,,,,,,,,,,,,,,,,,,
3647,59896.1795,,,,,,Frage 1,,,,,,1.0,702.0,-1.0,614.0,-1.0,0.9436742070604447,0.9368833227987101,59913.63500000001,516.2444458007812,518.1865234375,0.7241110801696777,0.3028614521026611,0.5566809773445129,0.306662917137146,0.0,0.0,1.0,0.3369106155591809,0.3504922483629687,658.0,,517.215484619141,,,,,,,,,,,,,,,,,,,,
3648,59912.8355,,,,,,Frage 1,,,,,,1.0,706.0,-1.0,611.0,-1.0,0.9435643712649588,0.9407186398551578,59930.29000000004,515.9453125,517.8514404296875,0.723684251308441,0.3009164333343505,0.5563517808914183,0.3052464127540588,0.0,0.0,1.0,0.35435520361990946,0.35614464059499146,658.5,,516.898376464844,,,,,,,,,,,,,,,,,,,,
3649,59929.4892,,,,,,Frage 1,,,,,,1.0,700.0,-1.0,599.0,-1.0,0.9441435054593383,0.9404213492174025,59946.94400000002,515.8052978515625,517.6849975585938,0.7233337759971618,0.3005695641040802,0.5560823082923889,0.3052625656127929,0.0,0.0,1.0,0.3363559108715017,0.3503129088855783,649.5,,516.745147705078,,,,,,,,,,,,,,,,,,,,
3650,59946.1436,,,,,,Frage 1,,,,,,1.0,686.0,-1.0,597.0,-1.0,0.943746598834742,0.9368110088597967,59963.599000000046,516.7640991210938,518.6299438476562,0.7228989601135253,0.3003574907779693,0.555770754814148,0.3053062558174133,0.0,0.0,1.0,0.34473981900452483,0.3530288830609379,641.5,,517.697021484375,,,,,,,,,,,,,,,,,,,,
3651,59962.7991,,,,,,Frage 1,,,,,,1.0,680.0,-1.0,603.0,-1.0,0.9448324754492035,0.9380028497048519,59980.25400000008,516.729736328125,518.5938110351562,0.722990870475769,0.2998890876770019,0.5559095740318298,0.3050446808338165,0.0,0.0,1.0,0.34473981900452483,0.35302904296169507,641.5,,517.661773681641,,,,,,,,,,,,,,,,,,,,
3652,59979.4525,,,,,,Frage 1,,,,,,1.0,688.0,-1.0,619.0,-1.0,0.9450995761336801,0.9416560427669991,59996.90800000005,516.7658081054688,518.6241455078125,0.7229416966438293,0.2996115982532501,0.555898606777191,0.3049237430095672,0.0,0.0,1.0,0.3515271493212669,0.3552285073552828,653.5,,517.694976806641,,,,,,,,,,,,,,,,,,,,
3653,59996.1085,,,,,,Frage 1,,,,,,1.0,689.0,-1.0,612.0,-1.0,0.9453092626523348,0.9430085812540844,60013.562999999966,516.2883911132812,518.1468505859375,0.7231376767158508,0.2995340228080749,0.5560984015464782,0.3049510419368743,0.0,0.0,1.0,0.34983031674208137,0.35467888591616353,650.5,,517.217620849609,,,,,,,,,,,,,,,,,,,,
3654,60012.7636,,,,,,Frage 1,,,,,,1.0,680.0,-1.0,591.0,-1.0,0.9467196541170949,0.9361762531737784,60030.21799999999,516.654541015625,518.5202026367188,0.7232592701911926,0.2994949221611022,0.5562489032745361,0.3050072193145752,0.0,0.0,1.0,0.3413461538461538,0.3519293778223051,635.5,,517.587371826172,,,,,,,,,,,,,,,,,,,,
3655,60029.4169,,,,,,Frage 1,,,,,,1.0,678.0,-1.0,591.0,-1.0,0.9470491615035522,0.9368726096225748,60046.87199999997,517.827392578125,519.6927490234375,0.7229924201965332,0.2997201085090637,0.5560420155525208,0.3053358197212219,0.0,0.0,1.0,0.3407805429864253,0.35174620480659974,634.5,,518.760070800781,,,,,,,,,,,,,,,,,,,,
3656,60046.0729,,,,,,Frage 1,,,,,,1.0,686.0,-1.0,588.0,-1.0,0.9504091383381844,0.9452315653021652,60063.527,518.071533203125,519.9307250976562,0.7228403687477111,0.2999778985977172,0.5558998584747314,0.3056811988353729,0.0,0.0,1.0,0.33565577276919256,0.3500867739591616,637.0,,519.001129150391,,,,,,,,,,,,,,,,,,,,
3657,60062.7262,,,,,,Frage 1,,,,,,1.0,698.0,-1.0,590.0,-1.0,0.9519243730622721,0.947435801292009,60080.18200000003,518.367919921875,520.2224731445312,0.7226947546005249,0.3003521263599395,0.5557514429092407,0.3061160147190094,0.0,0.0,1.0,0.3461538461538461,0.353488399460882,644.0,,519.295196533203,,,,,,,,,,,,,,,,,,,,
3658,60079.3814,,,,,,Frage 1,,,,,,1.0,689.0,-1.0,603.0,-1.0,0.948589358908432,0.9269308614395336,60096.83600000001,518.5934448242188,520.4439086914064,0.7225726842880249,0.3007852137088775,0.5556392669677734,0.306604653596878,0.0,0.0,1.0,0.3472850678733031,0.35385267038525603,646.0,,519.518676757813,,,,,,,,,,,,,,,,,,,,
3659,60096.0367,,,,,,Frage 1,,,,,,1.0,690.0,-1.0,592.0,-1.0,0.9497900638545375,0.9504997696667131,60113.49100000004,518.7817993164064,520.6286010742188,0.722471535205841,0.3010232150554657,0.5554981231689453,0.306881308555603,0.0,0.0,1.0,0.3444570135746606,0.3529388781031331,641.0,,519.705200195313,,,,,,,,,,,,,,,,,,,,
3660,60112.6913,,,,,,Frage 1,,,,,,1.0,709.0,-1.0,588.0,-1.0,0.9443157479568047,0.9479768166868431,60130.14600000007,519.29736328125,521.1459350585938,0.7223801612854003,0.3010172843933105,0.5553639531135559,0.30686616897583,0.0,0.0,1.0,0.34869909502262436,0.3543128566445742,648.5,,520.221649169922,,,,,,,,,,,,,,,,,,,,
3661,60129.3458,,,,,,Frage 1,,,,,,1.0,726.0,-1.0,602.0,-1.0,0.9443307255652799,0.922046733668098,60146.80099999998,519.7527465820312,521.6005859375,0.7222535610198973,0.3010218441486358,0.5552252531051635,0.306879311800003,0.0,0.0,1.0,0.35746606334841624,0.35715063525226187,664.0,,520.676666259766,,,,,,,,,,,,,,,,,,,,
3662,60145.9994,,,,,,Frage 1,,,,,,1.0,718.0,-1.0,593.0,-1.0,0.9480244357821035,0.9505372657831868,60163.45500000008,519.7526245117188,521.6007080078125,0.722257375717163,0.3010235130786895,0.5552214980125427,0.3068776428699493,0.0,0.0,1.0,0.3526583710407239,0.3555960400712148,655.5,,520.676666259766,,,,,,,,,,,,,,,,,,,,
3663,60162.6556,,,,,,Frage 1,,,,,,1.0,817.0,-1.0,673.0,-1.0,0.952466063235463,0.9475215067010916,60180.10999999999,518.6170043945312,520.4286499023438,0.721720278263092,0.3010594546794891,0.5546422600746154,0.3068806231021881,0.0,0.0,1.0,0.40328054298642524,0.3719973148249332,745.0,,519.522827148438,,,,,,,,,,,,,,,,,,,,
3664,60179.3097,,,,,,Frage 1,,,,,,1.0,825.0,-1.0,673.0,-1.0,0.9476981912041498,0.9486222855489967,60196.765000000014,518.7518310546875,520.5579223632812,0.7215620279312133,0.3008909821510314,0.5544620156288147,0.306707739830017,0.0,0.0,1.0,0.40554298642533926,0.37273029629289617,749.0,,519.654876708984,,,,,,,,,,,,,,,,,,,,
3665,60195.9641,,,,,,Frage 1,,,,,,1.0,829.0,-1.0,672.0,-1.0,0.947925351599359,0.9489436808330566,60213.419,519.0111694335938,520.8075561523438,0.7213183641433715,0.3010086119174957,0.5542156100273132,0.3068924248218536,0.0,0.0,1.0,0.406391402714932,0.373005221715672,750.5,,519.909362792969,,,,,,,,,,,,,,,,,,,,
3666,60212.6203,,,,,,Frage 1,,,,,,1.0,817.0,-1.0,683.0,-1.0,0.9489912580691866,0.9480518089197904,60230.074000000015,519.1378173828125,520.9231567382812,0.721092402935028,0.3012492656707763,0.5539748668670654,0.3072244226932525,0.0,0.0,1.0,0.40610859728506776,0.37291353623583395,750.0,,520.030487060547,,,,,,,,,,,,,,,,,,,,
3667,60229.2732,,,,,,Frage 1,,,,,,1.0,814.0,-1.0,686.0,-1.0,0.9513302612594172,0.9500712426212999,60246.72900000005,518.939208984375,520.7175903320312,0.7210462689399719,0.3015069663524627,0.5538885593414306,0.3075628280639648,0.0,0.0,1.0,0.40610859728506776,0.3729138237317591,750.0,,519.828399658203,,,,,,,,,,,,,,,,,,,,
3668,60245.9288,,,,,,Frage 1,,,,,,1.0,814.0,-1.0,676.0,-1.0,0.951182981442743,0.9507836688342993,60263.38300000003,519.18896484375,520.9617309570312,0.7209047675132751,0.3016972243785858,0.5537227392196655,0.307824283838272,0.0,0.0,1.0,0.40328054298642524,0.371997611277717,745.0,,520.075347900391,,,,,,,,,,,,,,,,,,,,
3669,60262.5824,,,,,,Frage 1,,,,,,1.0,815.0,-1.0,684.0,-1.0,0.9541310740443038,0.9521121026750801,60280.03800000006,518.6248779296875,520.3995971679688,0.7211691737174987,0.3016304075717926,0.5539450645446777,0.3078564405441284,0.0,0.0,1.0,0.40582579185520357,0.37282250061873534,749.5,,519.512237548828,,,,,,,,,,,,,,,,,,,,
3670,60279.2385,,,,,,Frage 1,,,,,,1.0,810.0,-1.0,697.0,-1.0,0.955034723088982,0.9510568548257501,60296.69299999997,518.74267578125,520.5230712890625,0.721297800540924,0.3015082478523254,0.5540471076965332,0.3077764213085174,0.0,0.0,1.0,0.4080882352941176,0.37355544622218306,753.5,,519.632873535156,,,,,,,,,,,,,,,,,,,,
3671,60295.8925,,,,,,Frage 1,,,,,,1.0,800.0,-1.0,703.0,-1.0,0.9552244394630028,0.9517023236879039,60313.34700000008,518.4996337890625,520.2901000976562,0.7215891480445861,0.3012771010398864,0.5542893409729003,0.3075226247310638,0.0,0.0,1.0,0.4069570135746605,0.37318900695728374,751.5,,519.394866943359,,,,,,,,,,,,,,,,,,,,
3672,60312.5466,,,,,,Frage 1,,,,,,1.0,852.0,-1.0,694.0,-1.0,0.9465474116196289,0.9547341525342018,60330.00199999998,518.2606811523438,520.0604248046875,0.7218660712242126,0.3009628355503082,0.5545053482055664,0.3071922361850738,0.0,0.0,1.0,0.41911764705882343,0.3771290450198308,773.0,,519.160552978516,,,,,,,,,,,,,,,,,,,,
3673,60329.2026,,,,,,Frage 1,,,,,,1.0,814.0,-1.0,651.0,-1.0,0.9540993099286998,0.9568098304104218,60346.65700000001,516.2444458007812,518.0723876953125,0.7230806946754454,0.3005608618259429,0.555526852607727,0.3067830502986908,0.0,0.0,1.0,0.39621040723981893,0.36970763032524834,732.5,,517.158416748047,,,,,,,,,,,,,,,,,,,,
3674,60345.8557,,,,,,Frage 1,,,,,,1.0,746.0,-1.0,628.0,-1.0,0.9723937713118889,0.9576695627952818,60363.311,517.4965209960938,519.3814086914064,0.7239549756050109,0.3001016676425933,0.556450843811035,0.3062065839767456,0.0,0.0,1.0,0.3704751131221719,0.36137016414069384,687.0,,518.43896484375,,,,,,,,,,,,,,,,,,,,
3675,60362.511,,,,,,Frage 1,,,,,,1.0,469.0,-1.0,368.0,-1.0,0.9699624062027269,0.9684496962814566,60379.966000000015,520.7965087890625,522.7277221679688,0.7239966392517089,0.3000316321849823,0.5566056966781616,0.3059743344783783,0.0,0.0,1.0,0.21860859728506785,0.3121668814713862,418.5,,521.762115478516,,,,,,,,,,,,,,,,,,,,
3676,60379.1662,,,,,,Frage 1,,,,,,1.0,466.0,-1.0,374.0,-1.0,0.9734621740497956,0.9611686758294279,60396.62100000004,519.2032470703125,521.1387329101562,0.7245011329650878,0.300487995147705,0.5569984316825866,0.3063704073429107,0.0,0.0,1.0,0.2194570135746606,0.31244112538735874,420.0,,520.170989990234,,,,,,,,,,,,,,,,,,,,
3677,60395.8205,,,,,,Frage 1,,,,,,1.0,465.0,-1.0,358.0,-1.0,0.9763478599493759,0.9713101143095894,60413.27600000007,519.5320434570312,521.4534912109375,0.7241023778915405,0.3007587790489196,0.5565509796142578,0.3066343367099762,0.0,0.0,1.0,0.21464932126696826,0.3108845963988599,411.5,,520.492767333984,,,,,,,,,,,,,,,,,,,,
3678,60412.4759,,,,,,Frage 1,,,,,,1.0,471.0,-1.0,365.0,-1.0,0.975943464520542,0.968905006267208,60429.93000000005,519.1488647460938,521.05908203125,0.7239751815795898,0.3008484244346618,0.5563779473304749,0.3067452013492584,0.0,0.0,1.0,0.2183257918552036,0.3120754991102378,418.0,,520.103973388672,,,,,,,,,,,,,,,,,,,,
3679,60429.1302,,,,,,Frage 1,,,,,,1.0,475.0,-1.0,382.0,-1.0,0.9753643303261624,0.9696201107742413,60446.58499999996,519.793701171875,521.6814575195312,0.7233233451843261,0.3009323179721832,0.555732786655426,0.3068742752075195,0.0,0.0,1.0,0.2242647058823529,0.3139997455882656,428.5,,520.737579345703,,,,,,,,,,,,,,,,,,,,
3680,60445.7855,,,,,,Frage 1,,,,,,1.0,470.0,-1.0,374.0,-1.0,0.9727107973579499,0.9732063464855425,60463.23999999999,519.3434448242188,521.203125,0.7228643894195556,0.3008442223072052,0.5552367568016052,0.3068580031394958,0.0,0.0,1.0,0.2205882352941176,0.31280886415307285,422.0,,520.273284912109,,,,,,,,,,,,,,,,,,,,
3681,60462.4403,,,,,,Frage 1,,,,,,1.0,477.0,-1.0,379.0,-1.0,0.9701684742772678,0.9736884394116324,60479.89399999997,518.7479858398438,520.582763671875,0.722543954849243,0.3006730675697326,0.5548837184906005,0.3068104684352874,0.0,0.0,1.0,0.22398190045248864,0.3139083678194415,428.0,,519.665374755859,,,,,,,,,,,,,,,,,,,,
3682,60479.0937,,,,,,Frage 1,,,,,,1.0,485.0,-1.0,383.0,-1.0,0.9733473457181515,0.9706833935056726,60496.549,518.1713256835938,519.9749755859375,0.7220990061759948,0.3005141913890838,0.5544206500053405,0.3068119883537292,0.0,0.0,1.0,0.22737556561085967,0.31500769892923913,434.0,,519.073150634766,,,,,,,,,,,,,,,,,,,,
3683,60495.7501,,,,,,Frage 1,,,,,,1.0,478.0,-1.0,374.0,-1.0,0.9732949240884877,0.9708655174999732,60513.20400000003,517.3102416992188,519.0901489257812,0.7218834161758422,0.3004086315631866,0.554186463356018,0.3068483173847198,0.0,0.0,1.0,0.22285067873303163,0.31354166554476004,426.0,,518.2001953125,,,,,,,,,,,,,,,,,,,,
3684,60512.4029,,,,,,Frage 1,,,,,,1.0,474.0,-1.0,365.0,-1.0,0.9703892680442738,0.9708440911477025,60529.85800000001,517.6879272460938,519.4559326171875,0.7215280532836914,0.3001696765422821,0.5538456439971923,0.3066318929195404,0.0,0.0,1.0,0.21917420814479635,0.31235040080409926,419.5,,518.571929931641,,,,,,,,,,,,,,,,,,,,
3685,60529.0583,,,,,,Frage 1,,,,,,1.0,478.0,-1.0,382.0,-1.0,0.9682299961557471,0.9698156262387109,60546.51300000004,517.2257690429688,518.98828125,0.7216480374336242,0.3004319369792938,0.5539686679840087,0.3070955276489257,0.0,0.0,1.0,0.22511312217194565,0.31427441363912517,430.0,,518.107025146484,,,,,,,,,,,,,,,,,,,,
3686,60545.713,,,,,,Frage 1,,,,,,1.0,502.0,-1.0,431.0,-1.0,0.9711656074169117,0.9709699709672927,60563.16800000006,515.6475830078125,517.38720703125,0.7215968370437622,0.3004111945629119,0.5538968443870544,0.3071542680263519,0.0,0.0,1.0,0.24575791855203613,0.3209634867641344,466.5,,516.517395019531,,,,,,,,,,,,,,,,,,,,
3687,60562.3673,,,,,,Frage 1,,,,,,1.0,588.0,-1.0,538.0,-1.0,0.9762180540092562,0.9692290798453018,60579.82200000005,514.646728515625,516.3602905273438,0.7212831974029541,0.3004439771175384,0.5535720586776733,0.3072079122066497,0.0,0.0,1.0,0.30033936651583704,0.3386477085339799,563.0,,515.503509521484,,,,,,,,,,,,,,,,,,,,
3688,60579.0222,,,,,,Frage 1,,,,,,1.0,615.0,-1.0,542.0,-1.0,0.9787542623777452,0.9654633984337336,60596.47700000007,515.6329345703125,517.3413696289064,0.7208883762359619,0.3005580902099609,0.5532759428024292,0.3073297142982482,0.0,0.0,1.0,0.30910633484162886,0.34148787432060884,578.5,,516.487152099609,,,,,,,,,,,,,,,,,,,,
3689,60595.6764,,,,,,Frage 1,,,,,,1.0,615.0,-1.0,547.0,-1.0,0.9771866060239943,0.9646974063400576,60613.13199999998,515.5276489257812,517.241943359375,0.7210524678230285,0.3004987239837646,0.553469181060791,0.3072850108146667,0.0,0.0,1.0,0.3105203619909502,0.34194588349390387,581.0,,516.384796142578,,,,,,,,,,,,,,,,,,,,
3690,60612.3338,,,,,,Frage 1,,,,,,1.0,619.0,-1.0,553.0,-1.0,0.9774611955127087,0.9659749525941955,60629.78599999997,515.2323608398438,516.9393310546875,0.7209528088569641,0.300122857093811,0.5533488392829895,0.3068810105323791,0.0,0.0,1.0,0.3133484162895927,0.34286230698749487,586.0,,516.085845947266,,,,,,,,,,,,,,,,,,,,
3691,60628.9868,,,,,,Frage 1,,,,,,1.0,618.0,-1.0,548.0,-1.0,0.9755914907213715,0.9654607201396997,60646.44099999999,515.0392456054688,516.7384643554688,0.7208825945854187,0.2997047007083892,0.5533311367034912,0.3065673410892486,0.0,0.0,1.0,0.3116515837104072,0.34231242253361627,583.0,,515.888854980469,,,,,,,,,,,,,,,,,,,,
3692,60645.6403,,,,,,Frage 1,,,,,,1.0,610.0,-1.0,546.0,-1.0,0.9721017079466198,0.9524137608350255,60663.09600000002,514.66357421875,516.3505249023438,0.7207589149475097,0.2993518710136413,0.5532478690147399,0.3063127100467681,0.0,0.0,1.0,0.30882352941176466,0.3413946691674368,578.0,,515.507049560547,,,,,,,,,,,,,,,,,,,,
3693,60661.285,,,,,,Frage 1,1.0,3.00996470451355,29.4082243437748,1.14443576335907,202.69921875,,,,,,0.6585048574425887,0.6495113533451946,,,,,,,,,,,0.37959439571535225,0.3642823432120883,,,,,,,,,,,,,,,,,,,,,,,
3694,60662.2969,,,,,,Frage 1,,,,,,1.0,611.0,-1.0,545.0,-1.0,0.9716398983519638,0.9662320688214434,60679.75100000005,514.0897216796875,515.7681884765625,0.7207558155059814,0.2993091940879821,0.55329030752182,0.3063535392284393,0.0,0.0,1.0,0.30882352941176466,0.34139608995810394,578.0,,514.928955078125,,,,,,,,,,,,,,,,,,,,
3695,60678.9496,,,,,,Frage 1,,,,,,1.0,613.0,-1.0,551.0,-1.0,0.9720717527296692,0.9623003331797777,60696.40500000002,514.0150756835938,515.688232421875,0.7206804156303405,0.2994358539581298,0.5532774925231932,0.3065474033355712,0.0,0.0,1.0,0.3110859728506787,0.34212872095616365,582.0,,514.851654052734,,,,,,,,,,,,,,,,,,,,
3696,60695.6061,,,,,,Frage 1,,,,,,1.0,611.0,-1.0,554.0,-1.0,0.9709708985067325,0.9616066550250152,60713.060000000056,513.7017211914064,515.3724365234375,0.7207298874855042,0.2997713387012481,0.553372323513031,0.3069430291652679,0.0,0.0,1.0,0.31136877828054293,0.34222024049246486,582.5,,514.537078857422,,,,,,,,,,,,,,,,,,,,
3697,60712.2611,,,,,,Frage 1,,,,,,1.0,613.0,-1.0,552.0,-1.0,0.9716773423731522,0.9617994921954511,60729.71499999997,513.9874267578125,515.66015625,0.7207175493240356,0.3004606068134307,0.5534089803695678,0.3076880574226379,0.0,0.0,1.0,0.31136877828054293,0.3422202839769073,582.5,,514.823791503906,,,,,,,,,,,,,,,,,,,,
3698,60728.9135,,,,,,Frage 1,,,,,,1.0,620.0,-1.0,543.0,-1.0,0.9706913164818596,0.9627261819311571,60746.369000000064,513.7780151367188,515.45849609375,0.7209581732749939,0.3010031580924987,0.553659975528717,0.3082575500011444,0.0,0.0,1.0,0.31080316742081443,0.34203709124373577,581.5,,514.618255615234,,,,,,,,,,,,,,,,,,,,
3699,60745.5702,,,,,,Frage 1,,,,,,1.0,627.0,-1.0,539.0,-1.0,0.9701296561640348,0.9637439336640135,60763.023999999976,514.1017456054688,515.7935791015625,0.7211343050003051,0.3013210892677307,0.553842782974243,0.3085849285125732,0.0,0.0,1.0,0.3116515837104072,0.34231206286095217,583.0,,514.947662353516,,,,,,,,,,,,,,,,,,,,
3700,60762.2238,,,,,,Frage 1,,,,,,1.0,623.0,-1.0,552.0,-1.0,0.9695505219696554,0.9637412553699796,60779.679,513.9313354492188,515.6371459960938,0.7215051651000975,0.3014421761035919,0.5542418956756591,0.3087295591831207,0.0,0.0,1.0,0.31419683257918546,0.3431366968113444,587.5,,514.784240722656,,,,,,,,,,,,,,,,,,,,
3701,60778.8784,,,,,,Frage 1,,,,,,1.0,618.0,-1.0,557.0,-1.0,0.9705465329332648,0.9648902435104936,60796.332999999984,514.0316772460938,515.7471313476562,0.7217054963111877,0.3014219105243682,0.5544316172599792,0.3087170720100402,0.0,0.0,1.0,0.31419683257918546,0.3431368492763153,587.5,,514.889404296875,,,,,,,,,,,,,,,,,,,,
3702,60795.5339,,,,,,Frage 1,,,,,,1.0,617.0,-1.0,545.0,-1.0,0.9719319617172327,0.9656830185445079,60812.988000000005,514.181396484375,515.9129638671875,0.721997082233429,0.30122971534729,0.5547340512275695,0.3084665238857269,0.0,0.0,1.0,0.3105203619909502,0.341945811552978,581.0,,515.047180175781,,,,,,,,,,,,,,,,,,,,
3703,60812.1877,,,,,,Frage 1,,,,,,1.0,617.0,-1.0,548.0,-1.0,0.9614447298342814,0.9645313521099602,60829.64300000004,514.1574096679688,515.901123046875,0.722266137599945,0.3011747002601623,0.5549926161766052,0.308385282754898,0.0,0.0,1.0,0.31136877828054293,0.34222022832817384,582.5,,515.029266357422,,,,,,,,,,,,,,,,,,,,
3704,60828.8431,,,,,,Frage 1,,,,,,1.0,613.0,-1.0,546.0,-1.0,0.9665999331000155,0.9651634295019444,60846.29700000002,514.419189453125,516.1707763671875,0.7223588228225708,0.3013251721858978,0.5550971031188964,0.3085131347179412,0.0,0.0,1.0,0.3096719457013574,0.3416706961284082,579.5,,515.294982910156,,,,,,,,,,,,,,,,,,,,
3705,60845.4967,,,,,,Frage 1,,,,,,1.0,610.0,-1.0,542.0,-1.0,0.9682025372068758,0.9653643015544818,60862.95200000005,514.3836669921875,516.142333984375,0.7225160598754882,0.3018161058425903,0.5552639365196228,0.3089933693408966,0.0,0.0,1.0,0.33264446967083383,0.3491138030917368,576.0,,515.263000488281,,,,,,,,,,,,,,,,,,,,
3706,60862.1511,,,,,,Frage 1,,,,,,1.0,618.0,-1.0,550.0,-1.0,0.9661031757522506,0.9654232240232261,60879.60699999996,514.4495239257812,516.2135009765625,0.7226242423057556,0.3021971881389617,0.5553705692291259,0.3093873858451843,0.0,0.0,1.0,0.3122171945701357,0.34249536009085624,584.0,,515.331512451172,,,,,,,,,,,,,,,,,,,,
3707,60878.8073,,,,,,Frage 1,,,,,,1.0,642.0,-1.0,589.0,-1.0,0.9666498584615999,0.970487878041203,60896.26100000006,513.0537719726562,514.8060302734375,0.7227259874343872,0.3024803698062896,0.5554401278495787,0.3096613585948944,0.0,0.0,1.0,0.33003393665158365,0.3482684787243704,615.5,,513.929901123047,,,,,,,,,,,,,,,,,,,,
3708,60895.4601,,,,,,Frage 1,,,,,,1.0,823.0,-1.0,773.0,-1.0,0.9701945591340945,0.9402112220596194,60912.91599999997,516.087646484375,517.8004150390625,0.7209585905075073,0.3026855885982513,0.5537118315696716,0.3097730576992034,0.0,0.0,1.0,0.4332579185520361,0.3817097284384994,798.0,,516.944030761719,,,,,,,,,,,,,,,,,,,,
3709,60912.1165,,,,,,Frage 1,,,,,,1.0,905.0,-1.0,847.0,-1.0,0.9777757252906905,0.9643974374082683,60929.571,520.5106201171875,522.2108764648438,0.7194638848304749,0.3028366565704345,0.5522742271423339,0.3098324835300445,0.0,0.0,1.0,0.47737556561085964,0.396006486738504,876.0,,521.360748291016,,,,,,,,,,,,,,,,,,,,
3710,60928.7704,,,,,,Frage 1,,,,,,1.0,923.0,-1.0,853.0,-1.0,0.9886694391884134,0.9725742690935582,60946.22600000002,518.2119750976562,519.9636840820312,0.7212222218513488,0.3030699491500854,0.553900957107544,0.3100272715091705,0.0,0.0,1.0,0.48416289592760176,0.39820677390855697,888.0,,519.087829589844,,,,,,,,,,,,,,,,,,,,
3711,60945.4259,,,,,,Frage 1,,,,,,1.0,922.0,-1.0,841.0,-1.0,0.9862131113984595,0.9722234125751261,60962.880000000005,515.7511596679688,517.5064086914064,0.7219620943069458,0.303420603275299,0.5545238256454467,0.3103644847869873,0.0,0.0,1.0,0.4804864253393664,0.3970154898415703,881.5,,516.628784179688,,,,,,,,,,,,,,,,,,,,
3712,60962.0812,,,,,,Frage 1,,,,,,1.0,909.0,-1.0,836.0,-1.0,0.9807937133984693,0.946729593469931,60979.53500000003,513.5911254882812,515.34814453125,0.7226232886314392,0.3032675981521606,0.5550745725631713,0.3102510571479797,0.0,0.0,1.0,0.4753959276018099,0.3953633535720158,872.5,,514.469635009766,,,,,,,,,,,,,,,,,,,,
3713,60978.7351,,,,,,Frage 1,,,,,,1.0,911.0,-1.0,835.0,-1.0,0.9807887208623108,0.9591265547496866,60996.19000000006,513.2566528320312,515.0383911132812,0.7233040928840637,0.303061693906784,0.5557270646095275,0.3100782930850982,0.0,0.0,1.0,0.47567873303167413,0.3954562699644446,873.0,,514.147521972656,,,,,,,,,,,,,,,,,,,,
3714,60995.3898,,,,,,Frage 1,,,,,,1.0,920.0,-1.0,835.0,-1.0,0.9537992617599557,0.9564161211874486,61012.84400000004,514.0656127929688,515.8624877929688,0.7233959436416626,0.3033061027526855,0.5558315515518188,0.3102679550647735,0.0,0.0,1.0,0.4782239819004524,0.3962797460817051,877.5,,514.964050292969,,,,,,,,,,,,,,,,,,,,
3715,61012.0431,,,,,,Frage 1,,,,,,1.0,916.0,-1.0,842.0,-1.0,0.9760458115117898,0.9613709651500381,61029.49900000007,514.6151123046875,516.4346923828125,0.7236940264701843,0.3036405742168426,0.5561226606369019,0.3104889392852783,0.0,0.0,1.0,0.47907239819004516,0.39655588375986117,879.0,,515.52490234375,,,,,,,,,,,,,,,,,,,,
3716,61028.7003,,,,,,Frage 1,,,,,,1.0,913.0,-1.0,844.0,-1.0,0.9774961432658176,0.9433227942201803,61046.15399999998,514.8986206054688,516.7417602539064,0.724091351032257,0.3037053346633911,0.5564841628074646,0.3104352355003356,0.0,0.0,1.0,0.4787895927601809,0.3964624280090516,878.5,,515.820190429688,,,,,,,,,,,,,,,,,,,,
3717,61045.3541,,,,,,Frage 1,,,,,,1.0,907.0,-1.0,848.0,-1.0,0.978200090864158,0.9651875341482489,61062.80799999996,514.3187866210938,516.176513671875,0.7244958877563475,0.3037362992763519,0.5568249821662902,0.3103110492229461,0.0,0.0,1.0,0.4782239819004524,0.39628146741691467,877.5,,515.247650146484,,,,,,,,,,,,,,,,,,,,
3718,61062.0081,,,,,,Frage 1,,,,,,1.0,907.0,-1.0,849.0,-1.0,0.9790113779899051,0.9651393248556399,61079.46299999999,514.5654296875,516.4285888671875,0.7244889736175537,0.3037960529327392,0.5567783117294312,0.3102544844150543,0.0,0.0,1.0,0.47850678733031665,0.3963731174897603,878.0,,515.497009277344,,,,,,,,,,,,,,,,,,,,
3719,61078.6632,,,,,,Frage 1,,,,,,1.0,914.0,-1.0,847.0,-1.0,0.9784547102082387,0.9441361821611717,61096.11800000002,513.8641967773438,515.7262573242188,0.7246081233024597,0.3037425875663757,0.5568153858184814,0.3100996017456054,0.0,0.0,1.0,0.4799208144796379,0.39682905699622134,880.5,,514.795227050781,,,,,,,,,,,,,,,,,,,,
3720,61095.3176,,,,,,Frage 1,,,,,,1.0,912.0,-1.0,840.0,-1.0,0.9619362022584795,0.9648768520403244,61112.772,514.497314453125,516.3450927734375,0.7241017818450927,0.3037210404872894,0.5562692880630493,0.3100451529026031,0.0,0.0,1.0,0.47737556561085964,0.3960060109325926,876.0,,515.421203613281,,,,,,,,,,,,,,,,,,,,
3721,61111.9714,,,,,,Frage 1,,,,,,1.0,907.0,-1.0,845.0,-1.0,0.9643037365421363,0.9674828321352431,61129.427000000025,514.2772216796875,516.1072998046875,0.7237888574600219,0.3037925064563751,0.5558944344520568,0.3101418912410736,0.0,0.0,1.0,0.3322721897517607,0.34899327624395987,876.0,,515.192260742188,,,,,,,,,,,,,,,,,,,,
3722,61128.6272,,,,,,Frage 1,,,,,,1.0,857.0,-1.0,825.0,-1.0,0.9814377505629084,0.9711038856689842,61146.082000000046,513.3355102539064,515.1560668945312,0.7238706350326538,0.3042283654212951,0.555955946445465,0.3106507956981658,0.0,0.0,1.0,0.4575791855203619,0.38959333399710455,841.0,,514.245788574219,,,,,,,,,,,,,,,,,,,,
3723,61145.28,,,,,,Frage 1,,,,,,1.0,832.0,-1.0,802.0,-1.0,0.9815101423372059,0.9699843587628424,61162.73600000003,516.6881103515625,518.5271606445312,0.7234242558479309,0.3053023815155029,0.5557135343551635,0.311853677034378,0.0,0.0,1.0,0.44400452488687775,0.3851950683304333,817.0,,517.607635498047,,,,,,,,,,,,,,,,,,,,
3724,61161.9367,,,,,,Frage 1,,,,,,1.0,495.0,-1.0,426.0,-1.0,0.980733802964568,0.9724858853904419,61179.39100000006,520.138671875,521.9987182617188,0.7229911684989929,0.305860549211502,0.5554880499839782,0.3125017583370208,0.0,0.0,1.0,0.2423642533936651,0.3198644238995071,460.5,,521.068695068359,,,,,,,,,,,,,,,,,,,,
3725,61178.5919,,,,,,Frage 1,,,,,,1.0,479.0,-1.0,427.0,-1.0,0.9699624062027269,0.9712860096632849,61196.045999999966,519.0264892578125,520.8599853515625,0.7227746248245239,0.3062264323234558,0.5552064776420593,0.3129963874816894,0.0,0.0,1.0,0.3317253968607291,0.34881669993112735,453.0,,519.943237304688,,,,,,,,,,,,,,,,,,,,
3726,61195.2458,,,,,,Frage 1,,,,,,1.0,504.0,-1.0,429.0,-1.0,0.9662878995901129,0.9718591645865251,61212.701,518.4130249023438,520.2153930664064,0.7223438024520874,0.306631714105606,0.5547476410865783,0.3135804235935211,0.0,0.0,1.0,0.24575791855203613,0.3209634173111177,466.5,,519.314208984375,,,,,,,,,,,,,,,,,,,,
3727,61211.9004,,,,,,Frage 1,,,,,,1.0,524.0,-1.0,430.0,-1.0,0.9734696628540332,0.9707878469729923,61229.35499999998,518.3189086914064,520.0980834960938,0.7219140529632568,0.3067741990089416,0.5543043613433837,0.313834935426712,0.0,0.0,1.0,0.2516968325791855,0.3228877356725215,477.0,,519.20849609375,,,,,,,,,,,,,,,,,,,,
3728,61228.5548,,,,,,Frage 1,,,,,,1.0,530.0,-1.0,442.0,-1.0,0.9707637082561571,0.9710663895525106,61246.01000000001,517.8248291015625,519.5878295898438,0.7217525243759155,0.3067093193531036,0.5541179776191711,0.3138829469680786,0.0,0.0,1.0,0.25678733031674206,0.3245369817189213,486.0,,518.706329345703,,,,,,,,,,,,,,,,,,,,
3729,61245.2121,,,,,,Frage 1,,,,,,1.0,529.0,-1.0,441.0,-1.0,0.9702174170614593,0.9737071874698693,61262.66500000004,517.913818359375,519.6602783203125,0.7214462161064147,0.3064178526401519,0.5538080930709838,0.3137356340885162,0.0,0.0,1.0,0.25622171945701355,0.3243539817228926,485.0,,518.787048339844,,,,,,,,,,,,,,,,,,,,
3730,61261.8638,,,,,,Frage 1,,,,,,1.0,522.0,-1.0,438.0,-1.0,0.9664202017983116,0.9724832070964078,61279.31900000002,517.3443603515625,519.0830688476562,0.7215092182159423,0.3059854507446289,0.5538508296012878,0.3134395778179168,0.0,0.0,1.0,0.25339366515837103,0.3234374468988369,480.0,,518.213714599609,,,,,,,,,,,,,,,,,,,,
3731,61278.5196,,,,,,Frage 1,,,,,,1.0,531.0,-1.0,443.0,-1.0,0.9718770438194898,0.9719288002314048,61295.974000000046,516.9197998046875,518.6474609375,0.7214559912681578,0.3055980801582336,0.5537789463996887,0.3131747841835022,0.0,0.0,1.0,0.25735294117647056,0.32472036461531517,487.0,,517.783630371094,,,,,,,,,,,,,,,,,,,,
3732,61295.1755,,,,,,Frage 1,,,,,,1.0,538.0,-1.0,441.0,-1.0,0.9702120330106491,0.9706191144488606,61312.62900000008,516.1511840820312,517.8734741210938,0.7215906977653503,0.3053205013275146,0.5538733601570129,0.3129725754261016,0.0,0.0,1.0,0.2587669683257918,0.325178314052669,489.5,,517.012329101563,,,,,,,,,,,,,,,,,,,,
3733,61311.8277,,,,,,Frage 1,,,,,,1.0,536.0,-1.0,448.0,-1.0,0.9664676308918168,0.9709672926732588,61329.28300000005,515.6367797851562,517.3556518554688,0.7216601967811584,0.3050995469093322,0.5539354681968689,0.3127636611461639,0.0,0.0,1.0,0.2601809954751131,0.32563636678520635,492.0,,516.496215820313,,,,,,,,,,,,,,,,,,,,
3734,61328.483,,,,,,Frage 1,,,,,,1.0,532.0,-1.0,450.0,-1.0,0.9650422618185812,0.9686800295683661,61345.937999999966,515.7551879882812,517.4640502929688,0.721399962902069,0.3050871193408966,0.5537005066871643,0.3127559125423431,0.0,0.0,1.0,0.2596153846153846,0.325452825451313,491.0,,516.609619140625,,,,,,,,,,,,,,,,,,,,
3735,61345.1394,,,,,,Frage 1,,,,,,1.0,531.0,-1.0,439.0,-1.0,0.9631550831506897,0.9676810258937467,61362.59299999999,515.7467651367188,517.4468994140625,0.7212108969688416,0.3051272928714752,0.5535227060317993,0.312812864780426,0.0,0.0,1.0,0.25622171945701355,0.3243531210712522,485.0,,516.596832275391,,,,,,,,,,,,,,,,,,,,
3736,61361.7911,,,,,,Frage 1,,,,,,1.0,584.0,-1.0,496.0,-1.0,0.9643782545095083,0.969001424852426,61379.24699999997,517.9285278320312,519.6030883789064,0.7200343608856201,0.3049460351467132,0.5524439215660095,0.3126139938831329,0.0,0.0,1.0,0.2873303167420814,0.33443239657660334,540.0,,518.765808105469,,,,,,,,,,,,,,,,,,,,
3737,61378.4483,,,,,,Frage 1,,,,,,1.0,653.0,-1.0,577.0,-1.0,0.9707936634731077,0.969368351135061,61395.902,516.9061279296875,518.5302734375,0.7191851735115051,0.3046923279762268,0.5515189170837402,0.312371402978897,0.0,0.0,1.0,0.3297511312217194,0.3481768717240149,615.0,,517.718200683594,,,,,,,,,,,,,,,,,,,,
3738,61395.1016,,,,,,Frage 1,,,,,,1.0,742.0,-1.0,660.0,-1.0,0.9771641396112811,0.9682488242289191,61412.55700000003,514.946533203125,516.5362548828125,0.7189470529556274,0.3046427965164184,0.5512161254882812,0.3123605847358703,0.0,0.0,1.0,0.378393665158371,0.3639370104330556,701.0,,515.741394042969,,,,,,,,,,,,,,,,,,,,
3739,61411.7569,,,,,,Frage 1,,,,,,1.0,751.0,-1.0,666.0,-1.0,0.9770018821861317,0.9670623399719315,61429.21100000001,514.9300537109375,516.4956665039064,0.7184453010559082,0.3048149645328521,0.5507161617279052,0.3126046955585479,0.0,0.0,1.0,0.38263574660633476,0.3653113041510326,708.5,,515.712860107422,,,,,,,,,,,,,,,,,,,,
3740,61428.412,,,,,,Frage 1,,,,,,1.0,758.0,-1.0,663.0,-1.0,0.9743034163924933,0.9642956622349828,61445.86600000004,515.3703002929688,516.9104614257812,0.7177978157997131,0.304862380027771,0.55004745721817,0.3127127587795257,0.0,0.0,1.0,0.38376696832579177,0.3656774397096805,710.5,,516.140380859375,,,,,,,,,,,,,,,,,,,,
3741,61445.0658,,,,,,Frage 1,,,,,,1.0,756.0,-1.0,661.0,-1.0,0.9739838940783528,0.9653589449664142,61462.52100000007,515.636474609375,517.1500244140625,0.7171655297279357,0.3050905764102935,0.5493961572647094,0.3130033612251281,0.0,0.0,1.0,0.38263574660633476,0.36531102696857737,708.5,,516.393249511719,,,,,,,,,,,,,,,,,,,,
3742,61461.7216,,,,,,Frage 1,,,,,,1.0,746.0,-1.0,669.0,-1.0,0.9727906779364849,0.9469467327104724,61479.17599999998,515.200439453125,516.6959228515625,0.7169294953346252,0.3053642213344574,0.5491423606872557,0.3133784234523773,0.0,0.0,1.0,0.38207013574660625,0.3651258174972123,707.5,,515.948181152344,,,,,,,,,,,,,,,,,,,,
3743,61478.3745,,,,,,Frage 1,,,,,,1.0,752.0,-1.0,668.0,-1.0,0.9717672080240042,0.9620592867167329,61495.83000000008,515.2556762695312,516.729736328125,0.7165046334266661,0.3055447041988372,0.5487227439880371,0.3136906921863555,0.0,0.0,1.0,0.3834841628959275,0.3655854949623196,710.0,,515.992706298828,,,,,,,,,,,,,,,,,,,,
3744,61495.0322,,,,,,Frage 1,,,,,,1.0,758.0,-1.0,658.0,-1.0,0.9710732454979806,0.961116527216824,61512.48499999999,514.623291015625,516.0867309570312,0.7164979577064514,0.3056617379188537,0.5486530661582946,0.3139046728610992,0.0,0.0,1.0,0.3823529411764705,0.3652188613105944,708.0,,515.355010986328,,,,,,,,,,,,,,,,,,,,
3745,61511.6864,,,,,,Frage 1,,,,,,1.0,751.0,-1.0,662.0,-1.0,0.968836589298998,0.9643144102932196,61529.140000000014,514.6781616210938,516.1331787109375,0.7163412570953369,0.3057836890220642,0.5484799742698669,0.3141053617000579,0.0,0.0,1.0,0.38150452488687775,0.36494423495642686,706.5,,515.405670166016,,,,,,,,,,,,,,,,,,,,
3746,61528.3385,,,,,,Frage 1,,,,,,1.0,736.0,-1.0,674.0,-1.0,0.9695380406292594,0.9641349645929529,61545.794,514.3546142578125,515.803955078125,0.7163516283035278,0.3057840168476104,0.5485047101974487,0.3142066597938537,0.0,0.0,1.0,0.3328515959331386,0.3491808279711585,705.0,,515.079284667969,,,,,,,,,,,,,,,,,,,,
3747,61544.9957,,,,,,Frage 1,,,,,,1.0,736.0,-1.0,672.0,-1.0,0.9616136599601673,0.9646384838713133,61562.449000000015,514.479248046875,515.9254150390625,0.7162876725196838,0.3057053387165069,0.5484647750854492,0.3142014443874359,0.0,0.0,1.0,0.3800904977375565,0.3644858881417515,704.0,,515.202331542969,,,,,,,,,,,,,,,,,,,,
3748,61561.6483,,,,,,Frage 1,,,,,,1.0,741.0,-1.0,662.0,-1.0,0.9706638575329882,0.9648313210417493,61579.10400000005,514.0513916015625,515.5008544921875,0.7164958715438842,0.3057241439819335,0.5486652851104736,0.3142609894275665,0.0,0.0,1.0,0.3786764705882352,0.3640280677076603,701.5,,514.776123046875,,,,,,,,,,,,,,,,,,,,
3749,61578.3039,,,,,,Frage 1,,,,,,1.0,750.0,-1.0,658.0,-1.0,0.9722689579079278,0.9622012363005261,61595.75800000003,513.81005859375,515.2630004882812,0.7166492938995361,0.3059134781360626,0.5488018989562988,0.3144710063934326,0.0,0.0,1.0,0.3800904977375565,0.36448598843581037,704.0,,514.536529541016,,,,,,,,,,,,,,,,,,,,
3750,61594.9577,,,,,,Frage 1,,,,,,1.0,751.0,-1.0,659.0,-1.0,0.970469148622809,0.9609183334583203,61612.41300000006,513.5992431640625,515.0548095703125,0.716762363910675,0.306195318698883,0.5489126443862915,0.3147584497928619,0.0,0.0,1.0,0.380656108597285,0.364669051701029,705.0,,514.327026367188,,,,,,,,,,,,,,,,,,,,
3751,61611.6122,,,,,,Frage 1,,,,,,1.0,745.0,-1.0,626.0,-1.0,0.9663627876324895,0.9637733948983855,61629.06799999997,514.7317504882812,516.2117309570312,0.7169751524925231,0.3064857721328735,0.5491278767585754,0.3149630427360534,0.0,0.0,1.0,0.3696266968325791,0.3610957138835431,685.5,,515.471740722656,,,,,,,,,,,,,,,,,,,,
3752,61628.2687,,,,,,Frage 1,,,,,,1.0,422.0,-1.0,430.0,-1.0,0.9611730462957878,0.967164115145217,61645.72200000008,513.1388549804688,514.679443359375,0.718848466873169,0.3062599003314971,0.5510158538818359,0.3148908019065856,0.0,0.0,1.0,0.22285067873303163,0.31354087860206437,426.0,,513.909149169922,,,,,,,,,,,,,,,,,,,,
3753,61644.9219,,,,,,Frage 1,,,,,,1.0,429.0,-1.0,359.0,-1.0,0.9650896909120864,0.9645768831085352,61662.37699999998,510.2956237792969,511.8605346679688,0.7201337218284606,0.3063733875751495,0.5523595213890075,0.3150296807289123,0.0,0.0,1.0,0.20475113122171942,0.3076765373968861,394.0,,511.078079223633,,,,,,,,,,,,,,,,,,,,
3754,61661.5765,,,,,,Frage 1,,,,,,1.0,429.0,-1.0,356.0,-1.0,0.96745116051503,0.958355206067943,61679.03200000001,511.675537109375,513.2196655273438,0.7192803621292114,0.3065191209316253,0.5515135526657104,0.3151456117630004,0.0,0.0,1.0,0.20390271493212667,0.30740108466987304,392.5,,512.447601318359,,,,,,,,,,,,,,,,,,,,
3755,61673.907,,,,,,Frage 1,1.0,1.82473516464233,29.4051254588408,0.385773479938507,202.69921875,,,,,,0.6585048574425887,0.6495113533451946,,,,,,,,,,,0.37959439571535225,0.3642823432120883,,,,,,,,,,,,,,,,,,,,,,,
3756,61678.2318,,,,,,Frage 1,,,,,,1.0,437.0,-1.0,365.0,-1.0,0.9667571979890066,0.956201857664742,61695.686,511.8533935546875,513.3904418945312,0.7190730571746826,0.3062813580036163,0.5513128638267517,0.3149085938930511,0.0,0.0,1.0,0.20871040723981896,0.30895851658022006,401.0,,512.621917724609,,,,,,,,,,,,,,,,,,,,
3757,61694.8855,,,,,,Frage 1,,,,,,1.0,445.0,-1.0,368.0,-1.0,0.9539585888415842,0.9568473265268953,61712.341000000015,512.2553100585938,513.785400390625,0.7188411951065063,0.3057900965213775,0.5510749220848083,0.3144475221633911,0.0,0.0,1.0,0.21182126696832573,0.3099660687128295,406.5,,513.020355224609,,,,,,,,,,,,,,,,,,,,
3758,61711.5429,,,,,,Frage 1,,,,,,1.0,432.0,-1.0,369.0,-1.0,0.9620617177319907,0.9578088340850414,61728.99600000004,512.2757568359375,513.796630859375,0.718654990196228,0.3053577840328216,0.5508884191513062,0.3140536546707153,0.0,0.0,1.0,0.2084276018099547,0.308866899611658,400.5,,513.036193847656,,,,,,,,,,,,,,,,,,,,
3759,61728.1954,,,,,,Frage 1,,,,,,1.0,432.0,-1.0,363.0,-1.0,0.9617971133155933,0.958226647954319,61745.65100000007,512.5989990234375,514.1082763671875,0.7183299660682678,0.3049930036067962,0.550552248954773,0.3137117326259613,0.0,0.0,1.0,0.2067307692307692,0.3083171652888025,397.5,,513.353637695313,,,,,,,,,,,,,,,,,,,,
3760,61744.8498,,,,,,Frage 1,,,,,,1.0,435.0,-1.0,369.0,-1.0,0.9623388034887843,0.9581007681347289,61762.30500000005,512.6962890625,514.1939086914064,0.7180618643760681,0.3048282265663147,0.5502617359161377,0.3135698735713958,0.0,0.0,1.0,0.20927601809954746,0.30914182362933357,402.0,,513.445098876953,,,,,,,,,,,,,,,,,,,,
3761,61761.5061,,,,,,Frage 1,,,,,,1.0,429.0,-1.0,377.0,-1.0,0.9613527775974917,0.9586176788832587,61778.95999999996,512.7310180664064,514.2179565429688,0.717820405960083,0.3049542605876922,0.550028085708618,0.313719630241394,0.0,0.0,1.0,0.20984162895927597,0.30932510095164323,403.0,,513.474487304688,,,,,,,,,,,,,,,,,,,,
3762,61778.1594,,,,,,Frage 1,,,,,,1.0,423.0,-1.0,365.0,-1.0,0.962019281174644,0.9575945705623348,61795.61499999999,513.5626220703125,515.0462646484375,0.7175265550613403,0.3052752912044525,0.5497661232948303,0.3140469193458557,0.0,0.0,1.0,0.20475113122171942,0.3076757098449705,394.0,,514.304443359375,,,,,,,,,,,,,,,,,,,,
3763,61794.8144,,,,,,Frage 1,,,,,,1.0,424.0,-1.0,369.0,-1.0,0.9617421954178503,0.9590435276346378,61812.26899999997,513.5071411132812,514.9967651367188,0.7176833748817443,0.3056763112545013,0.5499098300933837,0.314466506242752,0.0,0.0,1.0,0.20616515837104069,0.3081339920418329,396.5,,514.251953125,,,,,,,,,,,,,,,,,,,,
3764,61811.4687,,,,,,Frage 1,,,,,,1.0,421.0,-1.0,378.0,-1.0,0.9535893838711127,0.9580472022540523,61828.924,513.8063354492188,515.30029296875,0.717722177505493,0.3059435486793518,0.5499453544616699,0.3147634267807006,0.0,0.0,1.0,0.2078619909502262,0.3086833869109532,399.5,,514.553314208984,,,,,,,,,,,,,,,,,,,,
3765,61828.1248,,,,,,Frage 1,,,,,,1.0,425.0,-1.0,375.0,-1.0,0.9526757497541176,0.9591747640422957,61845.57900000003,514.17236328125,515.6695556640625,0.7176917791366577,0.3059505820274353,0.5498976707458496,0.3147462904453277,0.0,0.0,1.0,0.20814479638009045,0.3087751019388023,400.0,,514.920959472656,,,,,,,,,,,,,,,,,,,,
3766,61844.7782,,,,,,Frage 1,,,,,,1.0,433.0,-1.0,369.0,-1.0,0.9598575130180381,0.9635644879637465,61862.23300000001,513.9570922851562,515.452392578125,0.7177069783210754,0.3057968914508819,0.5498860478401184,0.3145830929279327,0.0,0.0,1.0,0.20871040723981896,0.308959052802797,401.0,,514.704742431641,,,,,,,,,,,,,,,,,,,,
3767,61861.4329,,,,,,Frage 1,,,,,,1.0,435.0,-1.0,363.0,-1.0,0.9595579608485314,0.9637412553699796,61878.88800000004,514.8214111328125,516.3049926757812,0.717240035533905,0.3055065274238586,0.5493997931480407,0.3143025338649749,0.0,0.0,1.0,0.20757918552036195,0.3085925485902107,399.0,,515.563201904297,,,,,,,,,,,,,,,,,,,,
3768,61878.0893,,,,,,Frage 1,,,,,,1.0,428.0,-1.0,356.0,-1.0,0.9576333381594516,0.963465391084495,61895.54300000006,514.9891967773438,516.4577026367188,0.7168875932693481,0.3052102029323577,0.549025535583496,0.3140431344509124,0.0,0.0,1.0,0.20361990950226241,0.307309661800761,392.0,,515.723449707031,,,,,,,,,,,,,,,,,,,,
3769,61894.7417,,,,,,Frage 1,,,,,,1.0,419.0,-1.0,359.0,-1.0,0.961480087269532,0.964850069099986,61912.19700000005,515.370849609375,516.822998046875,0.7164617180824279,0.3050790131092071,0.5486035346984863,0.3139762282371521,0.0,0.0,1.0,0.20192307692307687,0.30676016439689724,389.0,,516.096923828125,,,,,,,,,,,,,,,,,,,,
3770,61911.3971,,,,,,Frage 1,,,,,,1.0,422.0,-1.0,353.0,-1.0,0.9632199861207495,0.9651045070332,61928.85200000007,515.4512329101562,516.8855590820312,0.7160435318946838,0.3055702149868011,0.548210322856903,0.3145030438899993,0.0,0.0,1.0,0.20107466063348411,0.3064853640959766,387.5,,516.168395996094,,,,,,,,,,,,,,,,,,,,
3771,61928.0523,,,,,,Frage 1,,,,,,1.0,411.0,-1.0,327.0,-1.0,0.9711805850253871,0.9651607512079106,61945.50699999998,515.15771484375,516.5810546875,0.715871751308441,0.3061698377132415,0.54805588722229,0.3151334822177887,0.0,0.0,1.0,0.19061085972850675,0.30309539216241604,369.0,,515.869384765625,,,,,,,,,,,,,,,,,,,,
3772,61944.7058,,,,,,Frage 1,,,,,,1.0,411.0,-1.0,332.0,-1.0,0.9711805850253871,0.9612995766448367,61962.16099999997,515.3490600585938,516.7612915039064,0.7155991792678833,0.3065474927425384,0.5477958917617797,0.3155718445777893,0.0,0.0,1.0,0.192024886877828,0.30355313168040754,371.5,,516.05517578125,,,,,,,,,,,,,,,,,,,,
3773,61961.3618,,,,,,Frage 1,,,,,,1.0,422.0,-1.0,345.0,-1.0,0.9756563936914313,0.9641537126511897,61978.81599999999,515.6846923828125,517.083740234375,0.7152588367462158,0.3067476153373718,0.547471284866333,0.3158527612686157,0.0,0.0,1.0,0.19881221719457007,0.3057526526941696,383.5,,516.384216308594,,,,,,,,,,,,,,,,,,,,
3774,61978.016,,,,,,Frage 1,,,,,,1.0,416.0,-1.0,344.0,-1.0,0.9772465164578956,0.965650879016102,61995.47100000002,515.4205932617188,516.8013916015625,0.714933156967163,0.3068936765193939,0.5471556782722473,0.3160466849803924,0.0,0.0,1.0,0.1968325791855203,0.30511146393465194,380.0,,516.110992431641,,,,,,,,,,,,,,,,,,,,
3775,61994.6738,,,,,,Frage 1,,,,,,1.0,413.0,-1.0,347.0,-1.0,0.9755141064109157,0.9650023646619688,62012.12600000005,515.326416015625,516.687744140625,0.7145676612854003,0.3069386780261993,0.5467844605445861,0.3161779940128326,0.0,0.0,1.0,0.1968325791855203,0.3051113390459339,380.0,,516.007080078125,,,,,,,,,,,,,,,,,,,,
3776,62011.3286,,,,,,Frage 1,,,,,,1.0,393.0,-1.0,349.0,-1.0,0.9628355608365494,0.9631466740944687,62028.78000000002,515.3367309570312,516.6778564453125,0.714184582233429,0.3068311512470245,0.5463985800743103,0.3161948025226593,0.0,0.0,1.0,0.19174208144796376,0.3034614185580248,371.0,,516.007293701172,,,,,,,,,,,,,,,,,,,,
3777,62027.9817,,,,,,Frage 1,,,,,,1.0,395.0,-1.0,346.0,-1.0,0.9637017658600392,0.9637171507236751,62045.435000000056,515.0112915039064,516.33837890625,0.7140134572982788,0.3067087531089782,0.5461885929107666,0.3161663711071014,0.0,0.0,1.0,0.1914592760180995,0.3033698784307997,370.5,,515.674835205078,,,,,,,,,,,,,,,,,,,,
3778,62044.6369,,,,,,Frage 1,,,,,,1.0,416.0,-1.0,340.0,-1.0,0.9707562194519196,0.9663043827603569,62062.08999999997,514.3028564453125,515.6060180664064,0.7137020826339721,0.3066893517971038,0.5458337664604187,0.3162230253219604,0.0,0.0,1.0,0.1957013574660633,0.3047448038301758,378.0,,514.954437255859,,,,,,,,,,,,,,,,,,,,
3779,62061.2881,,,,,,Frage 1,,,,,,1.0,420.0,-1.0,345.0,-1.0,0.9696378913524283,0.9653375186141435,62078.744000000064,511.6656494140625,512.9779052734375,0.7146317362785339,0.3065601289272308,0.5466289520263671,0.316150426864624,0.0,0.0,1.0,0.19824660633484156,0.3055693196811813,382.5,,512.32177734375,,,,,,,,,,,,,,,,,,,,
3780,62077.9445,,,,,,Frage 1,,,,,,1.0,433.0,-1.0,346.0,-1.0,0.9720043534915301,0.9501138681251878,62095.398999999976,510.5052490234375,511.8278198242188,0.7151912450790405,0.3068047165870666,0.5471276044845581,0.3164362013339996,0.0,0.0,1.0,0.3350914214755289,0.34990514977571074,389.5,,511.166534423828,,,,,,,,,,,,,,,,,,,,
3781,62094.5985,,,,,,Frage 1,,,,,,1.0,525.0,-1.0,466.0,-1.0,0.9699973539558362,0.9628172439283076,62112.054,515.8369140625,517.109375,0.7126960754394531,0.307460606098175,0.5448288917541503,0.3171236515045166,0.0,0.0,1.0,0.33306428039075137,0.3492496154284267,495.5,,516.47314453125,,,,,,,,,,,,,,,,,,,,
3782,62111.2533,,,,,,Frage 1,,,,,,1.0,567.0,-1.0,584.0,-1.0,0.9695105816803878,0.9500777354136064,62128.707999999984,516.1076049804688,517.3289794921875,0.71143239736557,0.3083197772502899,0.5435824394226074,0.3179477453231811,0.0,0.0,1.0,0.3074095022624434,0.34093619959798876,575.5,,516.718292236328,,,,,,,,,,,,,,,,,,,,
3783,62127.9081,,,,,,Frage 1,,,,,,1.0,792.0,-1.0,695.0,-1.0,0.9784272512593672,0.9606451474668695,62145.363000000005,513.130615234375,514.3494262695312,0.7120853066444397,0.3087520003318786,0.5441523194313049,0.3183462619781494,0.0,0.0,1.0,0.4024321266968325,0.3717246557782943,743.5,,513.740020751953,,,,,,,,,,,,,,,,,,,,
3784,62144.5627,,,,,,Frage 1,,,,,,1.0,798.0,-1.0,695.0,-1.0,0.973726778466193,0.9561884661945727,62162.01800000004,512.8477172851562,514.0584716796875,0.711982250213623,0.3087638020515441,0.5440752506256104,0.3183906376361846,0.0,0.0,1.0,0.404128959276018,0.37227380558292344,746.5,,513.453094482422,,,,,,,,,,,,,,,,,,,,
3785,62161.217,,,,,,Frage 1,,,,,,1.0,805.0,-1.0,680.0,-1.0,0.9683622983639459,0.951458598930825,62178.67200000002,513.5307006835938,514.7273559570312,0.7115079760551452,0.3087407350540161,0.5436320900917053,0.3184033036231994,0.0,0.0,1.0,0.401866515837104,0.3715401107096707,742.5,,514.129028320313,,,,,,,,,,,,,,,,,,,,
3786,62177.872,,,,,,Frage 1,,,,,,1.0,802.0,-1.0,673.0,-1.0,0.9698625554795581,0.9427557220707123,62195.32700000005,514.0147705078125,515.201904296875,0.7111300230026245,0.308975726366043,0.5432783961296082,0.3185793459415435,0.0,0.0,1.0,0.39903846153846145,0.3706229744106325,737.5,,514.608337402344,,,,,,,,,,,,,,,,,,,,
3787,62194.5269,,,,,,Frage 1,,,,,,1.0,786.0,-1.0,686.0,-1.0,0.9724062526522849,0.9564241560695499,62211.98199999996,513.9989624023438,515.1806030273438,0.7110746502876281,0.3086025416851043,0.5432353019714355,0.318314105272293,0.0,0.0,1.0,0.3981900452488687,0.3703495948797496,736.0,,514.589782714844,,,,,,,,,,,,,,,,,,,,
3788,62211.1816,,,,,,Frage 1,,,,,,1.0,786.0,-1.0,687.0,-1.0,0.9724062526522849,0.95728388845441,62228.63600000006,514.1378784179688,515.3170776367188,0.7109719514846801,0.3086877465248107,0.5431340932846069,0.3183765113353729,0.0,0.0,1.0,0.39847285067873295,0.370441312391224,736.5,,514.727478027344,,,,,,,,,,,,,,,,,,,,
3789,62227.8356,,,,,,Frage 1,,,,,,1.0,786.0,-1.0,685.0,-1.0,0.9721391519678081,0.9571901481632259,62245.29099999997,513.78125,514.9591674804688,0.7111105918884277,0.3084646463394165,0.5432557463645935,0.3182777464389801,0.0,0.0,1.0,0.33397424385500735,0.34954392728118977,735.5,,514.370208740234,,,,,,,,,,,,,,,,,,,,
3790,62244.4932,,,,,,Frage 1,,,,,,1.0,796.0,-1.0,691.0,-1.0,0.9742110544735623,0.9576534930310789,62261.946,513.8440551757812,515.0241088867188,0.7111667394638062,0.3084724843502044,0.5433234572410583,0.3183286190032959,0.0,0.0,1.0,0.4024321266968325,0.37172420494673286,743.5,,514.43408203125,,,,,,,,,,,,,,,,,,,,
3791,62261.1451,,,,,,Frage 1,,,,,,1.0,794.0,-1.0,692.0,-1.0,0.9520158243254954,0.954637733948984,62278.60100000002,513.5028076171875,514.6884155273438,0.7114129066467285,0.3085869550704956,0.5435662865638732,0.3185118436813354,0.0,0.0,1.0,0.40214932126696823,0.37163152681933803,743.0,,514.095611572266,,,,,,,,,,,,,,,,,,,,
3792,62277.8003,,,,,,Frage 1,,,,,,1.0,783.0,-1.0,680.0,-1.0,0.9684272013340056,0.9514157462262838,62295.255000000005,513.4555053710938,514.6478271484375,0.7116116285324096,0.3086027204990387,0.5437481999397277,0.3185793459415435,0.0,0.0,1.0,0.3956447963800904,0.36952428887231326,731.5,,514.051666259766,,,,,,,,,,,,,,,,,,,,
3793,62294.4561,,,,,,Frage 1,,,,,,1.0,-1.0,-1.0,668.0,-1.0,0.0,0.9472992082962836,62311.91000000003,-1.0,514.6309814453125,-1.0,-1.0,0.5427491664886473,0.3184587359428405,4.0,0.0,1.0,0.35972850678733026,0.3578549476029418,668.0,,514.630981445313,,,,,,,,,,,,,,,,,,,,
3794,62311.1096,,,,,,Frage 1,,,,,,1.0,-1.0,-1.0,-1.0,-1.0,0.0,0.0,62328.56500000006,-1.0,-1.0,-1.0,-1.0,-1.0,-1.0,4.0,4.0,1.0,0.4759322966953752,0.3954061960765668,,,,,,,,,,,,,,,,,,,,,,,
3795,62327.764,,,,,,Frage 1,,,,,,1.0,-1.0,-1.0,-1.0,-1.0,0.0,0.0,62345.21900000004,-1.0,-1.0,-1.0,-1.0,-1.0,-1.0,4.0,4.0,1.0,0.4759322966953752,0.3954061960765668,,,,,,,,,,,,,,,,,,,,,,,
3796,62344.4186,,,,,,Frage 1,,,,,,1.0,-1.0,-1.0,-1.0,-1.0,0.0,0.0,62361.87400000007,-1.0,-1.0,-1.0,-1.0,-1.0,-1.0,4.0,4.0,1.0,0.4759322966953752,0.3954061960765668,,,,,,,,,,,,,,,,,,,,,,,
3797,62361.0739,,,,,,Frage 1,,,,,,1.0,-1.0,-1.0,-1.0,-1.0,0.0,0.018097082863962055,62378.52899999998,-1.0,-1.0,-1.0,-1.0,-1.0,-1.0,4.0,4.0,1.0,0.47307184518740275,0.394481298666511,,,,,,,,,,,,,,,,,,,,,,,
3798,62377.7291,,,,,,Frage 1,,,,,,1.0,-1.0,-1.0,-1.0,-1.0,0.0,0.0,62395.18299999996,-1.0,-1.0,-1.0,-1.0,-1.0,-1.0,4.0,4.0,1.0,0.4759322966953752,0.3954061960765668,,,,,,,,,,,,,,,,,,,,,,,
3799,62394.3823,,,,,,Frage 1,,,,,,1.0,-1.0,-1.0,-1.0,-1.0,0.0,0.0,62411.83799999999,-1.0,-1.0,-1.0,-1.0,-1.0,-1.0,4.0,4.0,1.0,0.4759322966953752,0.3954061960765668,,,,,,,,,,,,,,,,,,,,,,,
3800,62411.0381,,,,,,Frage 1,,,,,,1.0,-1.0,-1.0,-1.0,-1.0,0.0,0.0,62428.49300000002,-1.0,-1.0,-1.0,-1.0,-1.0,-1.0,4.0,4.0,1.0,0.4759322966953752,0.3954061960765668,,,,,,,,,,,,,,,,,,,,,,,
3801,62427.692,,,,,,Frage 1,,,,,,1.0,-1.0,-1.0,-1.0,-1.0,0.0,0.0,62445.147,-1.0,-1.0,-1.0,-1.0,-1.0,-1.0,4.0,4.0,1.0,0.4759322966953752,0.3954061960765668,,,,,,,,,,,,,,,,,,,,,,,
3802,62444.347,,,,,,Frage 1,,,,,,1.0,-1.0,-1.0,-1.0,-1.0,0.03388974098219233,0.0,62461.802000000025,-1.0,-1.0,-1.0,-1.0,-1.0,-1.0,4.0,4.0,1.0,0.4762576401214801,0.3955127310509079,,,,,,,,,,,,,,,,,,,,,,,
3803,62461.0034,,,,,,Frage 1,,,,,,1.0,-1.0,-1.0,507.0,-1.0,0.9347235979730932,0.9367922608015599,62478.457000000046,-1.0,514.787109375,-1.0,-1.0,0.5446804761886596,0.3260670602321624,4.0,0.0,1.0,0.26866515837104066,0.3283806064320284,507.0,,514.787109375,,,,,,,,,,,,,,,,,,,,
3804,62477.6555,,,,,,Frage 1,,,,,,1.0,-1.0,-1.0,509.0,-1.0,0.0,0.9348665673912344,62495.11100000003,-1.0,514.5264892578125,-1.0,-1.0,0.5443620085716246,0.3207805752754211,4.0,0.0,1.0,0.26979638009049767,0.32871590036411036,509.0,,514.526489257813,,,,,,,,,,,,,,,,,,,,
3805,62494.3119,,,,,,Frage 1,,,,,,1.0,-1.0,-1.0,507.0,-1.0,0.0,0.9418756628777734,62511.76600000006,-1.0,514.972412109375,-1.0,-1.0,0.5445057153701782,0.3212223649024963,4.0,0.0,1.0,0.26866515837104066,0.32835011616554366,507.0,,514.972412109375,,,,,,,,,,,,,,,,,,,,
3806,62510.9659,,,,,,Frage 1,,,,,,1.0,-1.0,-1.0,512.0,-1.0,0.0,0.034814442547399294,62528.420999999966,-1.0,515.1661987304688,-1.0,-1.0,0.5441076159477233,0.321096122264862,4.0,0.0,1.0,0.27149321266968324,0.32917212828212816,512.0,,515.166198730469,,,,,,,,,,,,,,,,,,,,
3807,62527.6215,,,,,,Frage 1,,,,,,1.0,579.0,-1.0,508.0,-1.0,0.9395678460701252,0.9437906431119635,62545.076,514.3456420898438,515.7137451171875,0.711475133895874,0.3168631494045257,0.5430550575256347,0.3199887871742248,0.0,0.0,1.0,0.2893099547511312,0.33507035025661663,543.5,,515.029693603516,,,,,,,,,,,,,,,,,,,,
3808,62544.2794,,,,,,Frage 1,,,,,,1.0,579.0,-1.0,523.0,-1.0,0.9395678460701252,0.950068564327266,62561.72999999998,514.3316650390625,515.6209716796875,0.7110207676887512,0.3106948435306549,0.542716383934021,0.3161237835884094,0.0,0.0,1.0,0.293552036199095,0.33644542512336123,551.0,,514.976318359375,,,,,,,,,,,,,,,,,,,,
3809,62560.9308,,,,,,Frage 1,,,,,,1.0,565.0,-1.0,529.0,-1.0,0.9490486722350088,0.9542467030200444,62578.38500000001,514.3533935546875,515.5846557617188,0.710540235042572,0.3098360300064086,0.5423302054405212,0.3167169392108917,0.0,0.0,1.0,0.29128959276018096,0.3357131486835037,547.0,,514.969024658203,,,,,,,,,,,,,,,,,,,,
3810,62577.5856,,,,,,Frage 1,,,,,,1.0,565.0,-1.0,507.0,-1.0,0.9490486722350088,0.9499373279196083,62595.04000000004,514.2109375,515.4133911132812,0.7099432945251464,0.3080553114414215,0.5417176485061646,0.3149393200874328,0.0,0.0,1.0,0.28506787330316735,0.3336968812791813,536.0,,514.812164306641,,,,,,,,,,,,,,,,,,,,
3811,62594.2385,,,,,,Frage 1,,,,,,1.0,572.0,-1.0,521.0,-1.0,0.9549648275827638,0.9519112306225427,62611.69400000002,513.765869140625,514.9259643554688,0.7097285985946655,0.3094879984855651,0.5416025519371032,0.317525029182434,0.0,0.0,1.0,0.2910067873303167,0.33562147412680254,546.5,,514.345916748047,,,,,,,,,,,,,,,,,,,,
3812,62610.8944,,,,,,Frage 1,,,,,,1.0,572.0,-1.0,543.0,-1.0,0.9549648275827638,0.9529852265301093,62628.349000000046,513.763916015625,514.885009765625,0.7092840671539306,0.3093104064464569,0.5412457585334777,0.3181379735469818,0.0,0.0,1.0,0.3344739868963945,0.3497048356787068,557.5,,514.324462890625,,,,,,,,,,,,,,,,,,,,
3813,62627.55,,,,,,Frage 1,,,,,,1.0,583.0,-1.0,542.0,-1.0,0.9511555224938717,0.9516808973356332,62645.00400000008,513.211181640625,514.3054809570312,0.7091114521026611,0.3090890645980835,0.5411041378974915,0.3184451162815094,0.0,0.0,1.0,0.3000565610859728,0.3385534249232448,562.5,,513.758331298828,,,,,,,,,,,,,,,,,,,,
3814,62644.2029,,,,,,Frage 1,,,,,,1.0,583.0,-1.0,540.0,-1.0,0.9511555224938717,0.9571928264572598,62661.65800000005,513.1663208007812,514.235595703125,0.7088061571121215,0.3089047968387603,0.5408586263656616,0.3187160789966583,0.0,0.0,1.0,0.2994909502262443,0.33837074144805124,561.5,,513.700958251953,,,,,,,,,,,,,,,,,,,,
3815,62660.858,,,,,,Frage 1,,,,,,1.0,560.0,-1.0,532.0,-1.0,0.9517721007094394,0.9583016401872665,62678.312999999966,512.8006591796875,513.8514404296875,0.7086641192436218,0.3086646795272827,0.5407326817512512,0.3188056051731109,0.0,0.0,1.0,0.29072398190045246,0.3355304041616709,546.0,,513.326049804688,,,,,,,,,,,,,,,,,,,,
3816,62677.513,,,,,,Frage 1,,,,,,1.0,560.0,-1.0,530.0,-1.0,0.9545463304139754,0.9573803070396282,62694.96799999999,512.8844604492188,513.9295043945312,0.7085016369819641,0.3090578019618988,0.5405685305595397,0.3191886246204376,0.0,0.0,1.0,0.29015837104072395,0.33534714414946853,545.0,,513.406982421875,,,,,,,,,,,,,,,,,,,,
3817,62685.5057,,,,,,Frage 1,1.0,2.11157631874084,29.4043265275687,1.15953803062439,202.73046875,,,,,,0.6585048574425887,0.6495113533451946,,,,,,,,,,,0.37959439571535225,0.3642823432120883,,,,,,,,,,,,,,,,,,,,,,,
3818,62694.1677,,,,,,Frage 1,,,,,,1.0,524.0,-1.0,491.0,-1.0,0.9613278149166995,0.9594800895621526,62711.62199999997,510.95794677734375,512.0068969726562,0.7092622518539428,0.3081641793251037,0.5412705540657043,0.3186053335666656,0.0,0.0,1.0,0.3335085130949845,0.3493929110484121,507.5,,511.482421875,,,,,,,,,,,,,,,,,,,,
3819,62710.8223,,,,,,Frage 1,,,,,,1.0,524.0,-1.0,443.0,-1.0,0.9613278149166995,0.9626190501698038,62728.277,510.95510864257807,512.0114135742188,0.7095896005630493,0.3079231679439544,0.5416099429130554,0.3186342120170593,0.0,0.0,1.0,0.2553733031674208,0.32407764986797816,483.5,,511.483261108398,,,,,,,,,,,,,,,,,,,,
3820,62727.4772,,,,,,Frage 1,,,,,,1.0,451.0,-1.0,397.0,-1.0,0.958831546837478,0.9628306353984766,62744.93200000003,512.50048828125,513.5505981445312,0.70917147397995,0.3077584207057952,0.5412569642066954,0.3186448216438293,0.0,0.0,1.0,0.22171945701357462,0.31317383788483216,424.0,,513.025543212891,,,,,,,,,,,,,,,,,,,,
3821,62744.1322,,,,,,Frage 1,,,,,,1.0,451.0,-1.0,380.0,-1.0,0.958831546837478,0.9504247774337657,62761.58600000001,512.4801025390625,513.5339965820312,0.709259033203125,0.3080272674560546,0.5413364171981812,0.3189112544059753,0.0,0.0,1.0,0.2169117647058823,0.31161486982935893,415.5,,513.007049560547,,,,,,,,,,,,,,,,,,,,
3822,62760.7857,,,,,,Frage 1,,,,,,1.0,462.0,-1.0,375.0,-1.0,0.9650672244993734,0.9520612150884374,62778.24100000004,512.3634643554688,513.4185180664064,0.7093649506568908,0.3081116676330566,0.5414338111877441,0.3190870285034179,0.0,0.0,1.0,0.21860859728506785,0.3121650157960698,418.5,,512.890991210938,,,,,,,,,,,,,,,,,,,,
3823,62777.4419,,,,,,Frage 1,,,,,,1.0,462.0,-1.0,377.0,-1.0,0.9650672244993734,0.954586846362341,62794.89600000007,512.4610595703125,513.5198364257812,0.7094660401344299,0.3083367049694061,0.5415295958518981,0.3193847835063934,0.0,0.0,1.0,0.21917420814479635,0.3123485346026758,419.5,,512.990447998047,,,,,,,,,,,,,,,,,,,,
3824,62794.0966,,,,,,Frage 1,,,,,,1.0,459.0,-1.0,382.0,-1.0,0.9602868711276643,0.9553635516321524,62811.55099999998,512.7990112304688,513.8583984375,0.7094101309776306,0.3085274398326873,0.5414767861366272,0.3196006715297699,0.0,0.0,1.0,0.21973981900452486,0.312531713011194,420.5,,513.328704833984,,,,,,,,,,,,,,,,,,,,
3825,62810.749,,,,,,Frage 1,,,,,,1.0,459.0,-1.0,371.0,-1.0,0.9602868711276643,0.9588801516985742,62828.20500000008,513.0814208984375,514.1443481445312,0.7094277143478394,0.308707594871521,0.5414934754371643,0.3197944462299346,0.0,0.0,1.0,0.21662895927601805,0.3115241687173187,415.0,,513.612884521484,,,,,,,,,,,,,,,,,,,,
3826,62827.4055,,,,,,Frage 1,,,,,,1.0,503.0,-1.0,392.0,-1.0,0.9606812814841812,0.9589524656374875,62844.85999999999,514.6428833007812,515.6964111328125,0.7088405489921569,0.3087352812290191,0.5408965945243835,0.3198020458221435,0.0,0.0,1.0,0.23501131221719454,0.31748001977300305,447.5,,515.169647216797,,,,,,,,,,,,,,,,,,,,
3827,62844.0592,,,,,,Frage 1,,,,,,1.0,503.0,-1.0,455.0,-1.0,0.9606812814841812,0.9679060025925886,62861.515000000014,514.5457153320312,515.58544921875,0.7085139155387878,0.3089710772037506,0.5405614376068115,0.3199818730354309,0.0,0.0,1.0,0.2528280542986425,0.32325352443066535,479.0,,515.065582275391,,,,,,,,,,,,,,,,,,,,
3828,62860.7135,,,,,,Frage 1,,,,,,1.0,559.0,-1.0,518.0,-1.0,0.9613827328144424,0.9659562045359588,62878.169,513.4027709960938,514.4402465820312,0.7087057828903198,0.3089080452919006,0.5407595038414001,0.3198809921741485,0.0,0.0,1.0,0.28648190045248867,0.334157096203439,538.5,,513.921508789063,,,,,,,,,,,,,,,,,,,,
3829,62877.3696,,,,,,Frage 1,,,,,,1.0,560.0,-1.0,520.0,-1.0,0.9501794816748961,0.9605353374114823,62894.824000000015,513.6582641601562,514.6945190429688,0.7086448669433593,0.308763176202774,0.5407212972640991,0.3197850286960601,0.0,0.0,1.0,0.2873303167420814,0.3344310455261822,540.0,,514.176391601563,,,,,,,,,,,,,,,,,,,,
3830,62894.0236,,,,,,Frage 1,,,,,,1.0,560.0,-1.0,525.0,-1.0,0.9489188662948892,0.9595818647354382,62911.47900000005,513.8592529296875,514.8967895507812,0.7086290717124939,0.3087315261363983,0.5407260656356812,0.319767951965332,0.0,0.0,1.0,0.2887443438914027,0.3348890454039863,542.5,,514.378021240234,,,,,,,,,,,,,,,,,,,,
3831,62910.6783,,,,,,Frage 1,,,,,,1.0,559.0,-1.0,506.0,-1.0,0.959395703423382,0.9425294954739367,62928.13300000003,513.8302612304688,514.8700561523438,0.7086910605430603,0.3085377514362335,0.5407763123512268,0.3195661306381225,0.0,0.0,1.0,0.2830882352941176,0.33305505763258747,532.5,,514.350158691406,,,,,,,,,,,,,,,,,,,,
3832,62927.3322,,,,,,Frage 1,,,,,,1.0,558.0,-1.0,497.0,-1.0,0.9496371860633281,0.9522861917872791,62944.78800000006,514.0689086914064,515.1112670898438,0.7086384296417236,0.3087673783302307,0.5407271981239318,0.3197136223316192,0.0,0.0,1.0,0.28026018099547506,0.3321394661891692,527.5,,514.590087890625,,,,,,,,,,,,,,,,,,,,
3833,62943.9886,,,,,,Frage 1,,,,,,1.0,558.0,-1.0,507.0,-1.0,0.9608085911562215,0.9569624931703502,62961.44299999997,514.0670166015625,515.1096801757812,0.7086414098739624,0.3089143633842468,0.5407226085662841,0.3198545575141906,0.0,0.0,1.0,0.2830882352941176,0.33305660451839786,532.5,,514.588348388672,,,,,,,,,,,,,,,,,,,,
3834,62960.6433,,,,,,Frage 1,,,,,,1.0,567.0,-1.0,509.0,-1.0,0.9623213296122297,0.9559447414374941,62978.09700000008,514.3387451171875,515.37548828125,0.7084001898765564,0.3092187345027923,0.5405159592628479,0.3201152086257934,0.0,0.0,1.0,0.28619909502262436,0.3340644587136353,538.0,,514.857116699219,,,,,,,,,,,,,,,,,,,,
3835,62977.2969,,,,,,Frage 1,,,,,,1.0,567.0,-1.0,530.0,-1.0,0.9623213296122297,0.9595470469129983,62994.75199999998,514.4636840820312,515.4955444335938,0.708264648914337,0.3092260062694549,0.5403943657875061,0.320137619972229,0.0,0.0,1.0,0.2921380090497737,0.3359890244724915,548.5,,514.979614257813,,,,,,,,,,,,,,,,,,,,
3836,62993.9527,,,,,,Frage 1,,,,,,1.0,568.0,-1.0,523.0,-1.0,0.9551236376074079,0.9579802449032067,63011.40700000001,515.2376098632812,516.2584838867188,0.7078281641006469,0.3092663288116455,0.5399666428565979,0.32017183303833,0.0,0.0,1.0,0.2904411764705882,0.33543885381869365,545.5,,515.748046875,,,,,,,,,,,,,,,,,,,,
3837,63010.6077,,,,,,Frage 1,,,,,,1.0,568.0,-1.0,493.0,-1.0,0.9615974118692555,0.9512711183484568,63028.061,515.5548706054688,516.5635375976562,0.7074912786483764,0.3092479407787323,0.5396232604980468,0.320170521736145,0.0,0.0,1.0,0.334808586917083,0.3498132870967463,530.5,,516.059204101563,,,,,,,,,,,,,,,,,,,,
3838,63027.2607,,,,,,Frage 1,,,,,,1.0,570.0,-1.0,519.0,-1.0,0.9660732205352998,0.952275478611144,63044.716000000015,515.5146484375,516.5145263671875,0.7073338031768798,0.3091695606708526,0.5394806861877441,0.3201496005058288,0.0,0.0,1.0,0.2898755656108597,0.33525536796868977,544.5,,516.014587402344,,,,,,,,,,,,,,,,,,,,
3839,63043.9162,,,,,,Frage 1,,,,,,1.0,571.0,-1.0,527.0,-1.0,0.9494980004892686,0.9533494745187105,63061.37100000004,515.1152954101562,516.1005249023438,0.7071114182472229,0.3090815544128418,0.5392533540725708,0.3200876414775848,0.0,0.0,1.0,0.29242081447963797,0.3360795829899487,549.0,,515.60791015625,,,,,,,,,,,,,,,,,,,,
3840,63060.5709,,,,,,Frage 1,,,,,,1.0,574.0,-1.0,517.0,-1.0,0.9469967398738885,0.9522245910245011,63078.02600000007,514.9943237304688,515.9620971679688,0.7067700028419494,0.3090793192386627,0.5389115214347839,0.3201313614845275,0.0,0.0,1.0,0.2904411764705882,0.33543798595321317,545.5,,515.478210449219,,,,,,,,,,,,,,,,,,,,
3841,63077.2259,,,,,,Frage 1,,,,,,1.0,573.0,-1.0,516.0,-1.0,0.942526192274544,0.9448833870777669,63094.68000000005,514.9817504882812,515.9334106445312,0.7064293026924133,0.3091312050819397,0.5385848879814147,0.3202275335788726,0.0,0.0,1.0,0.2898755656108597,0.3352538183174305,544.5,,515.457580566406,,,,,,,,,,,,,,,,,,,,
3842,63093.8807,,,,,,Frage 1,,,,,,1.0,569.0,-1.0,517.0,-1.0,0.9651695714906215,0.944658410378925,63111.33499999996,515.0802001953125,516.0160522460938,0.7060538530349731,0.3092423677444458,0.5382072925567627,0.3203530013561248,0.0,0.0,1.0,0.28902714932126694,0.33497966186862177,543.0,,515.548126220703,,,,,,,,,,,,,,,,,,,,
3843,63110.5347,,,,,,Frage 1,,,,,,1.0,579.0,-1.0,534.0,-1.0,0.9552169506587652,0.9544770363069539,63127.98999999999,514.9542236328125,515.871826171875,0.7056764364242553,0.3095050752162933,0.5378209352493286,0.320632517337799,0.0,0.0,1.0,0.29666289592760176,0.3374543123696603,556.5,,515.413024902344,,,,,,,,,,,,,,,,,,,,
3844,63127.1903,,,,,,Frage 1,,,,,,1.0,576.0,-1.0,530.0,-1.0,0.9540511934657687,0.9538262108567327,63144.64399999997,514.9475708007812,515.845703125,0.7052607536315918,0.3097127377986908,0.5374102592468261,0.3208986818790435,0.0,0.0,1.0,0.294683257918552,0.3368128089194137,553.0,,515.396636962891,,,,,,,,,,,,,,,,,,,,
3845,63143.8434,,,,,,Frage 1,,,,,,1.0,565.0,-1.0,507.0,-1.0,0.9633123480396807,0.9434906741801743,63161.299,514.8773803710938,515.75732421875,0.7048550844192504,0.310052752494812,0.5369997024536132,0.3212348520755767,0.0,0.0,1.0,0.28506787330316735,0.33369668462490965,536.0,,515.317352294922,,,,,,,,,,,,,,,,,,,,
3846,63160.4994,,,,,,Frage 1,,,,,,1.0,554.0,-1.0,512.0,-1.0,0.9646203925131928,0.9424943487995885,63177.95400000003,514.6705322265625,515.531005859375,0.704541802406311,0.3098479211330413,0.5367024540901184,0.3211686313152313,0.0,0.0,1.0,0.28337104072398184,0.33314685552068884,533.0,,515.100769042969,,,,,,,,,,,,,,,,,,,,
3847,63177.1533,,,,,,Frage 1,,,,,,1.0,563.0,-1.0,515.0,-1.0,0.9655390191663463,0.948025025979452,63194.60800000001,514.622802734375,515.46435546875,0.7041745781898499,0.3097104728221893,0.5363522171974182,0.3211231529712677,0.0,0.0,1.0,0.2867647058823529,0.33424699872951164,539.0,,515.043579101563,,,,,,,,,,,,,,,,,,,,
3848,63193.8084,,,,,,Frage 1,,,,,,1.0,568.0,-1.0,512.0,-1.0,0.9647676723298668,0.9484883708473052,63211.26300000004,514.393310546875,515.2212524414064,0.7039324045181274,0.3095906376838684,0.536097764968872,0.3210192322731018,0.0,0.0,1.0,0.2873303167420814,0.3344302776088735,540.0,,514.807281494141,,,,,,,,,,,,,,,,,,,,
3849,63210.4643,,,,,,Frage 1,,,,,,1.0,570.0,-1.0,513.0,-1.0,0.9598025951202952,0.9474866888786517,63227.91800000006,514.273193359375,515.0855712890625,0.7036327719688416,0.3095498383045196,0.5357887148857116,0.3210163414478302,0.0,0.0,1.0,0.2881787330316742,0.334704893223095,541.5,,514.679382324219,,,,,,,,,,,,,,,,,,,,
3850,63227.1169,,,,,,Frage 1,,,,,,1.0,589.0,-1.0,528.0,-1.0,0.9584695879659908,0.9456895535819504,63244.57200000005,515.3131713867188,516.0962524414064,0.70276540517807,0.3095275163650512,0.5349453091621398,0.3210557103157043,0.0,0.0,1.0,0.29779411764705876,0.3378200196811324,558.5,,515.704711914063,,,,,,,,,,,,,,,,,,,,
3851,63243.7728,,,,,,Frage 1,,,,,,1.0,593.0,-1.0,528.0,-1.0,0.9612354529977684,0.9459145302807923,63261.22700000007,514.3446655273438,515.087890625,0.702014684677124,0.3096356391906738,0.5341562628746032,0.3210390210151672,0.0,0.0,1.0,0.2989253393665158,0.33818664749036814,560.5,,514.716278076172,,,,,,,,,,,,,,,,,,,,
3852,63260.4281,,,,,,Frage 1,,,,,,1.0,793.0,-1.0,717.0,-1.0,0.9658760153570412,0.9382064000514232,63277.88199999998,511.8869323730469,512.5870361328125,0.7016347050666809,0.3097451329231262,0.5336273908615112,0.3211665451526641,0.0,0.0,1.0,0.40893665158371034,0.3738293549420413,755.0,,512.23698425293,,,,,,,,,,,,,,,,,,,,
3853,63277.0799,,,,,,Frage 1,,,,,,1.0,809.0,-1.0,715.0,-1.0,0.9580452223925232,0.9360637648243574,63294.53599999997,512.9247436523438,513.606689453125,0.7010459303855896,0.3099540174007415,0.5330888032913208,0.3215048015117645,0.0,0.0,1.0,0.4128959276018099,0.3751116666494084,762.0,,513.265716552734,,,,,,,,,,,,,,,,,,,,
3854,63293.7367,,,,,,Frage 1,,,,,,1.0,822.0,-1.0,735.0,-1.0,0.9549823014593184,0.9345049976966672,63311.19099999999,512.9119873046875,513.5892944335938,0.7009902000427246,0.3100493550300598,0.5330368280410765,0.321686714887619,0.0,0.0,1.0,0.42222850678733026,0.37813513231311907,778.5,,513.250640869141,,,,,,,,,,,,,,,,,,,,
3855,63310.3912,,,,,,Frage 1,,,,,,1.0,832.0,-1.0,747.0,-1.0,0.955182002905656,0.9367815476254244,63327.84600000002,512.683837890625,513.3472900390625,0.7007728815078735,0.3099963068962097,0.5328211784362793,0.3217184245586395,0.0,0.0,1.0,0.4284502262443438,0.3801511950760612,789.5,,513.015563964844,,,,,,,,,,,,,,,,,,,,
3856,63327.0473,,,,,,Frage 1,,,,,,1.0,830.0,-1.0,734.0,-1.0,0.9521715036021148,0.9353272339650536,63344.50100000005,512.4134521484375,513.0653076171875,0.7006138563156127,0.3099246025085449,0.5326349735260009,0.3217072486877441,0.0,0.0,1.0,0.42420814479638,0.3787765216168126,782.0,,512.739379882813,,,,,,,,,,,,,,,,,,,,
3857,63343.701,,,,,,Frage 1,,,,,,1.0,822.0,-1.0,713.0,-1.0,0.9510956120599703,0.926095154430434,63361.15500000002,512.4677734375,513.1091918945312,0.7004079222679138,0.3097432553768158,0.5324088931083679,0.3215776085853576,0.0,0.0,1.0,0.41600678733031665,0.3761183097745358,767.5,,512.788482666016,,,,,,,,,,,,,,,,,,,,
3858,63360.3552,,,,,,Frage 1,,,,,,1.0,820.0,-1.0,725.0,-1.0,0.9530576787702387,0.9257523327941034,63377.810000000056,512.2072143554688,512.84326171875,0.7003744840621948,0.3096283376216888,0.5323818922042846,0.3215165734291076,0.0,0.0,1.0,0.4188348416289592,0.37703462086428313,772.5,,512.525238037109,,,,,,,,,,,,,,,,,,,,
3859,63377.0093,,,,,,Frage 1,,,,,,1.0,816.0,-1.0,743.0,-1.0,0.9549423611700507,0.9329515871570444,63394.46499999997,512.021728515625,512.6498413085938,0.70026296377182,0.309517502784729,0.5322734117507933,0.3214533925056457,0.0,0.0,1.0,0.33764022892244194,0.3507286063443316,779.5,,512.335784912109,,,,,,,,,,,,,,,,,,,,
3860,63393.6647,,,,,,Frage 1,,,,,,1.0,811.0,-1.0,733.0,-1.0,0.9511205747407625,0.9316981455492109,63411.119000000064,511.9490051269531,512.5693969726562,0.7001286745071411,0.3095149397850036,0.5321348905563354,0.3214926421642303,0.0,0.0,1.0,0.33780165483972757,0.35078065079242193,772.0,,512.259201049805,,,,,,,,,,,,,,,,,,,,
3861,63410.3188,,,,,,Frage 1,,,,,,1.0,798.0,-1.0,732.0,-1.0,0.9532374100719425,0.9301983008902649,63427.773999999976,511.9285278320313,512.545166015625,0.700040578842163,0.309698611497879,0.5320386886596679,0.321669727563858,0.0,0.0,1.0,0.4145927601809954,0.37566066647936447,765.0,,512.236846923828,,,,,,,,,,,,,,,,,,,,
3862,63426.9741,,,,,,Frage 1,,,,,,1.0,798.0,-1.0,729.0,-1.0,0.9506812315588196,0.9295608669102128,63444.429,511.8840637207031,512.4945678710938,0.6999411582946777,0.3097368776798248,0.531923770904541,0.3217517137527465,0.0,0.0,1.0,0.41374434389140263,0.3753856309232648,763.5,,512.189315795899,,,,,,,,,,,,,,,,,,,,
3863,63443.6285,,,,,,Frage 1,,,,,,1.0,798.0,-1.0,745.0,-1.0,0.9506812315588196,0.9331256762692437,63461.082999999984,512.087158203125,512.6951904296875,0.699816882610321,0.310077965259552,0.5318008065223693,0.3220679461956024,0.0,0.0,1.0,0.41826923076923067,0.37685205198122246,771.5,,512.391174316406,,,,,,,,,,,,,,,,,,,,
3864,63460.2819,,,,,,Frage 1,,,,,,1.0,802.0,-1.0,752.0,-1.0,0.9316860132060618,0.9334818893757432,63477.738000000005,512.0279541015625,512.635009765625,0.6998366117477417,0.3101303577423095,0.5318109393119812,0.3221699893474578,0.0,0.0,1.0,0.4213800904977375,0.3778593684189426,777.0,,512.331481933594,,,,,,,,,,,,,,,,,,,,
3865,63476.9383,,,,,,Frage 1,,,,,,1.0,809.0,-1.0,742.0,-1.0,0.9293049260700711,0.9310071456884822,63494.39300000004,512.1419067382812,512.7478637695312,0.6998187899589537,0.3101596534252166,0.5317837595939636,0.3222461640834808,0.0,0.0,1.0,0.42053167420814475,0.3775841477244079,775.5,,512.444885253906,,,,,,,,,,,,,,,,,,,,
3866,63493.5911,,,,,,Frage 1,,,,,,1.0,812.0,-1.0,746.0,-1.0,0.9460481580037844,0.9313847851472525,63511.04700000002,512.0127563476562,512.6209716796875,0.6999127864837646,0.3101240098476409,0.5318654775619506,0.3222251832485199,0.0,0.0,1.0,0.42251131221719446,0.37822613971758534,779.0,,512.316864013672,,,,,,,,,,,,,,,,,,,,
3867,63510.2475,,,,,,Frage 1,,,,,,1.0,811.0,-1.0,743.0,-1.0,0.9514800373441705,0.9308089519299787,63527.70200000005,511.99722290039057,512.6071166992188,0.6999627351760864,0.3100246787071228,0.5319055914878845,0.3221316337585449,0.0,0.0,1.0,0.4213800904977375,0.37785974748453194,777.0,,512.302169799805,,,,,,,,,,,,,,,,,,,,
3868,63526.9029,,,,,,Frage 1,,,,,,1.0,803.0,-1.0,751.0,-1.0,0.9493207654556438,0.930677715522321,63544.35699999996,511.8464660644531,512.4593505859375,0.7000705003738403,0.309974193572998,0.5320154428482055,0.3220912516117095,0.0,0.0,1.0,0.4213800904977375,0.3778596621904161,777.0,,512.152908325195,,,,,,,,,,,,,,,,,,,,
3869,63543.5553,,,,,,Frage 1,,,,,,1.0,799.0,-1.0,749.0,-1.0,0.940444036165932,0.9300617078945397,63561.01100000006,511.7972412109375,512.4135131835938,0.7001571059226989,0.3099889159202575,0.5321066975593566,0.3221093416213989,0.0,0.0,1.0,0.41968325791855193,0.37730953463278394,774.0,,512.105377197266,,,,,,,,,,,,,,,,,,,,
3870,63560.2114,,,,,,Frage 1,,,,,,1.0,805.0,-1.0,757.0,-1.0,0.9416896739374635,0.9297349560224122,63577.66599999997,511.6243591308594,512.2449340820312,0.700291097164154,0.3099703192710876,0.5322466492652893,0.322090595960617,0.0,0.0,1.0,0.4236425339366515,0.3785923362613036,781.0,,511.934646606445,,,,,,,,,,,,,,,,,,,,
3871,63576.8652,,,,,,Frage 1,,,,,,1.0,804.0,-1.0,749.0,-1.0,0.9508085412308599,0.936982419677962,63594.321,511.2092590332031,511.8325805664063,0.7004725933074951,0.3099161088466644,0.5323971509933471,0.3220646977424621,0.0,0.0,1.0,0.42109728506787325,0.37776873863940114,776.5,,511.520919799805,,,,,,,,,,,,,,,,,,,,
3872,63593.5216,,,,,,Frage 1,,,,,,1.0,796.0,-1.0,745.0,-1.0,0.950538944278304,0.9228940920923204,63610.97600000002,510.7398376464844,511.3671875,0.7006663084030151,0.3101094961166381,0.5325787663459777,0.3222589790821075,0.0,0.0,1.0,0.41770361990950217,0.37666772758489664,770.5,,511.053512573242,,,,,,,,,,,,,,,,,,,,
3873,63610.1752,,,,,,Frage 1,,,,,,1.0,805.0,-1.0,759.0,-1.0,0.9470491615035522,0.9278708633748647,63627.630000000005,510.5553894042969,511.1876831054688,0.7008159160614013,0.3102431297302246,0.5327466130256652,0.3224057257175445,0.0,0.0,1.0,0.42420814479638,0.3787755767038868,782.0,,510.871536254883,,,,,,,,,,,,,,,,,,,,
3874,63626.8292,,,,,,Frage 1,,,,,,1.0,816.0,-1.0,757.0,-1.0,0.9451045686698386,0.9169908805499999,63644.28500000003,510.3313293457031,510.9705810546875,0.7010026574134826,0.3103377223014831,0.5329139828681945,0.322456806898117,0.0,0.0,1.0,0.4267533936651583,0.3795990348801677,786.5,,510.650955200195,,,,,,,,,,,,,,,,,,,,
3875,63643.4864,,,,,,Frage 1,,,,,,1.0,814.0,-1.0,719.0,-1.0,0.9474760233450992,0.9349388813301479,63660.94000000006,512.67529296875,513.3406982421875,0.7010916471481323,0.3102845847606658,0.5330150723457336,0.3224150538444519,0.0,0.0,1.0,0.41544117647058815,0.37593585245283495,766.5,,513.007995605469,,,,,,,,,,,,,,,,,,,,
3876,63660.138,,,,,,Frage 1,,,,,,1.0,578.0,-1.0,555.0,-1.0,0.9493207654556438,0.9406382910341429,63677.59400000004,513.3574829101562,514.0606689453125,0.7018170952796936,0.3101195096969604,0.5337311029434204,0.3222609162330627,0.0,0.0,1.0,0.3023190045248868,0.33928524168239294,566.5,,513.709075927734,,,,,,,,,,,,,,,,,,,,
3877,63676.7946,,,,,,Frage 1,,,,,,1.0,576.0,-1.0,517.0,-1.0,0.9365423691581086,0.9351906409693281,63694.24900000007,511.83157348632807,512.5512084960938,0.7025169730186462,0.3100756108760833,0.5343903303146362,0.3221751749515533,0.0,0.0,1.0,0.2910067873303167,0.33561912503655045,546.5,,512.191390991211,,,,,,,,,,,,,,,,,,,,
3878,63693.4489,,,,,,Frage 1,,,,,,1.0,577.0,-1.0,513.0,-1.0,0.9357235932281242,0.9334417149652358,63710.90399999998,512.2141723632812,512.921142578125,0.7021156549453735,0.3101144134998321,0.5339642763137817,0.3221482634544372,0.0,0.0,1.0,0.29015837104072395,0.33534403162006216,545.0,,512.567657470703,,,,,,,,,,,,,,,,,,,,
3879,63709.0512,,,,,,Frage 1,1.0,3.06330466270447,29.4030918156028,0.762508690357208,202.73046875,,,,,,0.6585048574425887,0.6495113533451946,,,,,,,,,,,0.37959439571535225,0.3642823432120883,,,,,,,,,,,,,,,,,,,,,,,
3880,63710.1046,,,,,,Frage 1,,,,,,1.0,580.0,-1.0,494.0,-1.0,0.9480451724671616,0.9333533312621193,63727.55799999996,512.043212890625,512.7525634765625,0.7021954655647277,0.3101485669612884,0.5340319871902465,0.3221590220928192,0.0,0.0,1.0,0.28563348416289586,0.33387838075035864,537.0,,512.397888183594,,,,,,,,,,,,,,,,,,,,
3881,63726.76,,,,,,Frage 1,,,,,,1.0,578.0,-1.0,519.0,-1.0,0.9506587651461066,0.9344112574054831,63744.21299999999,512.2091064453125,512.9166259765625,0.7020977735519409,0.3102680742740631,0.5339289307594299,0.3222469389438629,0.0,0.0,1.0,0.2921380090497737,0.3359860251287805,548.5,,512.562866210938,,,,,,,,,,,,,,,,,,,,
3882,63743.4128,,,,,,Frage 1,,,,,,1.0,578.0,-1.0,524.0,-1.0,0.9506587651461066,0.9345692767534791,63760.86800000002,512.1482543945312,512.8529663085938,0.7020661234855651,0.3104090690612793,0.5338824987411499,0.3224176466464996,0.0,0.0,1.0,0.3373434189487218,0.3506324667247837,551.0,,512.500610351563,,,,,,,,,,,,,,,,,,,,
3883,63760.0674,,,,,,Frage 1,,,,,,1.0,572.0,-1.0,531.0,-1.0,0.9476807173275952,0.9335542033146569,63777.522,512.0738525390625,512.774658203125,0.7020133733749389,0.3105661571025848,0.5338467359542846,0.3226287066936492,0.0,0.0,1.0,0.29383484162895923,0.33653560619543776,551.5,,512.424255371094,,,,,,,,,,,,,,,,,,,,
3884,63776.7226,,,,,,Frage 1,,,,,,1.0,572.0,-1.0,529.0,-1.0,0.9276802003482137,0.9294001692681829,63794.177000000025,512.09912109375,512.7977905273438,0.7019686102867126,0.3106682300567627,0.5338028073310852,0.322750449180603,0.0,0.0,1.0,0.3379398348841194,0.3508244040483288,550.5,,512.448455810547,,,,,,,,,,,,,,,,,,,,
3885,63793.3769,,,,,,Frage 1,,,,,,1.0,570.0,-1.0,522.0,-1.0,0.948025202322528,0.9311220698658578,63810.832000000046,512.1006469726562,512.7973022460938,0.7019333839416503,0.3106595873832702,0.5337637662887573,0.3227592706680297,0.0,0.0,1.0,0.29072398190045246,0.3355274550903981,546.0,,512.448974609375,,,,,,,,,,,,,,,,,,,,
3886,63810.0325,,,,,,Frage 1,,,,,,1.0,571.0,-1.0,528.0,-1.0,0.9362153580397305,0.9330828235647024,63827.48600000003,512.2780151367188,512.974609375,0.7018995881080627,0.31067955493927,0.5337272882461547,0.3227881789207458,0.0,0.0,1.0,0.2927036199095022,0.3361686640872935,549.5,,512.626312255859,,,,,,,,,,,,,,,,,,,,
3887,63826.6857,,,,,,Frage 1,,,,,,1.0,576.0,-1.0,528.0,-1.0,0.935104518744477,0.9332970870874089,63844.14100000006,512.4666748046875,513.1622924804688,0.701839804649353,0.3106496036052703,0.5336581468582153,0.3227593600749969,0.0,0.0,1.0,0.2941176470588235,0.33662679029642567,552.0,,512.814483642578,,,,,,,,,,,,,,,,,,,,
3888,63843.3414,,,,,,Frage 1,,,,,,1.0,576.0,-1.0,541.0,-1.0,0.939532898317016,0.9338809551867842,63860.795999999966,512.615234375,513.31103515625,0.7018044590950012,0.3105639517307281,0.5336213111877441,0.3226574659347534,0.0,0.0,1.0,0.33734540410976865,0.35063266916594354,558.5,,512.963134765625,,,,,,,,,,,,,,,,,,,,
3889,63859.997,,,,,,Frage 1,,,,,,1.0,578.0,-1.0,541.0,-1.0,0.9393531670153121,0.9342746644097575,63877.451,512.9548950195312,513.6488037109375,0.7016783356666564,0.310536652803421,0.5334797501564025,0.3226020634174346,0.0,0.0,1.0,0.29835972850678727,0.3380014552968669,559.5,,513.301849365234,,,,,,,,,,,,,,,,,,,,
3890,63876.6489,,,,,,Frage 1,,,,,,1.0,582.0,-1.0,534.0,-1.0,0.9460057214464376,0.9315803006117223,63894.10499999998,512.9933471679688,513.6830444335938,0.7015876173973083,0.3103678524494171,0.5333725810050964,0.322433978319168,0.0,0.0,1.0,0.2975113122171945,0.3377265115567609,558.0,,513.338195800781,,,,,,,,,,,,,,,,,,,,
3891,63893.3058,,,,,,Frage 1,,,,,,1.0,574.0,-1.0,527.0,-1.0,0.9309913010653452,0.9328873081002325,63910.76000000001,513.5477905273438,514.2266845703125,0.701211929321289,0.3101541697978973,0.5329891443252563,0.3221892714500427,0.0,0.0,1.0,0.2932692307692307,0.3363517267301943,550.5,,513.887237548828,,,,,,,,,,,,,,,,,,,,
3892,63909.9594,,,,,,Frage 1,,,,,,1.0,579.0,-1.0,529.0,-1.0,0.940037144469019,0.9332194165604276,63927.41500000004,513.792724609375,514.4633178710938,0.70094496011734,0.3099945783615112,0.5327110290527343,0.3219692111015319,0.0,0.0,1.0,0.2952488687782805,0.3369934585554262,554.0,,514.128021240234,,,,,,,,,,,,,,,,,,,,
3893,63926.6137,,,,,,Frage 1,,,,,,1.0,550.0,-1.0,511.0,-1.0,0.9406537226845865,0.9248726926805033,63944.06900000002,512.991943359375,513.6653442382812,0.7012032270431519,0.3098469078540802,0.5329457521438598,0.3218378722667694,0.0,0.0,1.0,0.2819570135746606,0.3326860879966712,530.5,,513.328643798828,,,,,,,,,,,,,,,,,,,,
3894,63943.4226,,,,,,Frage 1,,,,,,1.0,527.0,-1.0,461.0,-1.0,0.949358209476832,0.935080830913941,63960.724000000046,512.440185546875,513.1079711914064,0.7012507319450378,0.3097521066665649,0.5329788327217102,0.3218249678611755,0.0,0.0,1.0,0.2613122171945701,0.3259985820310548,494.0,,512.774078369141,,,,,,,,,,,,,,,,,,,,
3895,63959.9229,,,,,,Frage 1,,,,,,1.0,472.0,-1.0,392.0,-1.0,0.9473362323326626,0.9343603698188401,63977.37900000008,513.677734375,514.31982421875,0.7004220485687255,0.3096607327461242,0.5321381092071533,0.3217601478099823,0.0,0.0,1.0,0.22624434389140266,0.3146365481169995,432.0,,513.998779296875,,,,,,,,,,,,,,,,,,,,
3896,63976.5786,,,,,,Frage 1,,,,,,1.0,467.0,-1.0,382.0,-1.0,0.9440636248808032,0.9418301318791982,63994.03300000005,513.8351440429688,514.4560546875,0.6999291181564331,0.3096696138381958,0.5316095948219299,0.3217848241329193,0.0,0.0,1.0,0.22200226244343887,0.31326279342535573,424.5,,514.145599365234,,,,,,,,,,,,,,,,,,,,
3897,63993.2331,,,,,,Frage 1,,,,,,1.0,468.0,-1.0,391.0,-1.0,0.9445953299816776,0.9333787539443508,64010.687999999966,513.5448608398438,514.14990234375,0.6996757388114929,0.309671401977539,0.5313307046890258,0.3218438923358917,0.0,0.0,1.0,0.2248303167420814,0.3141782143389901,429.5,,513.847381591797,,,,,,,,,,,,,,,,,,,,
3898,64009.8885,,,,,,Frage 1,,,,,,1.0,477.0,-1.0,402.0,-1.0,0.9368637589975966,0.939055419260148,64027.34299999999,513.3069458007812,513.891357421875,0.6992925405502319,0.3096852898597717,0.5309295654296875,0.3219034075736999,0.0,0.0,1.0,0.23048642533936645,0.3160111109517941,439.5,,513.599151611328,,,,,,,,,,,,,,,,,,,,
3899,64026.5424,,,,,,Frage 1,,,,,,1.0,484.0,-1.0,406.0,-1.0,0.9383696373920989,0.9386858146834791,64043.99699999997,513.2557983398438,513.81884765625,0.6988696455955505,0.3098303079605102,0.5304875969886779,0.322131723165512,0.0,0.0,1.0,0.23359728506787325,0.31701903228032907,445.0,,513.537322998047,,,,,,,,,,,,,,,,,,,,
3900,64043.1968,,,,,,Frage 1,,,,,,1.0,478.0,-1.0,411.0,-1.0,0.9363950893414346,0.9403945662770642,64060.652,513.2210693359375,513.7631225585938,0.698426067829132,0.3101421892642974,0.530030071735382,0.3224940001964569,0.0,0.0,1.0,0.233314479638009,0.31692751618258347,444.5,,513.492095947266,,,,,,,,,,,,,,,,,,,,
3901,64059.8522,,,,,,Frage 1,,,,,,1.0,474.0,-1.0,417.0,-1.0,0.9349297799789317,0.9412409071917551,64077.30700000003,513.072998046875,513.5967407226562,0.6980663537979126,0.3103846907615661,0.5296723842620848,0.3227906823158264,0.0,0.0,1.0,0.2338800904977375,0.31711081183716255,445.5,,513.334869384766,,,,,,,,,,,,,,,,,,,,
3902,64076.5064,,,,,,Frage 1,,,,,,1.0,479.0,-1.0,415.0,-1.0,0.9472363816094937,0.9409382599659322,64093.96100000001,513.2314453125,513.7409057617188,0.6976768374443054,0.3110559582710266,0.5292909741401672,0.3234444558620452,0.0,0.0,1.0,0.2347285067873303,0.3173860732574889,447.0,,513.486175537109,,,,,,,,,,,,,,,,,,,,
3903,64093.161,,,,,,Frage 1,,,,,,1.0,468.0,-1.0,416.0,-1.0,0.9473212547241874,0.9410561049034206,64110.61600000004,512.5889892578125,513.0872802734375,0.6976909637451171,0.3108699917793273,0.5292873382568359,0.323470264673233,0.0,0.0,1.0,0.2319004524886877,0.3164698067134593,442.0,,512.838134765625,,,,,,,,,,,,,,,,,,,,
3904,64109.817,,,,,,Frage 1,,,,,,1.0,480.0,-1.0,421.0,-1.0,0.9336966235477961,0.9409677212003044,64127.27100000007,513.0656127929688,513.559326171875,0.6975694894790649,0.3109229505062103,0.5292089581489563,0.323700338602066,0.0,0.0,1.0,0.33616926231789157,0.3502521453875528,450.5,,513.312469482422,,,,,,,,,,,,,,,,,,,,
3905,64126.4709,,,,,,Frage 1,,,,,,1.0,487.0,-1.0,423.0,-1.0,0.933853888436787,0.9409141553196276,64143.92599999998,512.5307006835938,513.0316772460938,0.6979253888130188,0.3108047246932983,0.5295373201370239,0.3236960470676422,0.0,0.0,1.0,0.23925339366515833,0.318851677230277,455.0,,512.781188964844,,,,,,,,,,,,,,,,,,,,
3906,64143.1258,,,,,,Frage 1,,,,,,1.0,479.0,-1.0,420.0,-1.0,0.9475733778001887,0.9395910780669147,64160.58000000008,512.8020629882812,513.3128051757812,0.6981275677680969,0.3105115294456481,0.5297543406486511,0.3234657645225524,0.0,0.0,1.0,0.23614253393665155,0.31784408523404695,449.5,,513.057434082031,,,,,,,,,,,,,,,,,,,,
3907,64159.779,,,,,,Frage 1,,,,,,1.0,476.0,-1.0,427.0,-1.0,0.9468095197679469,0.9344362858428971,64177.23499999999,511.8883666992188,512.423583984375,0.6989095211029052,0.3102393746376037,0.5305070877075195,0.3232163488864898,0.0,0.0,1.0,0.23727375565610856,0.3182100367990838,451.5,,512.155975341797,,,,,,,,,,,,,,,,,,,,
3908,64176.4355,,,,,,Frage 1,,,,,,1.0,476.0,-1.0,417.0,-1.0,0.9468095197679469,0.9410855661377928,64193.890000000014,511.7151489257813,512.2755737304688,0.6995074748992919,0.3099169433116912,0.5310838222503662,0.3228408098220825,0.0,0.0,1.0,0.23444570135746604,0.31729444624069114,446.5,,511.995361328125,,,,,,,,,,,,,,,,,,,,
3909,64193.0896,,,,,,Frage 1,,,,,,1.0,482.0,-1.0,414.0,-1.0,0.9450446582359373,0.9396687485938956,64210.544,511.0774230957031,511.6669921875,0.7002883553504943,0.3095358908176422,0.5318403244018554,0.3223883211612701,0.0,0.0,1.0,0.2352941176470588,0.31756912490888833,448.0,,511.372207641602,,,,,,,,,,,,,,,,,,,,
3910,64209.7438,,,,,,Frage 1,,,,,,1.0,482.0,-1.0,419.0,-1.0,0.9450446582359373,0.9397062447103692,64227.199000000015,510.6546020507813,511.2774353027344,0.7010872960090637,0.3092866241931915,0.5326026678085327,0.3220178484916687,0.0,0.0,1.0,0.23670814479638005,0.3180272696097868,450.5,,510.966018676758,,,,,,,,,,,,,,,,,,,,
3911,64226.3989,,,,,,Frage 1,,,,,,1.0,418.0,-1.0,381.0,-1.0,0.9377794257097984,0.939901760174839,64243.85400000005,510.3196716308594,510.9700927734375,0.7017156481742858,0.3089382350444793,0.5332173705101013,0.321513831615448,0.0,0.0,1.0,0.33637693759429743,0.3503194562938503,399.5,,510.644882202148,,,,,,,,,,,,,,,,,,,,
3912,64243.0523,,,,,,Frage 1,,,,,,1.0,409.0,-1.0,374.0,-1.0,0.9407610622119932,0.9383617411053854,64260.50800000003,509.3194274902344,509.9985961914063,0.7024846673011779,0.3087552487850189,0.5339803099632263,0.321134328842163,0.0,0.0,1.0,0.20333710407239816,0.30721486475344884,391.5,,509.65901184082,,,,,,,,,,,,,,,,,,,,
3913,64259.7076,,,,,,Frage 1,,,,,,1.0,415.0,-1.0,380.0,-1.0,0.9391160215477861,0.9376707412446568,64277.16300000006,509.98928833007807,510.6725463867188,0.7023110389709472,0.3091109097003936,0.5338221192359924,0.3213111758232116,0.0,0.0,1.0,0.2067307692307692,0.30831427627817065,397.5,,510.330917358399,,,,,,,,,,,,,,,,,,,,
3914,64276.3643,,,,,,Frage 1,,,,,,1.0,426.0,-1.0,374.0,-1.0,0.9429552818536289,0.9374966521324579,64293.81799999997,509.4888916015625,510.1780700683594,0.7025248408317565,0.3092444837093353,0.533960223197937,0.3213478624820709,0.0,0.0,1.0,0.3368067728213883,0.35045864349414024,400.0,,509.833480834961,,,,,,,,,,,,,,,,,,,,
3915,64293.0164,,,,,,Frage 1,,,,,,1.0,436.0,-1.0,373.0,-1.0,0.9447276321898761,0.9381769388170512,64310.47200000008,510.07171630859375,510.7503356933594,0.7021191120147705,0.3094180524349212,0.5335383415222168,0.3214553296566009,0.0,0.0,1.0,0.21069004524886872,0.3095973093576123,404.5,,510.411026000977,,,,,,,,,,,,,,,,,,,,
3916,64309.6733,,,,,,Frage 1,,,,,,1.0,436.0,-1.0,371.0,-1.0,0.9447276321898761,0.9399071167629066,64327.12699999998,510.5818786621094,511.2566528320313,0.7019055485725402,0.3097193837165832,0.5332868099212646,0.3217245936393737,0.0,0.0,1.0,0.21012443438914022,0.3094142328507779,403.5,,510.91926574707,,,,,,,,,,,,,,,,,,,,
3917,64326.3265,,,,,,Frage 1,,,,,,1.0,421.0,-1.0,366.0,-1.0,0.9508734442009196,0.9399472911734141,64343.78200000001,510.81362915039057,511.4859619140625,0.7018229365348815,0.3099573254585266,0.5331566333770752,0.321985512971878,0.0,0.0,1.0,0.3364954468480351,0.35035829221126635,393.5,,511.149795532227,,,,,,,,,,,,,,,,,,,,
3918,64342.9813,,,,,,Frage 1,,,,,,1.0,421.0,-1.0,375.0,-1.0,0.9508734442009196,0.9348826371554376,64360.436,510.2672119140625,510.9288024902344,0.701733648777008,0.3102262020111084,0.532999277114868,0.3222854137420654,0.0,0.0,1.0,0.20701357466063344,0.30840600484278463,398.0,,510.598007202149,,,,,,,,,,,,,,,,,,,,
3919,64359.6373,,,,,,Frage 1,,,,,,1.0,557.0,-1.0,499.0,-1.0,0.9543133016140869,0.9390447060840127,64377.091000000015,514.55908203125,515.1607055664064,0.6993886828422546,0.310596764087677,0.5307169556617736,0.3226138055324554,0.0,0.0,1.0,0.2805429864253393,0.33222987335828524,528.0,,514.859893798828,,,,,,,,,,,,,,,,,,,,
3920,64376.2903,,,,,,Frage 1,,,,,,1.0,699.0,-1.0,552.0,-1.0,0.9430776001877793,0.9454110110024319,64393.74600000004,513.0811157226562,513.6017456054688,0.6977695226669312,0.3112145960330963,0.5290765166282653,0.3230667412281036,0.0,0.0,1.0,0.3356900452488687,0.3500976535000075,625.5,,513.341430664063,,,,,,,,,,,,,,,,,,,,
3921,64392.9475,,,,,,Frage 1,,,,,,1.0,1061.0,-1.0,1074.0,-1.0,0.9496552653782595,0.936326237639673,64410.40100000007,510.781494140625,511.2103576660156,0.6961697936058044,0.3114367127418518,0.527418315410614,0.3232555091381073,0.0,0.0,1.0,0.5856900452488687,0.43109622175597984,1067.5,,510.99592590332,,,,,,,,,,,,,,,,,,,,
3922,64409.5995,,,,,,Frage 1,,,,,,1.0,1117.0,-1.0,1074.0,-1.0,0.948781571550532,0.936326237639673,64427.05500000005,512.7896118164064,513.10302734375,0.6936579346656799,0.3118588924407959,0.5245028138160704,0.3243172168731689,0.0,0.0,1.0,0.6015271493212668,0.4362273697672842,1095.5,,512.946319580078,,,,,,,,,,,,,,,,,,,,
3923,64426.2553,,,,,,Frage 1,,,,,,1.0,1094.0,-1.0,1021.0,-1.0,0.9540387121253726,0.9395160858339672,64443.70999999996,512.8973999023438,513.2101440429688,0.6943556666374207,0.3129283785820007,0.5252877473831176,0.3268257975578308,0.0,0.0,1.0,0.5800339366515836,0.4292641355197296,1057.5,,513.053771972656,,,,,,,,,,,,,,,,,,,,
3924,64442.9106,,,,,,Frage 1,,,,,,1.0,1087.0,-1.0,1021.0,-1.0,0.9569069241483982,0.9395160858339672,64460.36499999999,512.8853759765625,513.1922607421875,0.694236934185028,0.3123283982276916,0.5251564383506774,0.3261998891830444,0.0,0.0,1.0,0.5780542986425339,0.4286228335750746,1054.0,,513.038818359375,,,,,,,,,,,,,,,,,,,,
3925,64459.5636,,,,,,Frage 1,,,,,,1.0,1101.0,-1.0,-1.0,-1.0,0.9570966405224192,0.0,64477.01899999997,512.5930786132812,-1.0,0.6925098896026611,0.3114026486873626,-1.0,-1.0,0.0,4.0,1.0,0.6046380090497737,0.4371382445095349,1101.0,,512.593078613281,,,,,,,,,,,,,,,,,,,,
3926,64476.2198,,,,,,Frage 1,,,,,,1.0,1099.0,-1.0,1036.0,-1.0,0.9597726399033447,0.9396848183580986,64493.674,512.7259521484375,512.8706665039064,0.6922312974929808,0.3120829463005065,0.5224636197090148,0.328348696231842,0.0,0.0,1.0,0.3366223652709856,0.3503996814612169,1067.5,,512.798309326172,,,,,,,,,,,,,,,,,,,,
3927,64492.8732,,,,,,Frage 1,,,,,,1.0,1095.0,-1.0,1032.0,-1.0,0.9644181947987759,0.9409061204375261,64510.32900000003,512.3401489257812,512.5299682617188,0.693535804748535,0.3065722286701202,0.5236963629722595,0.3227397203445434,0.0,0.0,1.0,0.5834276018099547,0.4303641623540956,1063.5,,512.43505859375,,,,,,,,,,,,,,,,,,,,
3928,64509.5282,,,,,,Frage 1,,,,,,1.0,1098.0,-1.0,1029.0,-1.0,0.954011253176501,0.941514093183206,64526.98300000001,512.4318237304688,512.5115356445312,0.6910914182662963,0.3094675838947296,0.5203367471694946,0.3252309262752533,0.0,0.0,1.0,0.5834276018099547,0.4303638801879343,1063.5,,512.4716796875,,,,,,,,,,,,,,,,,,,,
3929,64526.1833,,,,,,Frage 1,,,,,,1.0,1098.0,-1.0,1030.0,-1.0,0.9538190405344011,0.9408150584403758,64543.63800000004,512.2496948242188,512.2937622070312,0.6909449100494384,0.3101658523082733,0.5192574858665466,0.3263550996780395,0.0,0.0,1.0,0.5837104072398189,0.4304554293205848,1064.0,,512.271728515625,,,,,,,,,,,,,,,,,,,,
3930,64542.8371,,,,,,Frage 1,,,,,,1.0,1103.0,-1.0,1030.0,-1.0,0.9550422118932196,0.9408150584403758,64560.29300000006,512.75390625,512.8977661132812,0.6924818754196167,0.3089376091957092,0.5213255882263182,0.3243840038776397,0.0,0.0,1.0,0.5851244343891402,0.43091361071521495,1066.5,,512.825836181641,,,,,,,,,,,,,,,,,,,,
3931,64559.4927,,,,,,Frage 1,,,,,,1.0,1099.0,-1.0,-1.0,-1.0,0.9549548425104468,0.0,64576.94700000005,512.968505859375,-1.0,0.692215085029602,0.3098659813404083,-1.0,-1.0,0.0,4.0,1.0,0.6035067873303166,0.4367716607912982,1099.0,,512.968505859375,,,,,,,,,,,,,,,,,,,,
3932,64576.1475,,,,,,Frage 1,,,,,,1.0,1092.0,-1.0,1009.0,-1.0,0.9535744062626373,0.9433728292426855,64593.60200000007,513.025146484375,513.154052734375,0.6919528841972351,0.3119030892848968,0.5209873914718627,0.3274571299552917,0.0,0.0,1.0,0.5760746606334841,0.4279817266861655,1050.5,,513.089599609375,,,,,,,,,,,,,,,,,,,,
3933,64592.8017,,,,,,Frage 1,,,,,,1.0,944.0,-1.0,952.0,-1.0,0.9665300375937973,0.9444923561488274,64610.25699999998,509.8861389160156,510.13031005859375,0.6944665908813475,0.3091622292995452,0.5241109132766723,0.3237450122833252,0.0,0.0,1.0,0.5180995475113122,0.4091985000030355,948.0,,510.008224487305,,,,,,,,,,,,,,,,,,,,
3934,64609.4577,,,,,,Frage 1,,,,,,1.0,944.0,-1.0,922.0,-1.0,0.9665300375937973,0.9450708676601351,64626.91099999997,510.0202026367188,510.2359008789063,0.6936053037643432,0.3134706616401672,0.5235956907272338,0.3282616436481475,0.0,0.0,1.0,0.5096153846153846,0.40644971530295076,933.0,,510.128051757813,,,,,,,,,,,,,,,,,,,,
3935,64626.1103,,,,,,Frage 1,,,,,,1.0,412.0,-1.0,-1.0,-1.0,0.9541410591166208,0.0,64643.56599999999,510.08392333984375,-1.0,0.6948195695877075,0.316952645778656,-1.0,-1.0,0.0,4.0,1.0,0.2149321266968325,0.3108745408512386,412.0,,510.083923339844,,,,,,,,,,,,,,,,,,,,
3936,64642.7665,,,,,,Frage 1,,,,,,1.0,420.0,-1.0,-1.0,-1.0,0.9490611535754048,0.0,64660.22100000002,510.0843811035156,-1.0,0.6951256394386292,0.3161668181419372,-1.0,-1.0,0.0,4.0,1.0,0.2194570135746606,0.3123404228485502,420.0,,510.084381103516,,,,,,,,,,,,,,,,,,,,
3937,64659.4212,,,,,,Frage 1,,,,,,1.0,425.0,-1.0,336.0,-1.0,0.9480301948586863,0.9443691546232711,64676.87600000005,509.87640380859375,510.19915771484375,0.6976969838142395,0.312130331993103,0.5274016857147216,0.3296217918395996,0.0,0.0,1.0,0.19711538461538455,0.30519991078166764,380.5,,510.037780761719,,,,,,,,,,,,,,,,,,,,
3938,64676.0758,,,,,,Frage 1,,,,,,1.0,427.0,-1.0,351.0,-1.0,0.9492358923409503,0.944323623624696,64693.53000000002,510.9705810546875,511.3924865722656,0.6988598108291626,0.3088341057300567,0.5290784239768981,0.3248886168003082,0.0,0.0,1.0,0.20192307692307687,0.30675762479402613,389.0,,511.181533813477,,,,,,,,,,,,,,,,,,,,
3939,64692.7306,,,,,,Frage 1,,,,,,1.0,436.0,-1.0,355.0,-1.0,0.9491360416177814,0.9281863423477961,64710.185000000056,511.1731262207031,511.64208984375,0.699252963066101,0.3092126548290252,0.5297691822052002,0.3243837058544158,0.0,0.0,1.0,0.33833768199954894,0.3509538912461618,395.5,,511.407608032227,,,,,,,,,,,,,,,,,,,,
3940,64709.3839,,,,,,Frage 1,,,,,,1.0,428.0,-1.0,355.0,-1.0,0.9441659718720513,0.9438361741105384,64726.83999999997,511.2730407714844,511.78131103515625,0.6997005939483641,0.3096376061439514,0.5304110050201416,0.3242228925228118,0.0,0.0,1.0,0.20333710407239816,0.30721554669403894,391.5,,511.52717590332,,,,,,,,,,,,,,,,,,,,
3941,64719.7957,,,,,,Frage 1,1.0,1.44912540912628,29.401687633367,0.579732894897461,202.78125,,,,,,0.6585048574425887,0.6495113533451946,,,,,,,,,,,0.37959439571535225,0.3642823432120883,,,,,,,,,,,,,,,,,,,,,,,
3942,64726.0397,,,,,,Frage 1,,,,,,1.0,426.0,-1.0,352.0,-1.0,0.9419692559623363,0.9328053350381849,64743.494000000064,511.62347412109375,512.1605224609375,0.6999726295471191,0.3099324405193328,0.5308204889297485,0.3240893185138702,0.0,0.0,1.0,0.20192307692307687,0.3067561865742608,389.0,,511.891998291016,,,,,,,,,,,,,,,,,,,,
3943,64742.6937,,,,,,Frage 1,,,,,,1.0,435.0,-1.0,358.0,-1.0,0.9508584665924443,0.9467073053148066,64760.148999999976,511.664306640625,512.2314453125,0.7004092931747437,0.3103147149085998,0.5313460230827332,0.3241366744041442,0.0,0.0,1.0,0.20616515837104069,0.3081323487831214,396.5,,511.947875976563,,,,,,,,,,,,,,,,,,,,
3944,64759.3492,,,,,,Frage 1,,,,,,1.0,437.0,-1.0,371.0,-1.0,0.9537666189047374,0.9471947548289641,64776.804,512.023193359375,512.6114501953125,0.7006354331970214,0.310736060142517,0.5316762924194335,0.3243402540683746,0.0,0.0,1.0,0.21040723981900447,0.3095069183612914,404.0,,512.317321777344,,,,,,,,,,,,,,,,,,,,
3945,64776.0036,,,,,,Frage 1,,,,,,1.0,421.0,-1.0,367.0,-1.0,0.9407560696758348,0.9480437740376889,64793.457999999984,512.0455932617188,512.6555786132812,0.700981318950653,0.3109043538570404,0.5320869088172911,0.3243107497692108,0.0,0.0,1.0,0.20475113122171942,0.3076740116306961,394.0,,512.3505859375,,,,,,,,,,,,,,,,,,,,
3946,64792.6572,,,,,,Frage 1,,,,,,1.0,421.0,-1.0,367.0,-1.0,0.9394829729554318,0.9483035685589707,64810.113000000005,512.058837890625,512.6880493164064,0.701296329498291,0.3107721209526062,0.5324508547782897,0.3239969611167907,0.0,0.0,1.0,0.20475113122171942,0.307673996383338,394.0,,512.373443603516,,,,,,,,,,,,,,,,,,,,
3947,64809.3133,,,,,,Frage 1,,,,,,1.0,433.0,-1.0,364.0,-1.0,0.9469418219761457,0.94726171217981,64826.76800000004,511.7986755371094,512.4451293945312,0.7016754150390625,0.3105080127716064,0.5328567028045654,0.3236163854598999,0.0,0.0,1.0,0.2072963800904977,0.30849878907206485,398.5,,512.12190246582,,,,,,,,,,,,,,,,,,,,
3948,64825.9668,,,,,,Frage 1,,,,,,1.0,466.0,-1.0,400.0,-1.0,0.947104079401295,0.9488874366583461,64843.42200000002,514.2051391601562,514.8432006835938,0.7008801698684692,0.3103495836257934,0.5321232676506042,0.3233388364315033,0.0,0.0,1.0,0.3350462078306394,0.34988954691169055,433.0,,514.524169921875,,,,,,,,,,,,,,,,,,,,
3949,64842.6219,,,,,,Frage 1,,,,,,1.0,487.0,-1.0,556.0,-1.0,0.9517471380286472,0.9464555456756264,64860.07700000005,510.9049682617188,511.49807739257807,0.7005354166030883,0.3102509081363678,0.5316765904426574,0.3230988085269928,0.0,0.0,1.0,0.27686651583710403,0.3310393923076816,521.5,,511.201522827149,,,,,,,,,,,,,,,,,,,,
3950,64859.2765,,,,,,Frage 1,,,,,,1.0,834.0,-1.0,811.0,-1.0,0.9509433397071378,0.936422656224891,64876.73199999996,509.23049926757807,509.7788696289063,0.6998167037963867,0.3103034794330596,0.5309083461761473,0.3230121433734893,0.0,0.0,1.0,0.33705321120947024,0.3505386422990894,822.5,,509.504684448242,,,,,,,,,,,,,,,,,,,,
3951,64875.9313,,,,,,Frage 1,,,,,,1.0,834.0,-1.0,808.0,-1.0,0.9509433397071378,0.9404990197443837,64893.38600000006,510.8717346191406,511.43011474609375,0.6996123790740966,0.3099468946456909,0.5308844447135925,0.3226169049739837,0.0,0.0,1.0,0.44626696832579177,0.3859240148984644,821.0,,511.150924682617,,,,,,,,,,,,,,,,,,,,
3952,64892.5854,,,,,,Frage 1,,,,,,1.0,837.0,-1.0,808.0,-1.0,0.9469418219761457,0.9404990197443837,64910.04099999997,511.6138916015625,512.1697387695312,0.6994056701660156,0.3101257681846618,0.5307034850120544,0.3228406012058258,0.0,0.0,1.0,0.4471153846153845,0.38619876659145597,822.5,,511.891815185547,,,,,,,,,,,,,,,,,,,,
3953,64909.2414,,,,,,Frage 1,,,,,,1.0,841.0,-1.0,802.0,-1.0,0.9376407271129663,0.9319740098346956,64926.696,511.78704833984375,512.3374633789064,0.6992098689079284,0.3101259768009185,0.530536949634552,0.3227998912334442,0.0,0.0,1.0,0.446549773755656,0.3860143156239786,821.5,,512.062255859375,,,,,,,,,,,,,,,,,,,,
3954,64925.8952,,,,,,Frage 1,,,,,,1.0,834.0,-1.0,802.0,-1.0,0.9375583502663518,0.9319740098346956,64943.35100000002,512.0148315429688,512.5536499023438,0.6988921761512756,0.3103570640087127,0.5302247405052185,0.3230332732200622,0.0,0.0,1.0,0.44457013574660625,0.385372915764745,818.0,,512.284240722656,,,,,,,,,,,,,,,,,,,,
3955,64942.55,,,,,,Frage 1,,,,,,1.0,826.0,-1.0,792.0,-1.0,0.9468120160360263,0.9335434901385213,64960.005000000005,512.1135864257812,512.6426391601562,0.6986449360847473,0.3103966116905212,0.5299860835075378,0.3230732679367065,0.0,0.0,1.0,0.4394796380090497,0.38372407906476236,809.0,,512.378112792969,,,,,,,,,,,,,,,,,,,,
3956,64959.2057,,,,,,Frage 1,,,,,,1.0,823.0,-1.0,778.0,-1.0,0.9464250944837468,0.9334604630234725,64976.66000000003,512.608154296875,513.1199951171875,0.6981907486915588,0.3103362321853637,0.5295514464378356,0.323095679283142,0.0,0.0,1.0,0.43467194570135737,0.3821663788624363,800.5,,512.864074707031,,,,,,,,,,,,,,,,,,,,
3957,64975.8594,,,,,,Frage 1,,,,,,1.0,822.0,-1.0,771.0,-1.0,0.9337365638370636,0.9318052773105642,64993.31500000006,512.5678100585938,513.0603637695312,0.6977969408035278,0.3101558685302734,0.5291575193405151,0.322963535785675,0.0,0.0,1.0,0.43240950226244335,0.3814327604893076,796.5,,512.814086914063,,,,,,,,,,,,,,,,,,,,
3958,64992.5138,,,,,,Frage 1,,,,,,1.0,829.0,-1.0,771.0,-1.0,0.9332747542424076,0.9289046848719241,65009.96900000004,513.052734375,513.5219116210938,0.6971880793571472,0.3097169995307922,0.5285578370094299,0.3225430846214294,0.0,0.0,1.0,0.4343891402714931,0.38207384083569046,800.0,,513.287322998047,,,,,,,,,,,,,,,,,,,,
3959,65009.1681,,,,,,Frage 1,,,,,,1.0,867.0,-1.0,804.0,-1.0,0.9366771676343866,0.9273914487428088,65026.62400000007,513.2009887695312,513.6431274414064,0.696629524230957,0.309627890586853,0.5280061364173889,0.3226023316383361,0.0,0.0,1.0,0.45446832579185514,0.3885793958922054,835.5,,513.422058105469,,,,,,,,,,,,,,,,,,,,
3960,65025.8237,,,,,,Frage 1,,,,,,1.0,848.0,-1.0,784.0,-1.0,0.9368643877403282,0.930658967464084,65043.27899999998,512.7015991210938,513.125732421875,0.6964051723480223,0.308848887681961,0.5277445912361145,0.3218949437141418,0.0,0.0,1.0,0.44343891402714924,0.3850062434222278,816.0,,512.913665771484,,,,,,,,,,,,,,,,,,,,
3961,65042.4791,,,,,,Frage 1,,,,,,1.0,802.0,-1.0,773.0,-1.0,0.9459882475698832,0.9324855639951576,65059.93299999996,512.7923583984375,513.13818359375,0.6945250630378723,0.310695081949234,0.5258251428604126,0.3236613571643829,0.0,0.0,1.0,0.4273190045248868,0.3797839308652878,787.5,,512.965270996094,,,,,,,,,,,,,,,,,,,,
3962,65059.1326,,,,,,Frage 1,,,,,,1.0,-1.0,-1.0,-1.0,-1.0,0.0,0.0,65076.58799999999,-1.0,-1.0,-1.0,-1.0,-1.0,-1.0,4.0,4.0,1.0,0.4759322966953752,0.3954061960765668,744.5,,512.939559936523,,,,,,,,,,,,,,,,,,,,
3963,65075.788,,,,,,Frage 1,,,,,,1.0,715.0,586.0,688.0,572.0,0.9628804936619754,0.962024468894293,65093.24300000002,512.7744750976562,513.05322265625,0.692942202091217,0.3080590665340423,0.5246778726577758,0.3210744559764862,0.0,0.0,1.0,0.3786764705882352,0.3640275177067416,701.5,579.0,512.913848876953,,,,,,,,,,,,,,,,,,,,
3964,65092.4415,,,,,,Frage 1,,,,,,1.0,709.0,570.0,699.0,555.0,0.9661456123095972,0.9578356170253794,65109.897,512.891845703125,513.2207641601562,0.694162607192993,0.3012634217739105,0.5261812806129454,0.3142865002155304,0.0,0.0,1.0,0.3800904977375565,0.5196445275958839,704.0,562.5,513.056304931641,19.0951424153457,,109.0,108.0,705.875,573.875,65084.11475,65217.3523,133.237549999998,0.354752390560824,,,,,,,,,,
3965,65109.097,,,,,,Frage 1,,,,,,1.0,719.0,559.0,686.0,562.0,0.9677731790972497,0.9601550196586782,65126.552000000025,513.151611328125,513.4502563476562,0.6934155821800231,0.3010351359844207,0.5255073904991149,0.3140800595283508,0.0,0.0,1.0,0.37924208144796373,0.5177736202057998,702.5,560.5,513.300933837891,5.15299146517111,-837.089907248292,109.0,108.0,705.875,573.875,65084.11475,65217.3523,133.237549999998,0.354752390560824,,,,,,,,,,
3966,65125.7527,,,,,,Frage 1,,,,,,1.0,722.0,570.0,686.0,565.0,0.9655864482598515,0.9583900238903827,65143.207000000046,513.1070556640625,513.3809204101562,0.6929273605346679,0.3006626963615417,0.5250197649002075,0.3137952387332916,0.0,0.0,1.0,0.3800904977375565,0.5243217960710944,704.0,567.5,513.243988037109,11.4035898447593,375.282838883376,109.0,108.0,705.875,573.875,65084.11475,65217.3523,133.237549999998,0.354752390560824,,,,,,,,,,
3967,65142.4059,,,,,,Frage 1,,,,,,1.0,719.0,577.0,693.0,565.0,0.9671266456647313,0.9558268965000053,65159.86100000003,512.74609375,512.98876953125,0.6923633813858032,0.3000028133392334,0.5244069695472717,0.3131855726242065,0.0,0.0,1.0,0.3812217194570135,0.5275958840037418,706.0,571.0,512.867431640625,12.1403589819578,44.2418956836194,109.0,108.0,705.875,573.875,65084.11475,65217.3523,133.237549999998,0.354752390560824,,,,,,,,,,
3968,65159.0613,,,,,,Frage 1,,,,,,1.0,719.0,584.0,694.0,574.0,0.9652020229756514,0.9543404433112285,65176.51600000006,512.6431884765625,512.8544921875,0.691746175289154,0.2995635271072387,0.5237374305725097,0.3128112256526947,0.0,0.0,1.0,0.38150452488687775,0.5350795135640785,706.5,579.0,512.748840332031,6.71472746940915,-325.75810323064,109.0,108.0,705.875,573.875,65084.11475,65217.3523,133.237549999998,0.354752390560824,,,,,,,,,,
3969,65175.7151,,,,,,Frage 1,,,,,,1.0,720.0,585.0,699.0,568.0,0.9638515419447925,0.9527709630074027,65193.170999999966,512.4268188476562,512.60400390625,0.6911163926124572,0.2991707921028137,0.5230283141136169,0.3125110864639282,0.0,0.0,1.0,0.38320135746606326,0.5327408793264733,709.5,576.5,512.515411376953,3.00505165305192,-222.752513922181,109.0,108.0,705.875,573.875,65084.11475,65217.3523,133.237549999998,0.354752390560824,,,,,,,,,,
3970,65192.3715,,,,,,Frage 1,,,,,,1.0,716.0,594.0,700.0,569.0,0.9631650682230066,0.9518656996239675,65209.826,512.3451538085938,512.4888305664064,0.6904778480529785,0.2987652122974395,0.5223432779312133,0.3122229874134063,0.0,0.0,1.0,0.3823529411764705,0.5374181478016837,708.0,581.5,512.4169921875,16.7847061406898,827.288879207875,109.0,108.0,705.875,573.875,65084.11475,65217.3523,133.237549999998,0.354752390560824,,,,,,,,,,
3971,65209.0257,,,,,,Frage 1,,,,,,1.0,712.0,610.0,701.0,575.0,0.9633622734012652,0.9514559206367912,65226.47999999998,512.4888305664064,512.5987548828125,0.689768075942993,0.2983603179454803,0.5216099023818969,0.3119176030158996,0.0,0.0,1.0,0.38150452488687775,0.5477081384471468,706.5,592.5,512.543792724609,23.4305886613499,399.051441718078,109.0,108.0,705.875,573.875,65084.11475,65217.3523,133.237549999998,0.354752390560824,,,,,,,,,,
3972,65225.6789,,,,,,Frage 1,,,,,,1.0,694.0,580.0,679.0,567.0,0.9646378663897474,0.9520638933824711,65243.13500000001,511.2373046875,511.3370056152344,0.6898508071899414,0.2975987493991851,0.5216401219367981,0.3111945390701293,0.0,0.0,1.0,0.37019230769230765,0.529934518241347,686.5,573.5,511.287155151367,49.9511888604854,1592.5227703465,,,,,,,,,141.0,141.0,65217.3523,65267.31655,49.9642500000045,5.89942337446985,173.246321617297,7402.13444180512,-1624.66102112139,246.312473663279
3973,65242.3356,,,,,,Frage 1,,,,,,1.0,677.0,557.0,677.0,551.0,0.962468609428904,0.9497257426909356,65259.79000000004,511.1398315429688,511.1693115234375,0.6887664198875427,0.2969181537628173,0.5201302766799926,0.3109721839427948,0.0,0.0,1.0,0.3648190045248868,0.5116931711880262,677.0,554.0,511.154571533203,173.246321617297,7402.13444180512,,,,,,,,,141.0,141.0,65217.3523,65267.31655,49.9642500000045,5.89942337446985,173.246321617297,7402.13444180512,-1624.66102112139,246.312473663279
3974,65258.9887,,,,,,Frage 1,,,,,,1.0,627.0,432.0,610.0,405.0,0.95600327510372,0.9444789646786582,65276.44400000002,511.50579833984375,511.4769287109375,0.6879586577415466,0.2963653206825256,0.5188053250312805,0.3109618723392486,0.0,0.0,1.0,0.33173076923076916,0.3849391955098222,618.5,418.5,511.491363525391,146.190679166455,-1624.66102112139,,,,,,,,,141.0,141.0,65217.3523,65267.31655,49.9642500000045,5.89942337446985,173.246321617297,7402.13444180512,-1624.66102112139,246.312473663279
3975,65275.6444,,,,,,Frage 1,,,,,,1.0,644.0,416.0,614.0,423.0,0.9577107224699075,0.9441254298661924,65293.099000000046,511.8765869140625,511.8482360839844,0.6878570914268493,0.2955536246299743,0.5185145139694213,0.3098897337913513,0.0,0.0,1.0,0.33766968325791846,0.3858746492048643,629.0,419.5,511.862411499024,16.6926362538015,-7774.9985237899,110.0,109.0,609.735294117647,422.573529411765,65267.31655,65833.5761,566.259550000003,0.434164716287458,,,,,,,,,,
3976,65292.2999,,,,,,Frage 1,,,,,,1.0,650.0,414.0,620.0,419.0,0.9562404205712459,0.9427086123222952,65309.75400000008,512.1939697265625,512.1904907226562,0.68806654214859,0.2950668036937713,0.5190807580947876,0.3091583251953125,0.0,0.0,1.0,0.34106334841628955,0.38306828811973803,635.0,416.5,512.192230224609,1.11799187320425,-935.10518330861,110.0,109.0,609.735294117647,422.573529411765,65267.31655,65833.5761,566.259550000003,0.434164716287458,,,,,,,,,,
3977,65308.9522,,,,,,Frage 1,,,,,,1.0,641.0,418.0,615.0,420.0,0.9540287270530556,0.9422211628081377,65326.40800000005,512.1356201171875,512.1045532226562,0.6872826218605042,0.2941701114177703,0.5185286402702332,0.3081015050411224,0.0,0.0,1.0,0.33710407239818996,0.38540692235734325,628.0,419.0,512.120086669922,12.2146280374017,666.372583018344,110.0,109.0,609.735294117647,422.573529411765,65267.31655,65833.5761,566.259550000003,0.434164716287458,,,,,,,,,,
3978,65325.6154,,,,,,Frage 1,,,,,,1.0,640.0,419.0,608.0,424.0,0.9518245223391032,0.939392884308411,65343.062999999966,512.192138671875,512.134521484375,0.6865354180335999,0.2936831712722778,0.5179463028907775,0.3074874281883239,0.0,0.0,1.0,0.33484162895927594,0.38774555659494847,624.0,421.5,512.163330078125,2.69199339151717,-571.476945957737,110.0,109.0,609.735294117647,422.573529411765,65267.31655,65833.5761,566.259550000003,0.434164716287458,,,,,,,,,,
3979,65342.2625,,,,,,Frage 1,,,,,,1.0,643.0,424.0,618.0,416.0,0.9512304105362483,0.9394410936010198,65359.71799999999,512.2298583984375,512.14208984375,0.6857415437698364,0.2936509549617767,0.5172731280326843,0.3073735535144805,0.0,0.0,1.0,0.3385180995475113,0.38634237605238536,630.5,420.0,512.185974121094,7.61536550432589,295.749536724733,110.0,109.0,609.735294117647,422.573529411765,65267.31655,65833.5761,566.259550000003,0.434164716287458,,,,,,,,,,
3980,65358.9175,,,,,,Frage 1,,,,,,1.0,642.0,428.0,620.0,421.0,0.946709669044778,0.9351959975573958,65376.37199999997,512.6860961914064,512.5650634765625,0.6848120689392089,0.2936157584190368,0.5164604187011718,0.3072729408740997,0.0,0.0,1.0,0.33880090497737547,0.3511046221673078,631.0,424.5,512.625579833984,11.4792497232068,231.995449947731,110.0,109.0,609.735294117647,422.573529411765,65267.31655,65833.5761,566.259550000003,0.434164716287458,,,,,,,,,,
3981,65375.5727,,,,,,Frage 1,,,,,,1.0,638.0,423.0,615.0,438.0,0.9421539798001989,0.9331149630931082,65393.027,513.7028198242188,513.5547485351562,0.6838849782943724,0.2937634587287902,0.5156614780426025,0.3073166608810424,0.0,0.0,1.0,0.3362556561085972,0.39616463985032735,626.5,430.5,513.628784179688,18.7051857905728,433.854656045481,110.0,109.0,609.735294117647,422.573529411765,65267.31655,65833.5761,566.259550000003,0.434164716287458,,,,,,,,,,
3982,65392.2259,,,,,,Frage 1,,,,,,1.0,626.0,422.0,602.0,442.0,0.9384120739494456,0.9299545761331863,65409.68200000003,513.8865966796875,513.7213745117188,0.6833932399749755,0.2944701313972473,0.5152403116226196,0.3080028593540191,0.0,0.0,1.0,0.3291855203619909,0.3975678203928905,614.0,432.0,513.803985595703,19.9508685135306,74.8014029110205,110.0,109.0,609.735294117647,422.573529411765,65267.31655,65833.5761,566.259550000003,0.434164716287458,,,,,,,,,,
3983,65408.8812,,,,,,Frage 1,,,,,,1.0,622.0,436.0,591.0,423.0,0.6769484328202545,0.6732221508073606,65426.33600000001,514.3018798828125,514.1102905273438,0.6827261447906494,0.2952419817447662,0.5146292448043823,0.30886971950531,0.0,0.0,1.0,0.3249434389140271,0.39522918615528524,606.5,429.5,514.206085205078,7.41974386193718,-752.380602666362,110.0,109.0,609.735294117647,422.573529411765,65267.31655,65833.5761,566.259550000003,0.434164716287458,,,,,,,,,,
3984,65425.535,,,,,,Frage 1,,,,,,1.0,625.0,447.0,590.0,424.0,0.931137948766594,0.9215179499266146,65442.99100000004,514.1676025390625,513.9594116210938,0.6823848485946655,0.2957268953323364,0.5143048167228698,0.3094102442264556,0.0,0.0,1.0,0.3607427698485841,0.40084190832553784,607.5,435.5,514.063507080078,10.7900757612463,202.376148345068,110.0,109.0,609.735294117647,422.573529411765,65267.31655,65833.5761,566.259550000003,0.434164716287458,,,,,,,,,,
3985,65442.1917,,,,,,Frage 1,,,,,,1.0,627.0,450.0,596.0,428.0,0.9286766284404815,0.9218688064450468,65459.64600000007,514.8152465820312,514.592041015625,0.681919276714325,0.2961808741092681,0.5138618350028991,0.3098904192447662,0.0,0.0,1.0,0.32777149321266963,0.4041159962581852,611.5,439.0,514.703643798828,6.42274340324216,-262.196735127862,110.0,109.0,609.735294117647,422.573529411765,65267.31655,65833.5761,566.259550000003,0.434164716287458,,,,,,,,,,
3986,65458.8464,,,,,,Frage 1,,,,,,1.0,628.0,438.0,591.0,421.0,0.9250820024064025,0.9167425516642919,65476.30099999998,514.8306274414064,514.6021728515625,0.6817896962165833,0.2964283525943756,0.513722538948059,0.3101317584514617,0.0,0.0,1.0,0.3266402714932126,0.39522918615528524,609.5,429.5,514.716400146484,14.0199020387008,456.157038881459,110.0,109.0,609.735294117647,422.573529411765,65267.31655,65833.5761,566.259550000003,0.434164716287458,,,,,,,,,,
3987,65475.4996,,,,,,Frage 1,,,,,,1.0,624.0,436.0,589.0,416.0,0.9229002641051628,0.9119484053437322,65492.95500000008,515.2435302734375,515.0077514648438,0.6815564036369323,0.2962456047534942,0.5134927034378051,0.3099493384361267,0.0,0.0,1.0,0.3249434389140271,0.3919550982226379,606.5,426.0,515.125640869141,2.92867729636363,-666.011621930724,110.0,109.0,609.735294117647,422.573529411765,65267.31655,65833.5761,566.259550000003,0.434164716287458,,,,,,,,,,
3988,65492.1553,,,,,,Frage 1,,,,,,1.0,628.0,442.0,596.0,414.0,0.9172836609269143,0.9061981080530944,65509.60999999999,515.4735717773438,515.2332763671875,0.6814273595809937,0.2958487868309021,0.5133488178253173,0.3095400035381317,0.0,0.0,1.0,0.3280542986425339,0.34761876185556034,612.0,428.0,515.353424072266,8.92139994928426,359.800107646161,110.0,109.0,609.735294117647,422.573529411765,65267.31655,65833.5761,566.259550000003,0.434164716287458,,,,,,,,,,
3989,65508.8097,,,,,,Frage 1,,,,,,1.0,634.0,435.0,592.0,405.0,0.9139835945261833,0.899823768252574,65526.265000000014,515.7764282226562,515.4593505859375,0.6804633736610411,0.2971024811267852,0.5118742585182189,0.3118045032024383,0.0,0.0,1.0,0.3286199095022624,0.38634237605238536,613.0,420.0,515.617889404297,4.94038092246793,-239.037072894638,110.0,109.0,609.735294117647,422.573529411765,65267.31655,65833.5761,566.259550000003,0.434164716287458,,,,,,,,,,
3990,65525.4636,,,,,,Frage 1,,,,,,1.0,629.0,428.0,591.0,419.0,0.9093555135073065,0.8929244828214222,65542.919,515.733642578125,515.3915405273438,0.6805644631385803,0.2961359322071075,0.5113940834999084,0.3113875389099121,0.0,0.0,1.0,0.34352915834673015,0.3526309301063407,610.0,423.5,515.562591552734,5.85246146887714,54.7667841411894,110.0,109.0,609.735294117647,422.573529411765,65267.31655,65833.5761,566.259550000003,0.434164716287458,,,,,,,,,,
3991,65542.12,,,,,,Frage 1,,,,,,1.0,622.0,436.0,594.0,410.0,0.9071113685040866,0.8973275982130422,65559.57400000002,515.9324340820312,515.6153564453125,0.6811652183532714,0.2948698699474334,0.5117759108543396,0.3099833130836486,0.0,0.0,1.0,0.3428116710586839,0.3523988493884515,608.0,423.0,515.773895263672,7.47230684482399,97.250628944284,110.0,109.0,609.735294117647,422.573529411765,65267.31655,65833.5761,566.259550000003,0.434164716287458,,,,,,,,,,
3992,65558.7738,,,,,,Frage 1,,,,,,1.0,620.0,435.0,591.0,400.0,0.9037114513801866,0.8935351338611357,65576.22900000005,515.7711791992188,515.517578125,0.6822385191917419,0.2945437431335449,0.5131226778030396,0.3092373013496398,0.0,0.0,1.0,0.3243778280542986,0.38400374181478014,605.5,417.5,515.644378662109,2.26487032460241,-312.687586029709,110.0,109.0,609.735294117647,422.573529411765,65267.31655,65833.5761,566.259550000003,0.434164716287458,,,,,,,,,,
3993,65575.4284,,,,,,Frage 1,,,,,,1.0,627.0,437.0,587.0,413.0,0.9017418958656808,0.8897560609793985,65592.88300000003,516.4849853515625,516.2560424804688,0.6823496222496032,0.2948052287101745,0.5134429931640625,0.3091641068458557,0.0,0.0,1.0,0.32522624434389136,0.39101964452759586,607.0,425.0,516.370513916016,10.240502326604,478.884632593835,110.0,109.0,609.735294117647,422.573529411765,65267.31655,65833.5761,566.259550000003,0.434164716287458,,,,,,,,,,
3994,65592.0822,,,,,,Frage 1,,,,,,1.0,621.0,442.0,583.0,412.0,0.897360945386647,0.8867911894839463,65609.53800000006,516.7471313476562,516.5438232421875,0.6826520562171936,0.2949640154838562,0.5138807892799377,0.3090692162513732,0.0,0.0,1.0,0.32239819004524883,0.3457835205776281,602.0,427.0,516.645477294922,11.0249504564749,47.103251502415,110.0,109.0,609.735294117647,422.573529411765,65267.31655,65833.5761,566.259550000003,0.434164716287458,,,,,,,,,,
3995,65608.7384,,,,,,Frage 1,,,,,,1.0,612.0,439.0,580.0,407.0,0.8970738745575365,0.8843592985012267,65626.19299999997,517.2059936523438,517.0271606445312,0.6829450130462646,0.2948852479457855,0.5142702460289001,0.3087753653526306,0.0,0.0,1.0,0.31900452488687775,0.38914873713751164,596.0,423.0,517.116577148438,4.01631223884028,-420.78254449608,110.0,109.0,609.735294117647,422.573529411765,65267.31655,65833.5761,566.259550000003,0.434164716287458,,,,,,,,,,
3996,65625.3927,,,,,,Frage 1,,,,,,1.0,622.0,438.0,578.0,409.0,0.8944527930743539,0.8822488028025668,65642.84700000007,517.1041870117188,516.9547119140625,0.683497667312622,0.294715791940689,0.5148540735244751,0.3084226250648498,0.0,0.0,1.0,0.3212669683257918,0.3896164639850327,600.0,423.5,517.029449462891,8.65795329423178,278.705262628449,110.0,109.0,609.735294117647,422.573529411765,65267.31655,65833.5761,566.259550000003,0.434164716287458,,,,,,,,,,
3997,65642.0466,,,,,,Frage 1,,,,,,1.0,632.0,439.0,577.0,403.0,0.8779244561255134,0.8790616329023065,65659.50199999998,517.0563354492188,516.8982543945312,0.6838979721069335,0.2961474657058715,0.5152066349983215,0.3108566999435424,0.0,0.0,1.0,0.3238122171945701,0.38727782974742747,604.5,421.0,516.977294921875,1.55721179876298,-426.371089982932,110.0,109.0,609.735294117647,422.573529411765,65267.31655,65833.5761,566.259550000003,0.434164716287458,,,,,,,,,,
3998,65658.7028,,,,,,Frage 1,,,,,,1.0,628.0,442.0,575.0,406.0,0.8891981487675926,0.8737398626570819,65676.157,517.0684814453125,516.886962890625,0.6837801337242126,0.2945596277713775,0.5146653652191162,0.3095101416110992,0.0,0.0,1.0,0.3221153846153846,0.39008419083255375,601.5,424.0,516.977722167969,6.96879820616,324.899221154752,110.0,109.0,609.735294117647,422.573529411765,65267.31655,65833.5761,566.259550000003,0.434164716287458,,,,,,,,,,
3999,65675.3552,,,,,,Frage 1,,,,,,1.0,620.0,431.0,575.0,409.0,0.8870288918067489,0.8751593584950129,65692.81099999999,517.0108642578125,516.8900146484375,0.6849825382232666,0.2934077978134155,0.5158887505531311,0.3080373406410217,0.0,0.0,1.0,0.3198529411764705,0.38634237605238536,597.5,420.0,516.950439453125,3.19449698195989,-226.65208763894,110.0,109.0,609.735294117647,422.573529411765,65267.31655,65833.5761,566.259550000003,0.434164716287458,,,,,,,,,,
4000,65692.0122,,,,,,Frage 1,,,,,,1.0,626.0,434.0,579.0,408.0,0.8833868366791647,0.8724248202864704,65709.46600000001,517.308837890625,517.2286376953125,0.6854833364486694,0.2929755449295043,0.5165562033653259,0.3071297705173492,0.0,0.0,1.0,0.3226809954751131,0.38727782974742747,602.5,421.0,517.268737792969,5.62588445418454,145.967909721188,110.0,109.0,609.735294117647,422.573529411765,65267.31655,65833.5761,566.259550000003,0.434164716287458,,,,,,,,,,
4001,65708.6668,,,,,,Frage 1,,,,,,1.0,623.0,439.0,581.0,408.0,0.8800967553507506,0.8731613511457742,65726.12100000004,516.9874877929688,516.9324340820312,0.6858739852905273,0.2930371463298797,0.5170425176620483,0.3068920373916626,0.0,0.0,1.0,0.32239819004524883,0.3896164639850327,602.0,423.5,516.9599609375,5.25310389150697,-22.383039080937,110.0,109.0,609.735294117647,422.573529411765,65267.31655,65833.5761,566.259550000003,0.434164716287458,,,,,,,,,,
4002,65725.3203,,,,,,Frage 1,,,,,,1.0,617.0,435.0,580.0,400.0,0.8775555544461032,0.8702634370011677,65742.77600000007,517.1022338867188,517.0623168945312,0.6860029697418212,0.2932142615318298,0.5172842144966125,0.3068583309650421,0.0,0.0,1.0,0.32041855203619907,0.38400374181478014,598.5,417.5,517.082275390625,10.4086673989269,309.578377363305,110.0,109.0,609.735294117647,422.573529411765,65267.31655,65833.5761,566.259550000003,0.434164716287458,,,,,,,,,,
4003,65738.9959,,,,,,Frage 1,1.0,3.41656398773193,29.3943519916872,1.53313016891479,203.0703125,,,,,,0.6585048574425887,0.6495113533451946,,,,,,,,,,,0.37959439571535225,0.3642823432120883,,,,,,,,,,,,,,,,,,,,,,,
4004,65741.9755,,,,,,Frage 1,,,,,,1.0,622.0,433.0,587.0,394.0,0.8765994837717612,0.8693742433819355,65759.43000000005,517.0641479492188,517.0410766601562,0.6862426400184631,0.2934739291667938,0.5176160335540771,0.3069680035114288,0.0,0.0,1.0,0.3238122171945701,0.38026192703461176,604.5,413.5,517.052612304688,6.96856560205471,-206.548212982939,110.0,109.0,609.735294117647,422.573529411765,65267.31655,65833.5761,566.259550000003,0.434164716287458,,,,,,,,,,
4005,65758.6292,,,,,,Frage 1,,,,,,1.0,624.0,433.0,587.0,404.0,0.874714801371949,0.8675744297912001,65776.08499999996,517.6970825195312,517.6807250976562,0.6861329078674316,0.2936513423919677,0.5175967812538147,0.3069890737533569,0.0,0.0,1.0,0.36071573517608235,0.3849391955098222,605.5,418.5,517.688903808594,2.25470018035074,-283.052139867135,110.0,109.0,609.735294117647,422.573529411765,65267.31655,65833.5761,566.259550000003,0.434164716287458,,,,,,,,,,
4006,65775.2852,,,,,,Frage 1,,,,,,1.0,633.0,434.0,574.0,397.0,0.875368823608705,0.8666477400554943,65792.73999999999,517.7413330078125,517.7315063476562,0.6861839294433593,0.2938646972179412,0.5176958441734314,0.3071099519729614,0.0,0.0,1.0,0.3232466063348416,0.3821328344246959,603.5,415.5,517.736419677734,8.12683446341724,352.553691346395,110.0,109.0,609.735294117647,422.573529411765,65267.31655,65833.5761,566.259550000003,0.434164716287458,,,,,,,,,,
4007,65791.9396,,,,,,Frage 1,,,,,,1.0,632.0,436.0,569.0,388.0,0.8643911143258508,0.864735438115338,65809.39399999997,518.0372924804688,518.0287475585938,0.6860942244529724,0.294047862291336,0.5176636576652526,0.3072434365749359,0.0,0.0,1.0,0.3215497737556561,0.3788587464920486,600.5,412.0,518.033020019531,5.12876038475896,-180.016937185271,110.0,109.0,609.735294117647,422.573529411765,65267.31655,65833.5761,566.259550000003,0.434164716287458,,,,,,,,,,
4008,65808.5938,,,,,,Frage 1,,,,,,1.0,626.0,444.0,571.0,384.0,0.862375424033611,0.8627160044138286,65826.049,518.1255493164064,518.1170654296875,0.6860767602920532,0.2941284775733947,0.5176784396171569,0.307345300912857,0.0,0.0,1.0,0.32041855203619907,0.38072965388213276,598.5,414.0,518.121307373047,2.12689747138688,-180.246599258521,110.0,109.0,609.735294117647,422.573529411765,65267.31655,65833.5761,566.259550000003,0.434164716287458,,,,,,,,,,
4009,65825.25,,,,,,Frage 1,,,,,,1.0,626.0,441.0,572.0,386.0,0.8718740482977948,0.8627026129436595,65842.70400000003,517.8535766601562,517.85009765625,0.6862356662750244,0.2941619455814361,0.5178568959236145,0.3073889911174774,0.0,0.0,1.0,0.3207013574660633,0.38026192703461176,599.0,413.5,517.851837158203,28.312335796145,1572.11358681824,110.0,109.0,609.735294117647,422.573529411765,65267.31655,65833.5761,566.259550000003,0.434164716287458,,,,,,,,,,
4010,65841.9022,,,,,,Frage 1,,,,,,1.0,611.0,449.0,532.0,398.0,0.8731696114309108,0.8626811865913888,65859.35800000001,518.5055541992188,518.5111694335938,0.6862841844558715,0.2942990362644195,0.5179483890533447,0.3075114488601684,0.0,0.0,1.0,0.3051470588235293,0.3896164639850327,571.5,423.5,518.508361816406,67.3273764284128,2342.93610647693,,,,,,,,,142.0,142.0,65833.5761,65866.8855,33.3093999999983,1.37922873221799,67.3273764284128,2342.93610647693,-1278.52414690593,175.710846671181
4011,65858.5587,,,,,,Frage 1,,,,,,1.0,575.0,451.0,488.0,402.0,0.8717167834088039,0.8614277449835555,65876.01300000004,518.9507446289064,518.9683227539064,0.6864562630653381,0.2944928705692291,0.5181653499603271,0.3077250123023986,0.0,0.0,1.0,0.2825226244343891,0.39242282507015896,531.5,426.5,518.959533691406,46.0316389754776,-1278.52414690593,,,,,,,,,142.0,142.0,65833.5761,65866.8855,33.3093999999983,1.37922873221799,67.3273764284128,2342.93610647693,-1278.52414690593,175.710846671181
4012,65875.2123,,,,,,Frage 1,,,,,,1.0,569.0,433.0,481.0,394.0,0.8680996909620118,0.8606349699495409,65892.66800000006,518.3956909179688,518.4159545898438,0.6866164207458496,0.2948254644870758,0.5183172225952148,0.3080655932426452,0.0,0.0,1.0,0.2788461538461538,0.38026192703461176,525.0,413.5,518.405822753906,14.7812342011832,-1876.49545889687,111.0,110.0,530.0625,420.46875,65866.8855,66133.3603,266.474799999996,0.214157336480911,,,,,,,,,,
4013,65891.8676,,,,,,Frage 1,,,,,,1.0,565.0,434.0,477.0,397.0,0.8666393741356672,0.8595582957479403,65909.32200000004,517.7982788085938,517.823486328125,0.6868260502815245,0.2951140999794006,0.5185262560844421,0.3083488643169403,0.0,0.0,1.0,0.2765837104072397,0.3821328344246959,521.0,415.5,517.810882568359,10.9890265657028,-227.687741168322,111.0,110.0,530.0625,420.46875,65866.8855,66133.3603,266.474799999996,0.214157336480911,,,,,,,,,,
4014,65908.5225,,,,,,Frage 1,,,,,,1.0,569.0,442.0,491.0,405.0,0.8668141129012127,0.8580075635023515,65925.97700000007,517.4576416015625,517.4884033203125,0.6869847774505615,0.2954462766647338,0.518700897693634,0.3086646497249603,0.0,0.0,1.0,0.2816742081447963,0.3896164639850327,530.0,423.5,517.473022460938,17.0010195828976,360.974428978361,111.0,110.0,530.0625,420.46875,65866.8855,66133.3603,266.474799999996,0.214157336480911,,,,,,,,,,
4015,65925.1766,,,,,,Frage 1,,,,,,1.0,572.0,449.0,492.0,409.0,0.8644875910513782,0.8562479243221238,65942.63199999998,517.33544921875,517.3695068359375,0.6870547533035278,0.295657068490982,0.5187814831733703,0.3088495731353759,0.0,0.0,1.0,0.28280542986425333,0.39476145930776424,532.0,429.0,517.352478027344,3.49262558326236,-811.11522085465,111.0,110.0,530.0625,420.46875,65866.8855,66133.3603,266.474799999996,0.214157336480911,,,,,,,,,,
4016,65941.8319,,,,,,Frage 1,,,,,,1.0,563.0,445.0,491.0,398.0,0.8622159870992867,0.857761160451239,65959.28599999996,517.1849365234375,517.2230834960938,0.687152087688446,0.295775681734085,0.5188862681388855,0.3089446425437927,0.0,0.0,1.0,0.2799773755656108,0.38774555659494847,527.0,421.5,517.204010009766,10.5068542661283,421.140939092452,111.0,110.0,530.0625,420.46875,65866.8855,66133.3603,266.474799999996,0.214157336480911,,,,,,,,,,
4017,65958.4851,,,,,,Frage 1,,,,,,1.0,569.0,446.0,493.0,391.0,0.8605859240435549,0.8563496994954094,65975.94099999999,517.1090087890625,517.14892578125,0.6871999502182006,0.2957336008548736,0.5189408063888549,0.3088943660259246,0.0,0.0,1.0,0.28223981900452483,0.3849391955098222,531.0,418.5,517.128967285156,9.71151018682292,-47.7592342195678,111.0,110.0,530.0625,420.46875,65866.8855,66133.3603,266.474799999996,0.214157336480911,,,,,,,,,,
4018,65975.141,,,,,,Frage 1,,,,,,1.0,567.0,452.0,503.0,403.0,0.8536308333934102,0.854474893671727,65992.59600000002,516.8784790039064,516.9194946289064,0.6872750520706176,0.2956000864505767,0.5190165042877197,0.3087674677371978,0.0,0.0,1.0,0.28450226244343885,0.3933582787652011,535.0,427.5,516.898986816406,3.55696130076015,-369.511637681755,111.0,110.0,530.0625,420.46875,65866.8855,66133.3603,266.474799999996,0.214157336480911,,,,,,,,,,
4019,65991.7965,,,,,,Frage 1,,,,,,1.0,564.0,439.0,504.0,394.0,0.860630856868981,0.8526295490824165,66009.25100000005,516.6651000976562,516.7072143554688,0.6873465180397033,0.295533001422882,0.5190819501876831,0.3087031841278076,0.0,0.0,1.0,0.36182140653180755,0.38306828811973803,534.0,416.5,516.686157226563,10.5198289852788,418.052156015816,111.0,110.0,530.0625,420.46875,65866.8855,66133.3603,266.474799999996,0.214157336480911,,,,,,,,,,
4020,66008.4495,,,,,,Frage 1,,,,,,1.0,568.0,439.0,500.0,395.0,0.8578974433222334,0.8509020494305947,66025.90500000003,516.535888671875,516.5789794921875,0.6874057054519653,0.2953163385391235,0.519131064414978,0.3084858655929565,0.0,0.0,1.0,0.28393665158371034,0.3835360149672591,534.0,417.0,516.557434082031,3.86868885473943,-399.395912480462,111.0,110.0,530.0625,420.46875,65866.8855,66133.3603,266.474799999996,0.214157336480911,,,,,,,,,,
4021,66025.1058,,,,,,Frage 1,,,,,,1.0,560.0,443.0,502.0,395.0,0.8563547496492744,0.8492254373654159,66042.56000000006,516.4309692382812,516.4755249023438,0.6874608993530273,0.2951297163963317,0.5192019343376159,0.3083074390888214,0.0,0.0,1.0,0.28223981900452483,0.38540692235734325,531.0,419.0,516.453247070313,9.72223999574543,351.431658952178,111.0,110.0,530.0625,420.46875,65866.8855,66133.3603,266.474799999996,0.214157336480911,,,,,,,,,,
4022,66041.7595,,,,,,Frage 1,,,,,,1.0,559.0,442.0,489.0,390.0,0.8567965890992966,0.8488585110827808,66059.21499999997,516.3682250976562,516.4152221679688,0.687523066997528,0.2949952781200408,0.5192723870277404,0.3081633448600769,0.0,0.0,1.0,0.2782805429864253,0.382600561272217,524.0,416.0,516.391723632813,7.90917270952454,-108.86873705071,111.0,110.0,530.0625,420.46875,65866.8855,66133.3603,266.474799999996,0.214157336480911,,,,,,,,,,
4023,66058.4138,,,,,,Frage 1,,,,,,1.0,566.0,442.0,481.0,402.0,0.8557331788975482,0.848231790278864,66075.86900000006,516.0679931640625,516.121337890625,0.6877134442329406,0.2949106991291046,0.5194424986839294,0.3080447614192962,0.0,0.0,1.0,0.27799773755656104,0.3882132834424695,523.5,422.0,516.094665527344,12.5814702143511,280.546015433133,111.0,110.0,530.0625,420.46875,65866.8855,66133.3603,266.474799999996,0.214157336480911,,,,,,,,,,
4024,66075.0692,,,,,,Frage 1,,,,,,1.0,571.0,441.0,501.0,401.0,0.8541455523991633,0.8477764802931126,66092.52399999998,516.0281982421875,516.0899658203125,0.6878719329833984,0.2949615716934204,0.5196083188056945,0.3080405890941619,0.0,0.0,1.0,0.28506787330316735,0.38727782974742747,536.0,421.0,516.05908203125,11.6589730612401,-55.3872709818291,111.0,110.0,530.0625,420.46875,65866.8855,66133.3603,266.474799999996,0.214157336480911,,,,,,,,,,
4025,66091.7233,,,,,,Frage 1,,,,,,1.0,566.0,439.0,505.0,404.0,0.852835011657572,0.847385449364173,66109.179,516.369384765625,516.4334106445312,0.6878098249435424,0.2950146794319152,0.5195739269256591,0.3080382049083709,0.0,0.0,1.0,0.2847850678733031,0.33359140223073297,535.5,421.5,516.401397705078,4.98831617537522,-400.541421383624,111.0,110.0,530.0625,420.46875,65866.8855,66133.3603,266.474799999996,0.214157336480911,,,,,,,,,,
4026,66108.3786,,,,,,Frage 1,,,,,,1.0,569.0,437.0,497.0,413.0,0.8524830378584017,0.8432757204569945,66125.83299999998,516.4522705078125,516.5189208984375,0.6878451108932495,0.2950287461280822,0.519594132900238,0.3080289959907531,0.0,0.0,1.0,0.28337104072398184,0.39101964452759586,533.0,425.0,516.485595703125,6.36616550631322,82.727379929399,111.0,110.0,530.0625,420.46875,65866.8855,66133.3603,266.474799999996,0.214157336480911,,,,,,,,,,
4027,66125.032,,,,,,Frage 1,,,,,,1.0,569.0,435.0,489.0,406.0,0.8526852355728187,0.8476264958272179,66142.48800000001,516.4833984375,516.5524291992188,0.6879050135612487,0.2950983941555023,0.5196365118026733,0.3081118464469909,0.0,0.0,1.0,0.2811085972850678,0.3868101028999064,529.0,420.5,516.517913818359,6.14941844777847,-13.0151835982214,111.0,110.0,530.0625,420.46875,65866.8855,66133.3603,266.474799999996,0.214157336480911,,,,,,,,,,
4028,66141.6886,,,,,,Frage 1,,,,,,1.0,580.0,456.0,489.0,406.0,0.855368723757982,0.8461252895438435,66159.14300000004,515.8099365234375,515.8722534179688,0.6875919103622437,0.2946766912937164,0.5191431641578674,0.3070721924304962,0.0,0.0,1.0,0.2842194570135746,0.3966323666978484,534.5,431.0,515.841094970703,301.30762067215,17720.1951313349,,,,,,,,,143.0,143.0,66133.3603,66199.98285,66.6225500000001,24.770444007666,487.624257445557,17720.1951313349,,38.9662982135102
4029,66158.3419,,,,,,Frage 1,,,,,,1.0,744.0,567.0,815.0,604.0,0.8576278463696774,0.8456418799481483,66175.79700000002,518.5955810546875,518.6172485351562,0.6857188940048217,0.2954384386539459,0.5175472497940063,0.3073660135269165,0.0,0.0,1.0,0.42279411764705876,0.5411599625818522,779.5,585.5,518.606414794922,440.402085771326,8352.36650388396,,,,,,,,,143.0,143.0,66133.3603,66199.98285,66.6225500000001,24.770444007666,487.624257445557,17720.1951313349,,38.9662982135102
4030,66174.9962,,,,,,Frage 1,,,,,,1.0,893.0,677.0,896.0,678.0,0.8565519548275329,0.8473345617775303,66192.45200000005,518.2591552734375,518.1146240234375,0.6827355623245239,0.2991789579391479,0.513992190361023,0.3119660019874572,0.0,0.0,1.0,0.48783936651583704,0.627221702525725,894.5,677.5,518.186889648438,451.233578751723,650.372154962979,,,,,,,,,143.0,143.0,66133.3603,66199.98285,66.6225500000001,24.770444007666,487.624257445557,17720.1951313349,,38.9662982135102
4031,66191.6603,,,,,,Frage 1,,,,,,1.0,1153.0,960.0,1051.0,820.0,0.8563073205557693,0.8505886890286364,66209.10699999996,516.946044921875,516.8056030273438,0.6829168796539306,0.2996929883956909,0.5146630406379699,0.3126507103443145,0.0,0.0,1.0,0.6052036199095022,0.8260056127221702,1102.0,890.0,516.875823974609,487.624257445557,2183.77702329046,,,,,,,,,143.0,143.0,66133.3603,66199.98285,66.6225500000001,24.770444007666,487.624257445557,17720.1951313349,,38.9662982135102
4032,66208.3054,,,,,,Frage 1,,,,,,1.0,1216.0,1049.0,-1.0,-1.0,0.8543702165262934,0.0,66225.76100000006,517.0296020507812,-1.0,0.6834564208984375,0.3035060167312622,-1.0,-1.0,0.0,4.0,1.0,0.6696832579185519,0.45820931254125125,1216.0,1049.0,517.029602050781,,,,,,,,,,,,,,,,,,,,
4033,66224.9618,,,,,,Frage 1,,,,,,1.0,1382.0,-1.0,1342.0,-1.0,0.8519613178298444,0.8334476072121102,66242.41599999997,517.111328125,516.9747924804688,0.6825844645500183,0.3059287965297699,0.5145343542098999,0.3187372684478759,0.0,0.0,1.0,0.7522624434389139,0.48505127449587543,1362.0,,517.043060302734,,,,,,,,,,,,,,,,,,,,
4034,66241.6167,,,,,,Frage 1,,,,,,1.0,1396.0,-1.0,1342.0,-1.0,0.8357914384678048,0.8334476072121102,66259.071,517.4954223632812,517.2689819335938,0.6805256009101867,0.3047237992286682,0.5125012993812561,0.3175422251224517,0.0,0.0,1.0,0.7562217194570134,0.48633353215349207,1369.0,,517.382202148438,,,,,,,,,,,,,,,,,,,,
4035,66258.2706,,,,,,Frage 1,,,,,,1.0,1419.0,-1.0,1347.0,-1.0,0.8571086226091994,0.8341653900131772,66275.72600000001,516.0635375976562,515.8812866210938,0.6816562414169312,0.3055410683155059,0.5139697790145874,0.3184774219989776,0.0,0.0,1.0,0.7641402714932125,0.48889990265948136,1383.0,,515.972412109375,,,,,,,,,,,,,,,,,,,,
4036,66274.9251,,,,,,Frage 1,,,,,,1.0,1417.0,-1.0,1347.0,-1.0,0.8570537047114565,0.8054536064794586,66292.38,516.0634155273438,515.8814086914064,0.6816602945327758,0.3055464625358581,0.5139656662940979,0.3184720575809478,0.0,0.0,1.0,0.763574660633484,0.4887136605435093,1382.0,,515.972412109375,,,,,,,,,,,,,,,,,,,,
4037,66291.579,,,,,,Frage 1,,,,,,1.0,1398.0,-1.0,-1.0,-1.0,0.03417528936266834,0.0,66309.03500000003,516.4349365234375,-1.0,0.681794762611389,0.3066150546073913,-1.0,-1.0,0.0,4.0,1.0,0.7726244343891402,0.4915347451008431,1398.0,,516.434936523438,,,,,,,,,,,,,,,,,,,,
4038,66308.2352,,,,,,Frage 1,,,,,,1.0,1404.0,-1.0,-1.0,-1.0,0.8553063170560014,0.0,66325.69000000006,516.2805786132812,-1.0,0.6820127964019775,0.3070592284202575,-1.0,-1.0,0.0,4.0,1.0,0.7760180995475112,0.49266153206513186,1404.0,,516.280578613281,,,,,,,,,,,,,,,,,,,,
4039,66324.8891,,,,,,Frage 1,,,,,,1.0,1420.0,-1.0,-1.0,-1.0,0.8565544510956121,0.0,66342.34400000004,516.3621215820312,-1.0,0.6820613741874694,0.3072467148303985,-1.0,-1.0,0.0,4.0,1.0,0.7850678733031673,0.4955936746296571,1420.0,,516.362121582031,,,,,,,,,,,,,,,,,,,,
4040,66341.5439,,,,,,Frage 1,,,,,,1.0,1428.0,-1.0,-1.0,-1.0,0.8569263950394163,0.0,66358.99900000007,515.6410522460938,-1.0,0.682077646255493,0.3072330057621002,-1.0,-1.0,0.0,4.0,1.0,0.7895927601809953,0.49705973754527644,1428.0,,515.641052246094,,,,,,,,,,,,,,,,,,,,
4041,66358.199,,,,,,Frage 1,,,,,,1.0,1410.0,-1.0,1322.0,-1.0,0.8559303840758068,0.8310826735802364,66375.65399999998,515.8442993164064,515.6551513671875,0.6815317273139953,0.30718994140625,0.5137855410575866,0.3201581835746765,0.0,0.0,1.0,0.7545248868778279,0.4857841857108034,1366.0,,515.749725341797,,,,,,,,,,,,,,,,,,,,
4042,66374.8527,,,,,,Frage 1,,,,,,1.0,1397.0,-1.0,1325.0,-1.0,0.8557331788975482,0.8339216652560986,66392.30799999996,515.829345703125,515.6235961914064,0.6811539530754089,0.3072650134563446,0.5133986473083496,0.3202209174633026,0.0,0.0,1.0,0.7516968325791854,0.48486819261071057,1361.0,,515.726470947266,,,,,,,,,,,,,,,,,,,,
4043,66391.5086,,,,,,Frage 1,,,,,,1.0,1408.0,-1.0,1330.0,-1.0,0.8559029251269352,0.8362517810655326,66408.96299999999,515.90185546875,515.6724243164064,0.680723488330841,0.3068121075630188,0.5129854679107666,0.3199591040611267,0.0,0.0,1.0,0.7562217194570134,0.4863344909818354,1369.0,,515.787139892578,,,,,,,,,,,,,,,,,,,,
4044,66408.1633,,,,,,Frage 1,,,,,,1.0,1403.0,-1.0,1328.0,-1.0,0.8365450585555729,0.834634091469098,66425.61800000002,515.744140625,515.4922485351562,0.6802595257759094,0.3061471879482269,0.5125067234039306,0.3192701637744903,0.0,0.0,1.0,0.3520433785734255,0.35538103919158687,1365.5,,515.618194580078,,,,,,,,,,,,,,,,,,,,
4045,66424.8164,,,,,,Frage 1,,,,,,1.0,1412.0,-1.0,1315.0,-1.0,0.851709194753843,0.8012658233813805,66442.272,515.2147216796875,514.9451293945312,0.6801039576530457,0.3060244023799896,0.5123693346977233,0.3194153904914856,0.0,0.0,1.0,0.7531108597285067,0.4853228060078346,1363.5,,515.079925537109,,,,,,,,,,,,,,,,,,,,
4046,66441.4725,,,,,,Frage 1,,,,,,1.0,1422.0,-1.0,1321.0,-1.0,0.8566942421080486,0.8410593188562614,66458.92700000003,515.6019287109375,515.3257446289064,0.6798519492149353,0.305976390838623,0.5121317505836486,0.3193179070949554,0.0,0.0,1.0,0.7576357466063347,0.4867931576855641,1371.5,,515.463836669922,,,,,,,,,,,,,,,,,,,,
4047,66458.1268,,,,,,Frage 1,,,,,,1.0,1432.0,-1.0,1346.0,-1.0,0.8582668909979582,0.8419699388277643,66475.58200000005,516.210205078125,515.9055786132812,0.6792033910751342,0.3050371408462524,0.511628746986389,0.3186154961585998,0.0,0.0,1.0,0.7675339366515836,0.4900002901407738,1389.0,,516.057891845703,,,,,,,,,,,,,,,,,,,,
4048,66474.7812,,,,,,Frage 1,,,,,,1.0,1471.0,-1.0,1392.0,-1.0,0.859178028846874,0.8438447446514469,66492.23600000003,515.2515869140625,514.9194946289064,0.678769826889038,0.3042357861995697,0.5112738609313964,0.3178700804710388,0.0,0.0,1.0,0.7915723981900451,0.4977889088901087,1431.5,,515.085540771484,,,,,,,,,,,,,,,,,,,,
4049,66491.4359,,,,,,Frage 1,,,,,,1.0,1534.0,-1.0,1459.0,-1.0,0.8603662524525835,0.8444661088672959,66508.89100000006,513.4819946289064,513.134033203125,0.678731620311737,0.3036784827709198,0.5113140344619751,0.317372053861618,0.0,0.0,1.0,0.8283371040723981,0.5097006738020475,1496.5,,513.308013916016,,,,,,,,,,,,,,,,,,,,
4050,66508.09,,,,,,Frage 1,,,,,,1.0,1537.0,-1.0,1468.0,-1.0,0.8569214025032579,0.79963401613793,66525.54599999997,514.1881713867188,513.8363647460938,0.678524374961853,0.3036310076713562,0.5112195014953613,0.3174193501472473,0.0,0.0,1.0,0.8317307692307692,0.5107954380839681,1502.5,,514.012268066406,,,,,,,,,,,,,,,,,,,,
4051,66524.7458,,,,,,Frage 1,,,,,,1.0,1530.0,-1.0,1465.0,-1.0,0.8553287834687145,0.8408048809230474,66542.201,514.5623779296875,514.2102661132812,0.6784591674804688,0.3036868274211883,0.5112256407737731,0.3175492286682128,0.0,0.0,1.0,0.8289027149321266,0.5098833824506053,1497.5,,514.386322021484,,,,,,,,,,,,,,,,,,,,
4052,66541.3996,,,,,,Frage 1,,,,,,1.0,1525.0,-1.0,1454.0,-1.0,0.8574556038722111,0.8412253730863589,66558.85499999998,515.0570678710938,514.7042236328125,0.6783379316329956,0.3038246631622314,0.5111585259437561,0.3177093267440795,0.0,0.0,1.0,0.8243778280542984,0.508417446156987,1489.5,,514.880645751953,,,,,,,,,,,,,,,,,,,,
4053,66558.0551,,,,,,Frage 1,,,,,,1.0,1529.0,-1.0,1450.0,-1.0,0.8574256486552606,0.8410566405622276,66575.51000000001,514.9186401367188,514.573974609375,0.6785303950309753,0.3040442764759063,0.511367917060852,0.3179268836975097,0.0,0.0,1.0,0.35122870643910914,0.35511844812331567,1489.5,,514.746307373047,,,,,,,,,,,,,,,,,,,,
4054,66574.7107,,,,,,Frage 1,,,,,,1.0,1532.0,-1.0,1462.0,-1.0,0.8587736334180401,0.8387988386917069,66592.16500000004,515.3473510742188,515.01220703125,0.678629159927368,0.3044088780879974,0.5114848017692565,0.3182564973831176,0.0,0.0,1.0,0.8286199095022623,0.5097916601214071,1497.0,,515.179779052734,,,,,,,,,,,,,,,,,,,,
4055,66591.3629,,,,,,Frage 1,,,,,,1.0,1525.0,-1.0,1466.0,-1.0,0.8586912565714258,0.8356116687914465,66608.81900000002,516.0650634765625,515.7365112304688,0.678588330745697,0.3047909438610076,0.5114639401435852,0.3185646533966064,0.0,0.0,1.0,0.8277714932126696,0.5095164416676464,1495.5,,515.900787353516,,,,,,,,,,,,,,,,,,,,
4056,66608.0197,,,,,,Frage 1,,,,,,1.0,1532.0,-1.0,1453.0,-1.0,0.8578899545179957,0.801023926724865,66625.47400000005,516.6285400390625,516.307373046875,0.6785992383956909,0.3050938248634338,0.5114699602127075,0.3187808394432067,0.0,0.0,1.0,0.826074660633484,0.5089630514604866,1492.5,,516.467956542969,,,,,,,,,,,,,,,,,,,,
4057,66624.6728,,,,,,Frage 1,,,,,,1.0,1541.0,-1.0,1456.0,-1.0,0.8385433367427462,0.8362357113013297,66642.12900000007,516.6268310546875,516.320068359375,0.6788729429244995,0.3052233159542083,0.5117254257202148,0.3188129961490631,0.0,0.0,1.0,0.8294683257918551,0.5100656068843645,1498.5,,516.473449707031,,,,,,,,,,,,,,,,,,,,
4058,66641.328,,,,,,Frage 1,,,,,,1.0,1536.0,-1.0,1466.0,-1.0,0.85800478284964,0.8353384827999958,66658.78300000005,515.7857666015625,515.48486328125,0.679080843925476,0.3055956065654754,0.5118923187255859,0.319054752588272,0.0,0.0,1.0,0.8308823529411763,0.510524300264143,1501.0,,515.635314941406,,,,,,,,,,,,,,,,,,,,
4059,66657.984,,,,,,Frage 1,,,,,,1.0,1535.0,-1.0,1460.0,-1.0,0.856327290700403,0.8333806498612644,66675.43799999997,516.2442626953125,515.9325561523438,0.6786834597587585,0.3060625493526458,0.5114878416061401,0.3194190263748168,0.0,0.0,1.0,0.8289027149321266,0.5098826439967976,1497.5,,516.088409423828,,,,,,,,,,,,,,,,,,,,
4060,66674.637,,,,,,Frage 1,,,,,,1.0,1535.0,-1.0,1456.0,-1.0,0.8570012830817929,0.8360348392487922,66692.093,516.4879760742188,516.170166015625,0.6784429550170898,0.3064049184322357,0.5112271904945374,0.3196610808372497,0.0,0.0,1.0,0.8277714932126696,0.5095164295657458,1495.5,,516.329071044922,,,,,,,,,,,,,,,,,,,,
4061,66691.2924,,,,,,Frage 1,,,,,,1.0,1493.0,-1.0,1428.0,-1.0,0.8565594436317706,0.8338306032589484,66708.74699999997,515.400390625,515.0955810546875,0.6789122223854064,0.3068393766880035,0.5116159319877625,0.3200291693210601,0.0,0.0,1.0,0.8079751131221719,0.503102214564742,1460.5,,515.247985839844,,,,,,,,,,,,,,,,,,,,
4062,66707.9461,,,,,,Frage 1,,,,,,1.0,1308.0,-1.0,1404.0,-1.0,0.852607851262363,0.8024713943935666,66725.402,518.8248291015625,518.4850463867188,0.6782771944999694,0.3085350394248962,0.5105633735656738,0.3227588534355163,0.0,0.0,1.0,0.7488687782805429,0.4839485387107406,1356.0,,518.654937744141,,,,,,,,,,,,,,,,,,,,
4063,66724.6017,,,,,,Frage 1,,,,,,1.0,832.0,-1.0,664.0,-1.0,0.8406457346267331,0.8198728854082593,66742.05700000003,518.992919921875,518.705810546875,0.6803258657455444,0.3092035353183746,0.5117875933647155,0.3243362605571746,0.0,0.0,1.0,0.4049773755656108,0.3725301067322994,748.0,,518.849365234375,,,,,,,,,,,,,,,,,,,,
4064,66741.256,,,,,,Frage 1,,,,,,1.0,714.0,-1.0,664.0,-1.0,0.8358004782849641,0.8306514682407894,66758.71100000001,515.6264038085938,515.5001220703125,0.6842448115348815,0.3075113892555236,0.5160871744155883,0.322333812713623,0.0,0.0,1.0,0.3716063348416289,0.36171894317131226,689.0,,515.563262939453,,,,,,,,,,,,,,,,,,,,
4065,66757.0664,,,,,,Frage 1,1.0,1.19907665252686,29.3941098913018,0.57551771402359,203.33984375,,,,,,0.6585048574425887,0.6495113533451946,,,,,,,,,,,0.37959439571535225,0.3642823432120883,,,,,,,,,,,,,,,,,,,,,,,
4066,66757.9106,,,,,,Frage 1,,,,,,1.0,599.0,-1.0,499.0,-1.0,0.8299367445668726,0.8271777208789091,66775.36600000004,518.4361572265625,518.2809448242188,0.6826030015945433,0.3077493906021118,0.5149177312850952,0.3221259713172912,0.0,0.0,1.0,0.29242081447963797,0.33606250254033776,549.0,,518.358551025391,,,,,,,,,,,,,,,,,,,,
4067,66774.5661,,,,,,Frage 1,,,,,,1.0,599.0,-1.0,494.0,-1.0,0.8350540941292769,0.8272553914058901,66792.02100000007,518.3128662109375,518.151611328125,0.6823058128356932,0.3076247572898864,0.5147924423217773,0.3218165338039398,0.0,0.0,1.0,0.2910067873303167,0.3356045396265418,546.5,,518.232238769531,,,,,,,,,,,,,,,,,,,,
4068,66791.22,,,,,,Frage 1,,,,,,1.0,608.0,-1.0,503.0,-1.0,0.8395798281569055,0.8286909570080242,66808.67599999998,517.6400756835938,517.4783325195312,0.682335376739502,0.3073800802230835,0.5149340629577636,0.3215093910694122,0.0,0.0,1.0,0.29609728506787325,0.3372541459024219,555.5,,517.559204101563,,,,,,,,,,,,,,,,,,,,
4069,66807.8752,,,,,,Frage 1,,,,,,1.0,616.0,-1.0,515.0,-1.0,0.837118507830793,0.8293524956343807,66825.33000000007,517.4526977539064,517.2896118164064,0.6822964549064636,0.3070124387741088,0.51497083902359,0.3211082518100738,0.0,0.0,1.0,0.3017533936651583,0.33908669619274046,565.5,,517.371154785156,,,,,,,,,,,,,,,,,,,,
4070,66824.5308,,,,,,Frage 1,,,,,,1.0,622.0,-1.0,507.0,-1.0,0.8340555868975882,0.8291784065221817,66841.98499999999,517.2420654296875,517.0770263671875,0.6822946071624755,0.3066183924674987,0.5149780511856079,0.3207045793533325,0.0,0.0,1.0,0.3011877828054298,0.3389033201360394,564.5,,517.159545898438,,,,,,,,,,,,,,,,,,,,
4071,66841.1845,,,,,,Frage 1,,,,,,1.0,621.0,-1.0,500.0,-1.0,0.8321933709104888,0.8289694995875427,66858.64000000001,517.347900390625,517.1825561523438,0.6822701692581176,0.3062489330768585,0.5149447917938232,0.3203064203262329,0.0,0.0,1.0,0.2989253393665158,0.33817021134109765,560.5,,517.265228271484,,,,,,,,,,,,,,,,,,,,
4072,66857.8397,,,,,,Frage 1,,,,,,1.0,620.0,-1.0,498.0,-1.0,0.8348119561255923,0.8300488520831772,66875.294,517.1987915039064,517.0403442382812,0.6824283599853515,0.3062564432621002,0.5150532126426696,0.3202352225780487,0.0,0.0,1.0,0.298076923076923,0.337895525931286,559.0,,517.119567871094,,,,,,,,,,,,,,,,,,,,
4073,66874.4928,,,,,,Frage 1,,,,,,1.0,621.0,-1.0,496.0,-1.0,0.8338234339662205,0.8223661064102721,66891.94900000002,517.1123657226562,516.9614868164064,0.6826111674308776,0.3062803447246551,0.515221357345581,0.320241630077362,0.0,0.0,1.0,0.29779411764705876,0.3378030665105615,558.5,,517.036926269531,,,,,,,,,,,,,,,,,,,,
4074,66891.1492,,,,,,Frage 1,,,,,,1.0,625.0,-1.0,512.0,-1.0,0.8343501465309363,0.8321486346057017,66908.60400000005,517.2008666992188,517.0433349609375,0.6824786067008972,0.3063146770000457,0.5150036215782166,0.3202654719352722,0.0,0.0,1.0,0.3034502262443438,0.33963666388858615,568.5,,517.122100830078,,,,,,,,,,,,,,,,,,,,
4075,66907.8031,,,,,,Frage 1,,,,,,1.0,614.0,-1.0,509.0,-1.0,0.8290231104498775,0.833755611026001,66925.25800000003,516.9061889648438,516.744873046875,0.682505190372467,0.3064244389533996,0.5149341821670532,0.320406436920166,0.0,0.0,1.0,0.2994909502262443,0.33835385987163774,561.5,,516.825531005859,,,,,,,,,,,,,,,,,,,,
4076,66924.4575,,,,,,Frage 1,,,,,,1.0,604.0,-1.0,497.0,-1.0,0.8312747442573354,0.8352742037431837,66941.91300000006,516.9470825195312,516.77734375,0.6823675632476806,0.306514024734497,0.5147168040275573,0.3205386102199554,0.0,0.0,1.0,0.2932692307692307,0.3363382728790597,550.5,,516.862213134766,,,,,,,,,,,,,,,,,,,,
4077,66941.1132,,,,,,Frage 1,,,,,,1.0,604.0,-1.0,498.0,-1.0,0.8367914967124152,0.8337100800274257,66958.56799999997,516.7946166992188,516.6176147460938,0.6822647452354431,0.3066826164722442,0.5145490765571594,0.3207237720489502,0.0,0.0,1.0,0.293552036199095,0.33642992155495766,551.0,,516.706115722656,,,,,,,,,,,,,,,,,,,,
4078,66957.7662,,,,,,Frage 1,,,,,,1.0,615.0,-1.0,507.0,-1.0,0.8381694366921453,0.8350090526338344,66975.22200000007,516.6944580078125,516.5101928710938,0.6821630597114563,0.3067680895328521,0.5143682956695556,0.3208280503749847,0.0,0.0,1.0,0.29920814479638,0.3382626654977446,561.0,,516.602325439453,,,,,,,,,,,,,,,,,,,,
4079,66974.4223,,,,,,Frage 1,,,,,,1.0,616.0,-1.0,503.0,-1.0,0.8304834272762222,0.8406066871645438,66991.87699999998,516.1167602539064,515.9205932617188,0.6820490956306458,0.3068630099296569,0.5141471028327941,0.3209325671195983,0.0,0.0,1.0,0.29835972850678727,0.33798810771062177,559.5,,516.018676757813,,,,,,,,,,,,,,,,,,,,
4080,66991.0769,,,,,,Frage 1,,,,,,1.0,669.0,-1.0,575.0,-1.0,0.8344874412752935,0.8444553956911606,67008.532,517.8582763671875,517.6235961914064,0.6808766722679138,0.3067826032638549,0.5129739046096801,0.3208484649658203,0.0,0.0,1.0,0.33371040723981893,0.3494421606728799,622.0,,517.740936279297,,,,,,,,,,,,,,,,,,,,
4081,67007.7306,,,,,,Frage 1,,,,,,1.0,728.0,-1.0,638.0,-1.0,0.8537261793618542,0.8500717782801069,67025.18599999999,518.4066162109375,518.1386108398438,0.6800053119659423,0.3065702319145202,0.5121015906333923,0.3205785453319549,0.0,0.0,1.0,0.36821266968325783,0.3606220184250584,683.0,,518.272613525391,,,,,,,,,,,,,,,,,,,,
4082,67024.3864,,,,,,Frage 1,,,,,,1.0,758.0,-1.0,678.0,-1.0,0.8613198268588462,0.8519144445753836,67041.84100000001,516.9215698242188,516.6547241210938,0.6803042888641357,0.3067908883094787,0.5123574137687683,0.3208031356334686,0.0,0.0,1.0,0.38800904977375555,0.3670364331796963,718.0,,516.788146972656,,,,,,,,,,,,,,,,,,,,
4083,67041.0418,,,,,,Frage 1,,,,,,1.0,751.0,-1.0,669.0,-1.0,0.8582219581725321,0.8485612204450255,67058.49600000004,516.5352783203125,516.2554321289064,0.6801245808601379,0.3071592450141906,0.512130618095398,0.3212337493896484,0.0,0.0,1.0,0.3834841628959275,0.36556993130944543,710.0,,516.395355224609,,,,,,,,,,,,,,,,,,,,
4084,67057.6957,,,,,,Frage 1,,,,,,1.0,752.0,-1.0,665.0,-1.0,0.8569164099670993,0.8480496662845634,67075.15100000007,515.9221801757812,515.6359252929688,0.6801525950431823,0.3072454631328582,0.5120818614959716,0.3213770389556884,0.0,0.0,1.0,0.38263574660633476,0.3652949503377083,708.5,,515.779052734375,,,,,,,,,,,,,,,,,,,,
4085,67074.3499,,,,,,Frage 1,,,,,,1.0,749.0,-1.0,676.0,-1.0,0.8555359737192897,0.8503181813312194,67091.80500000005,515.58837890625,515.2949829101562,0.6801000237464904,0.307180643081665,0.5119906067848204,0.3213612735271453,0.0,0.0,1.0,0.3848981900452488,0.36602816557795415,712.5,,515.441680908203,,,,,,,,,,,,,,,,,,,,
4086,67091.004,,,,,,Frage 1,,,,,,1.0,746.0,-1.0,671.0,-1.0,0.8523482393821238,0.8493432823029047,67108.45999999996,515.4468994140625,515.1444091796875,0.6799535155296325,0.3071223199367523,0.5118175148963928,0.3213371634483337,0.0,0.0,1.0,0.38263574660633476,0.36529493318761425,708.5,,515.295654296875,,,,,,,,,,,,,,,,,,,,
4087,67107.6605,,,,,,Frage 1,,,,,,1.0,851.0,-1.0,769.0,-1.0,0.8622509348523957,0.847738984176639,67125.11499999999,511.22573852539057,510.8788146972656,0.6798009872436523,0.3067416250705719,0.5114664435386657,0.3209685683250427,0.0,0.0,1.0,0.3502188380002717,0.3547921082121701,810.0,,511.052276611328,,,,,,,,,,,,,,,,,,,,
4088,67124.3142,,,,,,Frage 1,,,,,,1.0,1017.0,-1.0,962.0,-1.0,0.8788036884857139,0.856705912601909,67141.76899999997,511.4208679199218,511.0026550292969,0.6779647469520568,0.3130922615528106,0.5096046924591064,0.3274016976356506,0.0,0.0,1.0,0.5415723981900451,0.4167916026600777,989.5,,511.211761474609,,,,,,,,,,,,,,,,,,,,
4089,67140.9679,,,,,,Frage 1,,,,,,1.0,-1.0,-1.0,-1.0,-1.0,0.0,0.018097082863962055,67158.424,-1.0,-1.0,-1.0,-1.0,-1.0,-1.0,4.0,4.0,1.0,0.47307184518740275,0.394481298666511,1278.25,,511.210327148438,,,,,,,,,,,,,,,,,,,,
4090,67157.6244,,,,,,Frage 1,,,,,,1.0,1606.0,-1.0,1528.0,-1.0,0.8788236586303476,0.8549944827142902,67175.07900000003,511.47219848632807,510.9455871582031,0.6759029626846313,0.3163346350193023,0.506247341632843,0.3303855657577514,0.0,0.0,1.0,0.8682126696832577,0.5226219511768269,1567.0,,511.208892822266,,,,,,,,,,,,,,,,,,,,
4091,67174.2777,,,,,,Frage 1,,,,,,1.0,1620.0,-1.0,1542.0,-1.0,0.8781346886404826,0.8160164539055059,67191.73300000001,511.72357177734375,511.118408203125,0.6741119027137756,0.3069108128547668,0.5049530863761901,0.320845752954483,0.0,0.0,1.0,0.8761312217194569,0.5251834658886563,1581.0,,511.420989990234,,,,,,,,,,,,,,,,,,,,
4092,67190.9334,,,,,,Frage 1,,,,,,1.0,1617.0,-1.0,1537.0,-1.0,0.8568619903719918,0.8557604748079664,67208.38800000004,512.2546997070312,511.6238403320313,0.6732398867607116,0.3068520426750183,0.5044741034507751,0.3207933604717254,0.0,0.0,1.0,0.3488992485499327,0.3543652197865047,1577.0,,511.939270019531,,,,,,,,,,,,,,,,,,,,
4093,67207.5881,,,,,,Frage 1,,,,,,1.0,1609.0,-1.0,1525.0,-1.0,0.8805985052346742,0.8574960093418896,67225.04300000006,512.9373168945312,512.2810668945312,0.6724082827568054,0.3069535195827484,0.5039195418357849,0.3209027051925659,0.0,0.0,1.0,0.8682126696832577,0.5226222700545358,1567.0,,512.609191894531,,,,,,,,,,,,,,,,,,,,
4094,67224.2416,,,,,,Frage 1,,,,,,1.0,1603.0,-1.0,1538.0,-1.0,0.8834916799384919,0.8596386445689554,67241.69700000004,512.5414428710938,511.8763427734375,0.6721758842468261,0.3070689737796783,0.5038526058197021,0.3210179805755615,0.0,0.0,1.0,0.8701923076923076,0.5232639858702335,1570.5,,512.208892822266,,,,,,,,,,,,,,,,,,,,
4095,67240.8971,,,,,,Frage 1,,,,,,1.0,1591.0,-1.0,1555.0,-1.0,0.8834617247215413,0.8605599777165936,67258.35200000007,513.0472412109375,512.3702392578125,0.6717233657836914,0.3070756793022155,0.503561794757843,0.3209981322288513,0.0,0.0,1.0,0.8716063348416289,0.523722221432912,1573.0,,512.708740234375,,,,,,,,,,,,,,,,,,,,
4096,67257.5513,,,,,,Frage 1,,,,,,1.0,1587.0,-1.0,1544.0,-1.0,0.8848746124543807,0.8623678261894304,67275.00699999998,512.668212890625,511.991455078125,0.6717371344566345,0.3070253729820251,0.5036333799362182,0.3209111094474792,0.0,0.0,1.0,0.867364253393665,0.5223480337942363,1565.5,,512.329833984375,,,,,,,,,,,,,,,,,,,,
4097,67274.2068,,,,,,Frage 1,,,,,,1.0,1595.0,-1.0,1548.0,-1.0,0.8869465149601345,0.8616768263287017,67291.66099999996,513.445068359375,512.7693481445312,0.6715670824050903,0.3070167899131774,0.5035330057144165,0.3208478093147277,0.0,0.0,1.0,0.870757918552036,0.523447568664819,1571.5,,513.107208251953,,,,,,,,,,,,,,,,,,,,
4098,67290.8608,,,,,,Frage 1,,,,,,1.0,1547.0,-1.0,1513.0,-1.0,0.8917343571360817,0.865501430209014,67308.31599999999,511.9037170410156,511.2581481933594,0.6725058555603027,0.3070389628410339,0.5044758319854736,0.3208842873573303,0.0,0.0,1.0,0.847285067873303,0.5158429876873246,1530.0,,511.580932617188,,,,,,,,,,,,,,,,,,,,
4099,67307.5155,,,,,,Frage 1,,,,,,1.0,1507.0,-1.0,1462.0,-1.0,0.8914897228643178,0.8676387088480122,67324.97100000002,511.2859191894531,510.6644592285156,0.673180878162384,0.3071299195289611,0.5051629543304443,0.3210361301898956,0.0,0.0,1.0,0.8215497737556561,0.5075050390607975,1484.5,,510.975189208984,,,,,,,,,,,,,,,,,,,,
4100,67324.1715,,,,,,Frage 1,,,,,,1.0,1481.0,-1.0,1408.0,-1.0,0.8882121228762999,0.8669798485156893,67341.62600000005,512.0328979492188,511.4143371582031,0.673121154308319,0.3070135414600372,0.5051429271697998,0.3209403753280639,0.0,0.0,1.0,0.7989253393665157,0.5001746089563359,1444.5,,511.723617553711,,,,,,,,,,,,,,,,,,,,
4101,67340.824,,,,,,Frage 1,,,,,,1.0,1476.0,-1.0,1408.0,-1.0,0.8879225557791103,0.8318554593309222,67358.28000000003,512.3851318359375,511.776123046875,0.6732961535453796,0.3068927526473999,0.5053205490112304,0.3208425641059875,0.0,0.0,1.0,0.7975113122171944,0.4997128081188559,1442.0,,512.080627441406,,,,,,,,,,,,,,,,,,,,
4102,67357.4805,,,,,,Frage 1,,,,,,1.0,1473.0,-1.0,1418.0,-1.0,0.8898596598085862,0.8695992200807773,67374.93500000006,512.6748657226562,512.0747680664064,0.6734586358070374,0.3067512810230255,0.5055157542228698,0.320735365152359,0.0,0.0,1.0,0.7994909502262442,0.5003581921783427,1445.5,,512.374816894531,,,,,,,,,,,,,,,,,,,,
4103,67374.135,,,,,,Frage 1,,,,,,1.0,1475.0,-1.0,1414.0,-1.0,0.8902940104543707,0.8708258787482724,67391.58999999997,512.7410888671875,512.1504516601562,0.6736642718315125,0.3065621852874755,0.5057378411293029,0.3205500245094299,0.0,0.0,1.0,0.7989253393665157,0.5001750777553375,1444.5,,512.445770263672,,,,,,,,,,,,,,,,,,,,
4104,67390.788,,,,,,Frage 1,,,,,,1.0,1468.0,-1.0,1420.0,-1.0,0.8730380549809585,0.8721302079427489,67408.24400000006,512.98681640625,512.402587890625,0.6737417578697203,0.3065058290958404,0.5058504939079284,0.3204730749130249,0.0,0.0,1.0,0.7986425339366514,0.5000830125167751,1444.0,,512.694702148438,,,,,,,,,,,,,,,,,,,,
4105,67407.4439,,,,,,Frage 1,,,,,,1.0,1462.0,-1.0,1418.0,-1.0,0.8909879729803943,0.8714659910223584,67424.89899999998,513.0810546875,512.5043334960938,0.6738816499710083,0.3065066635608673,0.5060036182403564,0.320460557937622,0.0,0.0,1.0,0.7963800904977374,0.49935051386303864,1440.0,,512.792694091797,,,,,,,,,,,,,,,,,,,,
4106,67424.0981,,,,,,Frage 1,,,,,,1.0,1471.0,-1.0,1414.0,-1.0,0.891424819894258,0.8718757700095348,67441.554,513.2371826171875,512.666748046875,0.673986792564392,0.3065174221992492,0.506104290485382,0.3204461336135864,0.0,0.0,1.0,0.7977941176470587,0.49980871175138825,1442.5,,512.951965332031,,,,,,,,,,,,,,,,,,,,
4107,67440.7536,,,,,,Frage 1,,,,,,1.0,1474.0,-1.0,1409.0,-1.0,0.8918816369527557,0.871998971535091,67458.20799999998,513.2587890625,512.694580078125,0.6741148233413696,0.3065003752708435,0.5062111020088195,0.3203932642936706,0.0,0.0,1.0,0.7972285067873301,0.49962548339330515,1441.5,,512.976684570313,,,,,,,,,,,,,,,,,,,,
4108,67457.4086,,,,,,Frage 1,,,,,,1.0,1473.0,-1.0,1409.0,-1.0,0.8918816369527557,0.8720632505919029,67474.86300000001,513.2222290039064,512.6642456054688,0.6742539405822753,0.3065299689769744,0.506338357925415,0.3203993439674377,0.0,0.0,1.0,0.7969457013574659,0.4995338619129328,1441.0,,512.943237304688,,,,,,,,,,,,,,,,,,,,
4109,67474.062,,,,,,Frage 1,,,,,,1.0,1467.0,-1.0,1413.0,-1.0,0.8921861816584207,0.8734854247238678,67491.51800000004,513.1845092773438,512.6336669921875,0.674389660358429,0.3067127764225006,0.5064631104469299,0.3205269873142242,0.0,0.0,1.0,0.34643681180668134,0.35357041158599584,1440.0,,512.909088134766,,,,,,,,,,,,,,,,,,,,
4110,67490.717,,,,,,Frage 1,,,,,,1.0,1466.0,-1.0,1417.0,-1.0,0.8918941182931519,0.8721034250024104,67508.17200000002,513.2106323242188,512.66552734375,0.674479603767395,0.3068259358406066,0.5065382719039917,0.3205720484256744,0.0,0.0,1.0,0.7972285067873301,0.49962549466318534,1441.5,,512.938079833984,,,,,,,,,,,,,,,,,,,,
4111,67507.3713,,,,,,Frage 1,,,,,,1.0,1462.0,-1.0,1416.0,-1.0,0.892595569623413,0.8707080338107838,67524.82700000005,513.10107421875,512.5610961914064,0.6745849251747131,0.3069411516189575,0.5066301822662354,0.3206314146518707,0.0,0.0,1.0,0.7958144796380089,0.4991672321158123,1439.0,,512.831085205078,,,,,,,,,,,,,,,,,,,,
4112,67524.0261,,,,,,Frage 1,,,,,,1.0,1472.0,-1.0,1426.0,-1.0,0.8919265697781816,0.8715383049612718,67541.48199999996,512.9263305664064,512.3926391601562,0.6747334003448486,0.307085633277893,0.5067566633224487,0.3207254409790039,0.0,0.0,1.0,0.8014705882352939,0.5009998594199672,1449.0,,512.659484863281,,,,,,,,,,,,,,,,,,,,
4113,67540.6811,,,,,,Frage 1,,,,,,1.0,1405.0,-1.0,1387.0,-1.0,0.8943429572788681,0.840110240643379,67558.13600000006,516.0933227539064,515.5883178710938,0.6748140454292297,0.3060266077518463,0.5069280862808228,0.3196002840995788,0.0,0.0,1.0,0.7714932126696832,0.49128408829187087,1396.0,,515.8408203125,,,,,,,,,,,,,,,,,,,,
4114,67557.3357,,,,,,Frage 1,,,,,,1.0,1271.0,-1.0,1105.0,1044.0,0.9006011013534767,0.8883446000235691,67574.79099999997,514.1895141601562,513.8197021484375,0.6784816980361938,0.3038982450962066,0.510390818119049,0.3176603615283966,0.0,0.0,1.0,0.612159941050697,0.9700654817586529,1188.0,1044.0,514.004608154297,,,,,,,,,,,,,,,,,,,,
4115,67573.9913,,,,,,Frage 1,,,,,,1.0,735.0,599.0,994.0,904.0,0.8945601326017604,0.8866492399001531,67591.446,514.15234375,513.77490234375,0.6789586544036865,0.3023723065853118,0.510174572467804,0.3165411651134491,0.0,0.0,1.0,0.4708710407239818,0.69644527595884,864.5,751.5,513.963623046875,825.921980115054,,,,,,,,,,144.0,144.0,67565.6635,67632.6073,66.9438000000082,16.5614353546111,825.921980115054,,-22963.6028506021,232.605779574382
4116,67590.6452,,,,,,Frage 1,,,,,,1.0,647.0,499.0,583.0,424.0,0.8759309659025217,0.8776314238882402,67608.10100000001,515.1732177734375,514.7765502929688,0.6789785027503967,0.3013681173324585,0.5097798705101013,0.3161828219890594,0.0,0.0,1.0,0.37682344761716124,0.4251637043966323,615.0,461.5,514.974884033203,443.488434601302,-22963.6028506021,,,,,,,,,144.0,144.0,67565.6635,67632.6073,66.9438000000082,16.5614353546111,825.921980115054,,-22963.6028506021,232.605779574382
4117,67607.3006,,,,,,Frage 1,,,,,,1.0,587.0,414.0,583.0,424.0,0.8911477341374645,0.8769078551641803,67624.755,514.2483520507812,513.9351196289064,0.6811597943305969,0.3010777831077575,0.5122555494308471,0.3163652420043945,0.0,0.0,1.0,0.3127828054298642,0.38540692235734325,585.0,419.0,514.091735839844,99.530449584223,-20651.4394741052,,,,,,,,,144.0,144.0,67565.6635,67632.6073,66.9438000000082,16.5614353546111,825.921980115054,,-22963.6028506021,232.605779574382
4118,67624.6052,,,,,,Frage 1,,,,,,1.0,586.0,371.0,559.0,368.0,0.8921961667307375,0.8794071328326708,67641.41000000003,514.1129150390625,513.7854614257812,0.6809816360473632,0.3007091879844665,0.5119872689247131,0.3160987496376037,0.0,0.0,1.0,0.3057126696832579,0.33910196445275953,572.5,369.5,513.949188232422,42.3643642463022,-3303.51960391517,,,,,,,,,144.0,144.0,67565.6635,67632.6073,66.9438000000082,16.5614353546111,825.921980115054,,-22963.6028506021,232.605779574382
4119,67640.6094,,,,,,Frage 1,,,,,,1.0,603.0,378.0,565.0,376.0,0.8908257155552449,0.8818524152855598,67658.06500000006,514.0775756835938,513.7747192382812,0.6815412640571594,0.299988180398941,0.5123434662818908,0.3151603639125824,0.0,0.0,1.0,0.34204878693132507,0.34611786716557524,584.0,377.0,513.926147460938,25.3244785475775,-1064.71336891123,112.0,111.0,590.888888888889,391.277777777778,67632.6073,67782.1752,149.567899999995,0.244733690655999,,,,,,,,,,
4120,67657.2647,,,,,,Frage 1,,,,,,1.0,614.0,397.0,564.0,380.0,0.8877752759624362,0.8792250088383702,67674.71900000004,514.4803466796875,514.2554321289064,0.682755708694458,0.2992116212844848,0.5139428377151489,0.3138577938079834,0.0,0.0,1.0,0.3150452488687782,0.35687558465855934,589.0,388.5,514.367889404297,18.1474755769344,-430.914061628654,112.0,111.0,590.888888888889,391.277777777778,67632.6073,67782.1752,149.567899999995,0.244733690655999,,,,,,,,,,
4121,67673.9186,,,,,,Frage 1,,,,,,1.0,614.0,394.0,575.0,390.0,0.8872685335423541,0.8819782951051498,67691.37400000007,514.7590942382812,514.5668334960938,0.6831307411193847,0.2991022765636444,0.5145160555839537,0.313381940126419,0.0,0.0,1.0,0.318156108597285,0.36014967259120667,594.5,392.0,514.662963867188,7.04264627692437,-666.800527204251,112.0,111.0,590.888888888889,391.277777777778,67632.6073,67782.1752,149.567899999995,0.244733690655999,,,,,,,,,,
4122,67690.5742,,,,,,Frage 1,,,,,,1.0,616.0,393.0,575.0,390.0,0.8865221493866671,0.8812926518324887,67708.02899999998,514.9583129882812,514.7921752929688,0.6835034489631652,0.2989180386066436,0.5149938464164733,0.3129675388336181,0.0,0.0,1.0,0.3187217194570135,0.3445914233497981,595.5,391.5,514.875244140625,1.10057417699895,-356.761215442617,112.0,111.0,590.888888888889,391.277777777778,67632.6073,67782.1752,149.567899999995,0.244733690655999,,,,,,,,,,
4123,67707.2288,,,,,,Frage 1,,,,,,1.0,629.0,396.0,562.0,389.0,0.8870363806109868,0.8791901910159304,67724.68299999996,515.1507568359375,515.0123901367188,0.6839659214019775,0.2986429333686828,0.5154958367347717,0.3124944865703582,0.0,0.0,1.0,0.3187217194570135,0.3606173994387277,595.5,392.5,515.081573486328,5.05424635980585,237.392202923411,112.0,111.0,590.888888888889,391.277777777778,67632.6073,67782.1752,149.567899999995,0.244733690655999,,,,,,,,,,
4124,67723.8821,,,,,,Frage 1,,,,,,1.0,627.0,397.0,565.0,396.0,0.8861527017109422,0.8779876369947398,67741.33799999999,515.2498168945312,515.1367797851562,0.6844292879104614,0.2984472513198852,0.5159898996353149,0.3121632039546966,0.0,0.0,1.0,0.31900452488687775,0.3643592142188961,596.0,396.5,515.193298339844,6.52841470884156,88.5210948601917,112.0,111.0,590.888888888889,391.277777777778,67632.6073,67782.1752,149.567899999995,0.244733690655999,,,,,,,,,,
4125,67740.5439,,,,,,Frage 1,,,,,,1.0,617.0,400.0,563.0,392.0,0.8842979745280805,0.8765868892150456,67757.99300000002,515.4739379882812,515.3875732421875,0.6849346160888671,0.2982683777809143,0.5165061950683593,0.3118917346000671,0.0,0.0,1.0,0.3156108597285067,0.36389148737137506,590.0,396.0,515.430755615234,8.792362118496,135.876520523246,112.0,111.0,590.888888888889,391.277777777778,67632.6073,67782.1752,149.567899999995,0.244733690655999,,,,,,,,,,
4126,67757.1909,,,,,,Frage 1,,,,,,1.0,613.0,399.0,563.0,386.0,0.8831372098712424,0.8757298351242193,67774.647,515.8333740234375,515.768798828125,0.685306429862976,0.2981760799884796,0.516891598701477,0.3117175996303558,0.0,0.0,1.0,0.3144796380090497,0.3606173994387277,588.0,392.5,515.801086425781,4.52682440383146,-256.234619731199,112.0,111.0,590.888888888889,391.277777777778,67632.6073,67782.1752,149.567899999995,0.244733690655999,,,,,,,,,,
4127,67773.8478,,,,,,Frage 1,,,,,,1.0,604.0,400.0,567.0,390.0,0.8826529338638734,0.8761851451099707,67791.30200000003,516.0975341796875,516.0574951171875,0.685783863067627,0.2980259358882904,0.5173603892326355,0.3115091025829315,0.0,0.0,1.0,0.31306561085972845,0.36295603367633295,585.5,395.0,516.077514648438,28.9652847457166,1467.16738059798,112.0,111.0,590.888888888889,391.277777777778,67632.6073,67782.1752,149.567899999995,0.244733690655999,,,,,,,,,,
4128,67778.1326,,,,,,Frage 1,1.0,0.0,29.3938193708392,0.382941007614136,203.59375,,,,,,0.6585048574425887,0.6495113533451946,,,,,,,,,,,0.37959439571535225,0.3642823432120883,,,,,,,,,,,,,,,,,,,,,,,
4129,67790.5026,,,,,,Frage 1,,,,,,1.0,586.0,402.0,535.0,403.0,0.8807308074428731,0.8752638119623324,67807.95700000005,515.4340209960938,515.4286499023438,0.6866557002067565,0.2980245053768158,0.5181999206542968,0.3114317953586578,0.0,0.0,1.0,0.2989253393665158,0.3699719363891487,560.5,402.5,515.431335449219,38.575423548017,577.01916578393,,,,,,,,,145.0,145.0,67782.1752,67798.82915,16.6539500000072,,38.575423548017,577.01916578393,,
4130,67807.1557,,,,,,Frage 1,,,,,,1.0,584.0,408.0,509.0,391.0,0.8790832705105867,0.8731506379696388,67824.61100000003,514.8084106445312,514.8339233398438,0.68744957447052,0.2981536984443664,0.5189522504806519,0.3115061819553375,0.0,0.0,1.0,0.2910067873303167,0.3671655753040224,546.5,399.5,514.821166992188,11.7609973233861,-1610.17625695141,113.0,112.0,556.307692307692,399.730769230769,67798.82915,68015.34005,216.510899999994,0.211134979282927,,,,,,,,,,
4131,67823.8114,,,,,,Frage 1,,,,,,1.0,581.0,409.0,516.0,394.0,0.8763648345723144,0.8693742433819355,67841.26600000006,515.286376953125,515.3277587890625,0.687673807144165,0.2982188463211059,0.5191705226898193,0.311498999595642,0.0,0.0,1.0,0.2921380090497737,0.3690364826941066,548.5,401.5,515.307067871094,10.2820077646273,-88.7978024795416,113.0,112.0,556.307692307692,399.730769230769,67798.82915,68015.34005,216.510899999994,0.211134979282927,,,,,,,,,,
4132,67840.465,,,,,,Frage 1,,,,,,1.0,581.0,405.0,533.0,396.0,0.8759254913903713,0.869588506904642,67857.92099999997,515.5490112304688,515.614013671875,0.6881011128425598,0.2984082996845245,0.5195874571800231,0.3116029202938079,0.0,0.0,1.0,0.296945701357466,0.3681010289990645,557.0,400.5,515.581512451172,11.7452375815487,87.8626733512401,113.0,112.0,556.307692307692,399.730769230769,67798.82915,68015.34005,216.510899999994,0.211134979282927,,,,,,,,,,
4133,67857.1217,,,,,,Frage 1,,,,,,1.0,590.0,407.0,531.0,398.0,0.8742829469942436,0.8670227012202307,67874.576,515.744140625,515.8313598632812,0.6885176301002502,0.2984979450702667,0.519962191581726,0.3115920424461364,0.0,0.0,1.0,0.2989253393665158,0.3699719363891487,560.5,402.5,515.787750244141,4.23896146759647,-450.646053176747,113.0,112.0,556.307692307692,399.730769230769,67798.82915,68015.34005,216.510899999994,0.211134979282927,,,,,,,,,,
4134,67873.7759,,,,,,Frage 1,,,,,,1.0,588.0,408.0,520.0,399.0,0.8739309731950733,0.8657210503197883,67891.22999999998,515.733642578125,515.8436279296875,0.6889927983283995,0.2986067533493042,0.520380675792694,0.3115996718406677,0.0,0.0,1.0,0.2952488687782805,0.37090739008419077,554.0,403.5,515.788635253906,5.77446807727701,92.1993617034423,113.0,112.0,556.307692307692,399.730769230769,67798.82915,68015.34005,216.510899999994,0.211134979282927,,,,,,,,,,
4135,67890.4289,,,,,,Frage 1,,,,,,1.0,588.0,410.0,522.0,399.0,0.8723483392328469,0.8629999035814148,67907.88500000001,516.0057373046875,516.1327514648438,0.689285159111023,0.2986941933631897,0.5206339359283447,0.3116014599800109,0.0,0.0,1.0,0.295814479638009,0.3718428437792329,555.0,404.5,516.069244384766,5.00606376531598,-46.1420952357393,113.0,112.0,556.307692307692,399.730769230769,67798.82915,68015.34005,216.510899999994,0.211134979282927,,,,,,,,,,
4136,67907.0854,,,,,,Frage 1,,,,,,1.0,592.0,405.0,516.0,392.0,0.8726079511130859,0.859068167939749,67924.54000000004,515.8541870117188,515.9981689453125,0.689655065536499,0.298814058303833,0.5209571123123168,0.3116258680820465,0.0,0.0,1.0,0.2952488687782805,0.33698351450758507,554.0,398.5,515.926177978516,8.94528914666888,236.497786530996,113.0,112.0,556.307692307692,399.730769230769,67798.82915,68015.34005,216.510899999994,0.211134979282927,,,,,,,,,,
4137,67923.7381,,,,,,Frage 1,,,,,,1.0,591.0,401.0,513.0,391.0,0.8703987538629748,0.8568050094811609,67941.19400000002,515.9730224609375,516.12890625,0.6898609399795532,0.2988829612731933,0.5211315155029296,0.3116136193275451,0.0,0.0,1.0,0.2941176470588235,0.36389148737137506,552.0,396.0,516.050964355469,4.91808176869422,-241.835100492606,113.0,112.0,556.307692307692,399.730769230769,67798.82915,68015.34005,216.510899999994,0.211134979282927,,,,,,,,,,
4138,67940.3943,,,,,,Frage 1,,,,,,1.0,599.0,406.0,519.0,390.0,0.8564725388129458,0.8563416646133079,67957.84900000005,515.866455078125,516.0343627929688,0.6901329159736633,0.2988770008087158,0.5213700532913208,0.3115531206130981,0.0,0.0,1.0,0.298076923076923,0.3657623947614593,559.0,398.0,515.950408935547,8.97413158152769,243.515916765772,113.0,112.0,556.307692307692,399.730769230769,67798.82915,68015.34005,216.510899999994,0.211134979282927,,,,,,,,,,
4139,67957.0497,,,,,,Frage 1,,,,,,1.0,600.0,411.0,522.0,385.0,0.8676328888311974,0.8543543704402045,67974.50400000007,516.0625610351562,516.236328125,0.6902257800102233,0.2987966835498809,0.52143394947052,0.3114450573921203,0.0,0.0,1.0,0.29920814479638,0.3657623947614593,561.0,398.0,516.149444580078,7.040610508138,-116.089741068321,113.0,112.0,556.307692307692,399.730769230769,67798.82915,68015.34005,216.510899999994,0.211134979282927,,,,,,,,,,
4140,67973.7021,,,,,,Frage 1,,,,,,1.0,607.0,422.0,523.0,382.0,0.8671610941642245,0.8547048918204498,67991.15800000005,515.8829345703125,516.0631103515625,0.6904067993164062,0.2986349165439605,0.5215679407119751,0.3112491965293884,0.0,0.0,1.0,0.30147058823529405,0.36950420954162766,565.0,402.0,515.973022460938,3.58609329106969,-207.448609033534,113.0,112.0,556.307692307692,399.730769230769,67798.82915,68015.34005,216.510899999994,0.211134979282927,,,,,,,,,,
4141,67990.3644,,,,,,Frage 1,,,,,,1.0,610.0,416.0,519.0,378.0,0.8643203410900703,0.8518770204363253,68007.81299999997,516.0142822265625,516.1959838867188,0.690411627292633,0.2985873818397522,0.521543800830841,0.3111719489097595,0.0,0.0,1.0,0.3011877828054298,0.36482694106641717,564.5,397.0,516.105133056641,11.9139859211074,499.80450658266,113.0,112.0,556.307692307692,399.730769230769,67798.82915,68015.34005,216.510899999994,0.211134979282927,,,,,,,,,,
4142,68007.0126,,,,,,Frage 1,,,,,,1.0,595.0,396.0,515.0,394.0,0.856878965945911,0.8509315106649669,68024.468,515.6688842773438,515.8502197265625,0.6904705762863159,0.2985494434833526,0.5215643644332885,0.3111019730567932,0.0,0.0,1.0,0.3532892845012732,0.36295603367633295,555.0,395.0,515.759552001953,4.89940329248762,-421.341804436603,113.0,112.0,556.307692307692,399.730769230769,67798.82915,68015.34005,216.510899999994,0.211134979282927,,,,,,,,,,
4143,68023.6675,,,,,,Frage 1,,,,,,1.0,604.0,395.0,535.0,399.0,0.8558554960334301,0.8469194262022862,68041.12199999997,516.1792602539064,516.3504028320312,0.690114676952362,0.2985478043556213,0.5212191939353942,0.3110643029212951,0.0,0.0,1.0,0.3040158371040724,0.36482694106641717,569.5,397.0,516.264831542969,33.8085620016494,1735.77497968598,,,,,,,,,146.0,146.0,68015.34005,68031.9952,16.655150000006,,33.8085620016494,1735.77497968598,,
4144,68040.3229,,,,,,Frage 1,,,,,,1.0,629.0,401.0,550.0,391.0,0.8582269507086906,0.844176853111642,68057.777,516.7872314453125,516.9527587890625,0.6898587942123413,0.2985243797302246,0.5209608078002929,0.3110158741474151,0.0,0.0,1.0,0.31532805429864247,0.36389148737137506,589.5,396.0,516.869995117188,23.1424713638583,-640.39834755028,114.0,113.0,588.833333333333,392.916666666667,68031.9952,68431.70745,399.712249999997,0.318317923882056,,,,,,,,,,
4145,68056.9766,,,,,,Frage 1,,,,,,1.0,639.0,398.0,547.0,393.0,0.8565918951168005,0.8432581982580378,68074.43200000003,516.9926147460938,517.1582641601562,0.6898177862167358,0.2985126078128814,0.5208955407142639,0.3109799921512603,0.0,0.0,1.0,0.31730769230769224,0.363423760523854,593.0,395.5,517.075439453125,4.92906283006941,-1093.6553759101,114.0,113.0,588.833333333333,392.916666666667,68031.9952,68431.70745,399.712249999997,0.318317923882056,,,,,,,,,,
4146,68073.6311,,,,,,Frage 1,,,,,,1.0,627.0,400.0,542.0,391.0,0.84594999419705,0.845151752139957,68091.08600000001,516.9615478515625,517.1220092773438,0.6897168755531311,0.2985753118991851,0.5207672119140625,0.3110391795635223,0.0,0.0,1.0,0.31249999999999994,0.363423760523854,584.5,395.5,517.041778564453,8.55142751041333,217.50065629968,114.0,113.0,588.833333333333,392.916666666667,68031.9952,68431.70745,399.712249999997,0.318317923882056,,,,,,,,,,
4147,68090.2849,,,,,,Frage 1,,,,,,1.0,621.0,402.0,549.0,382.0,0.8558854512503807,0.843477818368812,68107.74100000004,516.7471313476562,516.9049072265625,0.6897168755531311,0.2986271977424621,0.5207546949386596,0.3111172318458557,0.0,0.0,1.0,0.3127828054298642,0.36014967259120667,585.0,392.0,516.826019287109,5.43925593894698,-186.87456144942,114.0,113.0,588.833333333333,392.916666666667,68031.9952,68431.70745,399.712249999997,0.318317923882056,,,,,,,,,,
4148,68106.9411,,,,,,Frage 1,,,,,,1.0,619.0,402.0,561.0,388.0,0.8404723931273823,0.839404133143353,68124.39600000007,516.8675537109375,517.0228881835938,0.6896566152572631,0.2987048923969268,0.520703375339508,0.3112345337867736,0.0,0.0,1.0,0.3156108597285067,0.36295603367633295,590.0,395.0,516.945220947266,6.01839703752064,34.7703016638692,114.0,113.0,588.833333333333,392.916666666667,68031.9952,68431.70745,399.712249999997,0.318317923882056,,,,,,,,,,
4149,68123.5974,,,,,,Frage 1,,,,,,1.0,617.0,408.0,553.0,388.0,0.8517965641366158,0.8369749204546671,68141.05099999998,517.1544799804688,517.304931640625,0.6895166039466857,0.2988464534282684,0.5205661058425903,0.3114255368709564,0.0,0.0,1.0,0.3127828054298642,0.3426614737385731,585.0,398.0,517.229705810547,9.23226219237716,192.951925388956,114.0,113.0,588.833333333333,392.916666666667,68031.9952,68431.70745,399.712249999997,0.318317923882056,,,,,,,,,,
4150,68140.2489,,,,,,Frage 1,,,,,,1.0,615.0,401.0,547.0,394.0,0.8471609943135016,0.8358446803723902,68157.70500000007,517.477294921875,517.6248168945312,0.6894068121910095,0.2990647852420806,0.5204498767852783,0.3116786181926727,0.0,0.0,1.0,0.3562773470402824,0.3652946679139382,581.0,397.5,517.551055908203,2.63190137017746,-396.382357276932,114.0,113.0,588.833333333333,392.916666666667,68031.9952,68431.70745,399.712249999997,0.318317923882056,,,,,,,,,,
4151,68156.9058,,,,,,Frage 1,,,,,,1.0,619.0,395.0,546.0,399.0,0.8452638305732931,0.8352420642147778,68174.35999999999,517.5244140625,517.673095703125,0.6894494295120239,0.2992200255393981,0.5204640626907348,0.3118679225444793,0.0,0.0,1.0,0.31136877828054293,0.36482694106641717,582.5,397.0,517.598754882813,2.05299540134984,-34.7547243981811,114.0,113.0,588.833333333333,392.916666666667,68031.9952,68431.70745,399.712249999997,0.318317923882056,,,,,,,,,,
4152,68173.5594,,,,,,Frage 1,,,,,,1.0,620.0,399.0,541.0,392.0,0.8450191963015294,0.8334717118584147,68191.01500000001,517.6001586914064,517.7470092773438,0.6894458532333374,0.2993712127208709,0.5204352736473083,0.3120884001255035,0.0,0.0,1.0,0.3102375565610859,0.363423760523854,580.5,395.5,517.673583984375,6.53761721211042,269.28843077528,114.0,113.0,588.833333333333,392.916666666667,68031.9952,68431.70745,399.712249999997,0.318317923882056,,,,,,,,,,
4153,68190.213,,,,,,Frage 1,,,,,,1.0,619.0,396.0,547.0,385.0,0.8441180435249304,0.8317388556185252,68207.669,517.56103515625,517.708251953125,0.6895030736923217,0.2995879650115966,0.5204731225967407,0.3123755753040313,0.0,0.0,1.0,0.3116515837104072,0.35874649204864356,583.0,390.5,517.634643554688,6.2941146741132,-14.62161562648,114.0,113.0,588.833333333333,392.916666666667,68031.9952,68431.70745,399.712249999997,0.318317923882056,,,,,,,,,,
4154,68206.8692,,,,,,Frage 1,,,,,,1.0,612.0,397.0,541.0,384.0,0.8440381629463952,0.831361216159755,68224.32400000002,517.6216430664064,517.7691040039064,0.6895347237586975,0.2997618019580841,0.5204941630363464,0.3126143515110015,0.0,0.0,1.0,0.3079751131221719,0.35874649204864356,576.5,390.5,517.695373535156,10.9011518594436,276.595933366014,114.0,113.0,588.833333333333,392.916666666667,68031.9952,68431.70745,399.712249999997,0.318317923882056,,,,,,,,,,
4155,68223.5231,,,,,,Frage 1,,,,,,1.0,613.0,405.0,534.0,387.0,0.8434515399477781,0.8309407239964433,68240.97900000005,517.5556640625,517.7042846679688,0.6896257996559143,0.2998618185520172,0.5205559730529785,0.3127819299697876,0.0,0.0,1.0,0.3563048418547291,0.36389148737137506,573.5,396.0,517.629974365234,7.4318297232334,-208.318900450294,114.0,113.0,588.833333333333,392.916666666667,68031.9952,68431.70745,399.712249999997,0.318317923882056,,,,,,,,,,
4156,68240.1786,,,,,,Frage 1,,,,,,1.0,627.0,403.0,540.0,384.0,0.8456457595894139,0.8312594409864695,68257.63300000003,517.608154296875,517.7599487304688,0.6896971464157104,0.3001133799552917,0.5206138491630554,0.3130556643009185,0.0,0.0,1.0,0.31193438914027144,0.3423857911421422,583.5,393.5,517.684051513672,19.0723229446136,698.897854845832,114.0,113.0,588.833333333333,392.916666666667,68031.9952,68431.70745,399.712249999997,0.318317923882056,,,,,,,,,,
4157,68256.8325,,,,,,Frage 1,,,,,,1.0,633.0,397.0,549.0,379.0,0.844260330805446,0.8292641119312644,68274.28800000006,517.7376098632812,517.8911743164064,0.6897140145301818,0.3002600073814392,0.5206152200698853,0.3132044374942779,0.0,0.0,1.0,0.3161764705882352,0.34375996020746513,591.0,388.0,517.814392089844,7.31334574481813,-706.079488876004,114.0,113.0,588.833333333333,392.916666666667,68031.9952,68431.70745,399.712249999997,0.318317923882056,,,,,,,,,,
4158,68273.4888,,,,,,Frage 1,,,,,,1.0,621.0,398.0,550.0,375.0,0.840835451000754,0.8272821743462285,68290.94299999997,517.4386596679688,517.5904541015625,0.689780592918396,0.3002690970897674,0.5206369161605835,0.3132610321044921,0.0,0.0,1.0,0.3529225003377391,0.3550046772684752,585.5,386.5,517.514556884766,2.51087213799202,-288.327756273928,114.0,113.0,588.833333333333,392.916666666667,68031.9952,68431.70745,399.712249999997,0.318317923882056,,,,,,,,,,
4159,68290.1421,,,,,,Frage 1,,,,,,1.0,624.0,400.0,555.0,380.0,0.8280929616124443,0.825916244388974,68307.59700000007,517.4310302734375,517.5771484375,0.6896612048149108,0.300290048122406,0.520508587360382,0.3132873177528381,0.0,0.0,1.0,0.3544266959461774,0.3582787652011225,589.5,390.0,517.504089355469,18.4141796076918,954.964329574828,114.0,113.0,588.833333333333,392.916666666667,68031.9952,68431.70745,399.712249999997,0.318317923882056,,,,,,,,,,
4160,68306.7969,,,,,,Frage 1,,,,,,1.0,635.0,402.0,569.0,389.0,0.8400266601430864,0.8268051010895733,68324.25199999998,517.471435546875,517.615234375,0.6895943880081176,0.300282746553421,0.5204351544380188,0.3132631778717041,0.0,0.0,1.0,0.32239819004524883,0.363423760523854,602.0,395.5,517.543334960938,11.4322635022909,-419.213446297721,114.0,113.0,588.833333333333,392.916666666667,68031.9952,68431.70745,399.712249999997,0.318317923882056,,,,,,,,,,
4161,68323.453,,,,,,Frage 1,,,,,,1.0,634.0,403.0,565.0,389.0,0.840069096700433,0.8299470769098914,68340.907,517.5313720703125,517.6727905273438,0.6895211338996887,0.300293356180191,0.5203620791435241,0.3132586777210235,0.0,0.0,1.0,0.32098416289592757,0.36389148737137506,599.5,396.0,517.602081298828,5.73306673964087,-342.168740740775,114.0,113.0,588.833333333333,392.916666666667,68031.9952,68431.70745,399.712249999997,0.318317923882056,,,,,,,,,,
4162,68340.1053,,,,,,Frage 1,,,,,,1.0,638.0,402.0,559.0,398.0,0.8398993504710458,0.8291944762863847,68357.56099999999,517.5254516601562,517.6642456054688,0.689445972442627,0.3002980649471283,0.5202862024307251,0.3132376968860626,0.0,0.0,1.0,0.32041855203619907,0.36763330215154344,598.5,400.0,517.594848632813,7.15152482064432,85.1809108053131,114.0,113.0,588.833333333333,392.916666666667,68031.9952,68431.70745,399.712249999997,0.318317923882056,,,,,,,,,,
4163,68356.7618,,,,,,Frage 1,,,,,,1.0,645.0,399.0,568.0,397.0,0.8390980484176157,0.8273277053448037,68374.21600000001,517.4620361328125,517.5987548828125,0.6894053816795349,0.3002845048904418,0.5202460289001464,0.3132098615169525,0.0,0.0,1.0,0.3249434389140271,0.3657623947614593,606.5,398.0,517.530395507813,16.0975526971498,537.089297061625,114.0,113.0,588.833333333333,392.916666666667,68031.9952,68431.70745,399.712249999997,0.318317923882056,,,,,,,,,,
4164,68373.4309,,,,,,Frage 1,,,,,,1.0,640.0,394.0,559.0,374.0,0.8375728286212114,0.8241271439743741,68390.87100000004,517.2555541992188,517.3873291015625,0.6893439292907714,0.3002991676330566,0.5201812386512756,0.3132397234439849,0.0,0.0,1.0,0.32098416289592757,0.3526660430308699,599.5,384.0,517.321441650391,21.9709264144493,352.350979794625,114.0,113.0,588.833333333333,392.916666666667,68031.9952,68431.70745,399.712249999997,0.318317923882056,,,,,,,,,,
4165,68390.0704,,,,,,Frage 1,,,,,,1.0,629.0,393.0,550.0,374.0,0.8255224561829133,0.8235031014644915,68407.52600000007,517.19287109375,517.3182373046875,0.6892130374908447,0.3003096580505371,0.520057737827301,0.313256412744522,0.0,0.0,1.0,0.31532805429864247,0.3521983161833489,589.5,383.5,517.255554199219,11.4450729373267,-632.582317805749,114.0,113.0,588.833333333333,392.916666666667,68031.9952,68431.70745,399.712249999997,0.318317923882056,,,,,,,,,,
4166,68406.7253,,,,,,Frage 1,,,,,,1.0,633.0,395.0,544.0,380.0,0.8388234589289013,0.8261276570770152,68424.18000000005,517.197021484375,517.317138671875,0.6890919804573059,0.3003443777561187,0.5199407935142517,0.3132918179035186,0.0,0.0,1.0,0.31476244343891396,0.3559401309635173,588.5,387.5,517.257080078125,6.95007253750995,-269.890566728975,114.0,113.0,588.833333333333,392.916666666667,68031.9952,68431.70745,399.712249999997,0.318317923882056,,,,,,,,,,
4167,68423.3797,,,,,,Frage 1,,,,,,1.0,640.0,394.0,549.0,383.0,0.8386412313591182,0.8206105439079524,68440.83499999996,517.1536254882812,517.2689819335938,0.6890015602111816,0.3004463613033294,0.5198618173599243,0.3134189248085022,0.0,0.0,1.0,0.318156108597285,0.35687558465855934,594.5,388.5,517.211303710938,23.4739472133624,992.162712307438,114.0,113.0,588.833333333333,392.916666666667,68031.9952,68431.70745,399.712249999997,0.318317923882056,,,,,,,,,,
4168,68440.0352,,,,,,Frage 1,,,,,,1.0,635.0,405.0,559.0,414.0,0.8378524106460842,0.8241914230311861,68457.48999999999,517.2288818359375,517.3414306640625,0.68888521194458,0.3010328114032745,0.5197870731353759,0.3140027225017547,0.0,0.0,1.0,0.3195701357466063,0.3765201122544434,597.0,409.5,517.28515625,140.004934002787,6996.54689378704,,,,,,,,,147.0,147.0,68431.70745,68465.0166,33.309150000001,4.09933604615865,273.501644389049,8015.79844040699,,103.861027563021
4169,68456.6894,,,,,,Frage 1,,,,,,1.0,587.0,589.0,550.0,461.0,0.8436811966110666,0.8317388556185252,68474.14399999997,517.5156860351562,517.5866088867188,0.6879802942276001,0.3026763498783111,0.5186420679092407,0.3156923651695251,0.0,0.0,1.0,0.3034502262443438,0.4845650140318054,568.5,525.0,517.551147460938,273.501644389049,8015.79844040699,,,,,,,,,147.0,147.0,68431.70745,68465.0166,33.309150000001,4.09933604615865,273.501644389049,8015.79844040699,,103.861027563021
4170,68473.3438,,,,,,Frage 1,,,,,,1.0,561.0,679.0,-1.0,-1.0,0.8443776554051693,0.0,68490.799,517.6857299804688,-1.0,0.6859208345413208,0.3070991337299346,-1.0,-1.0,0.0,4.0,1.0,0.29920814479638,0.6286248830682881,561.0,679.0,517.685729980469,,,,,,,,,,,,,,,,,,,,
4171,68489.9994,,,,,,Frage 1,,,,,,1.0,620.0,-1.0,566.0,-1.0,0.8370436197884165,0.8209533655442829,68507.45400000003,517.7108764648438,517.704833984375,0.6866226196289062,0.3082331418991088,0.5170589089393615,0.3220833837985992,0.0,0.0,1.0,0.31730769230769224,0.34412536964262463,593.0,,517.707855224609,,,,,,,,,,,,,,,,,,,,
4172,68506.6528,,,,,,Frage 1,,,,,,1.0,620.0,-1.0,570.0,-1.0,0.8370436197884165,0.8215104507033201,68524.10800000001,518.33251953125,518.3706665039064,0.6871076226234436,0.3076536059379577,0.5184411406517028,0.3214943706989288,0.0,0.0,1.0,0.31843891402714924,0.3444919401828243,595.0,,518.351593017578,,,,,,,,,,,,,,,,,,,,
4173,68523.314,,,,,,Frage 1,,,,,,1.0,687.0,-1.0,595.0,-1.0,0.8415069471140645,0.8232433069432095,68540.76300000004,516.8472290039064,516.8916625976562,0.6873146891593933,0.307978332042694,0.5190504193305969,0.3217836916446685,0.0,0.0,1.0,0.3444570135746606,0.35292205918368225,641.0,,516.869445800781,,,,,,,,,,,,,,,,,,,,
4174,68539.9638,,,,,,Frage 1,,,,,,1.0,696.0,-1.0,594.0,-1.0,0.8432668161099158,0.8249520585367944,68557.41800000006,516.7532348632812,516.7969360351562,0.6872032880783081,0.3080770671367645,0.519223153591156,0.3219142258167266,0.0,0.0,1.0,0.3467194570135746,0.3536553204588354,645.0,,516.775085449219,,,,,,,,,,,,,,,,,,,,
4175,68556.6162,,,,,,Frage 1,,,,,,1.0,702.0,-1.0,568.0,-1.0,0.8410151823024579,0.823154923240093,68574.07200000004,516.6038208007812,516.6471557617188,0.6871957182884216,0.3084388375282287,0.5193526744842529,0.3223554790019989,0.0,0.0,1.0,0.34106334841628955,0.3518224957494401,635.0,,516.62548828125,,,,,,,,,,,,,,,,,,,,
4176,68573.2718,,,,,,Frage 1,,,,,,1.0,708.0,-1.0,569.0,-1.0,0.8401165257939381,0.8248342135993059,68590.72700000007,516.6259765625,516.6692504882812,0.6872276067733764,0.3087049424648284,0.5194404125213623,0.3227457404136657,0.0,0.0,1.0,0.3430429864253393,0.3524640375794087,638.5,,516.647613525391,,,,,,,,,,,,,,,,,,,,
4177,68589.9267,,,,,,Frage 1,,,,,,1.0,704.0,-1.0,576.0,-1.0,0.8269930231517483,0.8247110120737495,68607.38199999998,516.82861328125,516.8681030273438,0.6871724128723145,0.3088564872741699,0.5194202065467834,0.3230545818805694,0.0,0.0,1.0,0.34389140271493207,0.3527384737573884,640.0,,516.848358154297,,,,,,,,,,,,,,,,,,,,
4178,68606.5806,,,,,,Frage 1,,,,,,1.0,708.0,-1.0,576.0,-1.0,0.8416567231988178,0.8277562323902168,68624.03599999996,516.7914428710938,516.8286743164064,0.6872052550315856,0.3090027868747711,0.5194355249404907,0.3233313560485839,0.0,0.0,1.0,0.3450226244343891,0.3531057894970287,642.0,,516.81005859375,,,,,,,,,,,,,,,,,,,,
4179,68623.236,,,,,,Frage 1,,,,,,1.0,707.0,-1.0,592.0,-1.0,0.8405458839035643,0.8279785307950248,68640.69099999999,517.09130859375,517.1205444335938,0.687059462070465,0.3091045618057251,0.5192979574203491,0.3236026167869567,0.0,0.0,1.0,0.34926470588235287,0.35448019814918236,649.5,,517.105926513672,,,,,,,,,,,,,,,,,,,,
4180,68639.8916,,,,,,Frage 1,,,,,,1.0,691.0,-1.0,590.0,-1.0,0.8399992011942148,0.8267920465380373,68657.34600000002,516.8283081054688,516.8478393554688,0.6869913935661315,0.3092234134674072,0.5191981792449951,0.3238859176635742,0.0,0.0,1.0,0.3441742081447963,0.3528307498038036,640.5,,516.838073730469,,,,,,,,,,,,,,,,,,,,
4181,68656.5451,,,,,,Frage 1,,,,,,1.0,686.0,-1.0,585.0,-1.0,0.8290256653524319,0.826826864360477,68674.00100000005,516.5446166992188,516.5556030273438,0.6869606971740722,0.3092449903488159,0.5191243886947631,0.3240704834461212,0.0,0.0,1.0,0.3413461538461538,0.3519141076602634,635.5,,516.550109863281,,,,,,,,,,,,,,,,,,,,
4182,68673.1999,,,,,,Frage 1,,,,,,1.0,695.0,-1.0,587.0,-1.0,0.8253938360344991,0.8230477914787397,68690.65500000003,516.5699462890625,516.5736083984375,0.6869053840637207,0.309249073266983,0.5190244317054749,0.3242383897304534,0.0,0.0,1.0,0.3444570135746606,0.3529215041543603,641.0,,516.57177734375,,,,,,,,,,,,,,,,,,,,
4183,68689.8539,,,,,,Frage 1,,,,,,1.0,700.0,-1.0,586.0,-1.0,0.8397845221394017,0.8229353031293188,68707.31000000006,516.6329345703125,516.6300048828125,0.6868380308151245,0.309187889099121,0.5189160108566284,0.3243052661418914,0.0,0.0,1.0,0.3539235556199229,0.3559891029096766,643.0,,516.631469726563,,,,,,,,,,,,,,,,,,,,
4184,68706.5104,,,,,,Frage 1,,,,,,1.0,707.0,-1.0,587.0,-1.0,0.8416667082711348,0.8232727681775817,68723.96499999997,516.5348510742188,516.5252075195312,0.6867804527282714,0.3091369271278381,0.5188151001930236,0.3243476748466491,0.0,0.0,1.0,0.3478506787330316,0.3540216054767409,647.0,,516.530029296875,,,,,,,,,,,,,,,,,,,,
4185,68723.1649,,,,,,Frage 1,,,,,,1.0,706.0,-1.0,592.0,-1.0,0.8418788910578685,0.8226165861392928,68740.61900000006,516.5007934570312,516.4838256835938,0.6866828203201293,0.309089183807373,0.5186996459960938,0.3243942558765411,0.0,0.0,1.0,0.3489819004524886,0.35438805696516273,649.0,,516.492309570313,,,,,,,,,,,,,,,,,,,,
4186,68739.8191,,,,,,Frage 1,,,,,,1.0,726.0,-1.0,654.0,-1.0,0.842198413372009,0.8272366433476535,68757.27399999998,514.3140869140625,514.2740478515625,0.6866307258605957,0.3090624213218689,0.5185913443565368,0.3244311809539794,0.0,0.0,1.0,0.3721719457013574,0.3619020569092846,690.0,,514.294067382813,,,,,,,,,,,,,,,,,,,,
4187,68756.4747,,,,,,Frage 1,,,,,,1.0,796.0,-1.0,754.0,-1.0,0.8520736498934096,0.8404486678165476,68773.929,514.468505859375,514.3341064453125,0.6840068697929382,0.313162475824356,0.5160518884658813,0.328078269958496,0.0,0.0,1.0,0.4202488687782805,0.3774805450576687,775.0,,514.401306152344,,,,,,,,,,,,,,,,,,,,
4188,68773.1272,,,,,,Frage 1,,,,,,1.0,-1.0,-1.0,-1.0,-1.0,0.0,0.0,68790.58299999998,-1.0,-1.0,-1.0,-1.0,-1.0,-1.0,4.0,4.0,1.0,0.4759322966953752,0.3954061960765668,1084.75,,514.434204101563,,,,,,,,,,,,,,,,,,,,
4189,68787.6132,,,,,,Frage 1,1.0,3.45401668548584,29.4029707654101,1.16087400913239,203.8671875,,,,,,0.6585048574425887,0.6495113533451946,,,,,,,,,,,0.37959439571535225,0.3642823432120883,,,,,,,,,,,,,,,,,,,,,,,
4190,68789.7835,,,,,,Frage 1,,,,,,1.0,1430.0,-1.0,1359.0,-1.0,0.8489433297220655,0.8265858178974321,68807.23800000001,514.5514526367188,514.3827514648438,0.6829923391342163,0.3177617788314819,0.5142744183540344,0.3319369852542877,0.0,0.0,1.0,0.7706447963800904,0.4910062916611494,1394.5,,514.467102050781,,,,,,,,,,,,,,,,,,,,
4191,68806.4378,,,,,,Frage 1,,,,,,1.0,1433.0,-1.0,1365.0,-1.0,0.8471085726838378,0.8278687207396378,68823.89300000004,514.5130004882812,514.2479248046875,0.681192636489868,0.3101868033409118,0.5126891732215881,0.3246990740299224,0.0,0.0,1.0,0.7731900452488687,0.4918310175524908,1399.0,,514.380462646484,,,,,,,,,,,,,,,,,,,,
4192,68823.0911,,,,,,Frage 1,,,,,,1.0,1430.0,-1.0,1363.0,-1.0,0.8448145023190331,0.8253645158180046,68840.54700000002,515.036376953125,514.7392578125,0.6804364323616027,0.3101629912853241,0.5121324062347412,0.324949026107788,0.0,0.0,1.0,0.7717760180995474,0.49137254036213174,1396.5,,514.887817382813,,,,,,,,,,,,,,,,,,,,
4193,68839.7472,,,,,,Frage 1,,,,,,1.0,1427.0,-1.0,1356.0,-1.0,0.8449068642379642,0.8272446782297548,68857.20200000005,514.9270629882812,514.5988159179688,0.6797845959663391,0.3103107213973999,0.5115853548049926,0.3252554833889007,0.0,0.0,1.0,0.7689479638009049,0.49045645722158765,1391.5,,514.762939453125,,,,,,,,,,,,,,,,,,,,
4194,68856.4014,,,,,,Frage 1,,,,,,1.0,1424.0,-1.0,1354.0,-1.0,0.8301934416870017,0.8280294183816677,68873.85699999996,515.1471557617188,514.78955078125,0.6790549159049987,0.3105368912220001,0.5109220743179321,0.3255034387111663,0.0,0.0,1.0,0.3530263178023725,0.35569861153602544,1389.0,,514.968353271484,,,,,,,,,,,,,,,,,,,,
4195,68873.0562,,,,,,Frage 1,,,,,,1.0,1426.0,-1.0,1356.0,-1.0,0.8470611435903327,0.8265751047212967,68890.51100000006,514.9215087890625,514.5338134765625,0.6783475279808044,0.3108680546283721,0.5102300643920898,0.3257590532302856,0.0,0.0,1.0,0.7686651583710407,0.49036483096227546,1391.0,,514.727661132813,,,,,,,,,,,,,,,,,,,,
4196,68889.7118,,,,,,Frage 1,,,,,,1.0,1421.0,-1.0,1352.0,-1.0,0.8473282442748092,0.8270438061772175,68907.16599999997,514.9469604492188,514.5289916992188,0.6775850653648376,0.3111659586429595,0.5094929337501525,0.3259682953357696,0.0,0.0,1.0,0.7661199095022623,0.4895402350902043,1386.5,,514.737976074219,,,,,,,,,,,,,,,,,,,,
4197,68906.3657,,,,,,Frage 1,,,,,,1.0,1422.0,-1.0,1349.0,-1.0,0.8463946400131803,0.8273544882851419,68923.821,515.1542358398438,514.70556640625,0.6767756342887878,0.3114816844463348,0.5087054967880249,0.3261843621730804,0.0,0.0,1.0,0.7655542986425338,0.48935698007589706,1385.5,,514.929901123047,,,,,,,,,,,,,,,,,,,,
4198,68923.0214,,,,,,Frage 1,,,,,,1.0,1433.0,-1.0,1357.0,-1.0,0.8346437376916049,0.8322396966028519,68940.47600000001,515.0494995117188,514.5782470703125,0.6762551665306091,0.3118131756782531,0.508180260658264,0.3264837563037872,0.0,0.0,1.0,0.7709276018099547,0.4910980328924444,1395.0,,514.813873291016,,,,,,,,,,,,,,,,,,,,
4199,68939.6745,,,,,,Frage 1,,,,,,1.0,1432.0,-1.0,1344.0,-1.0,0.8494001467805632,0.8362223198311604,68957.13,514.997802734375,514.5048828125,0.6756703853607177,0.311764508485794,0.5076000690460205,0.3262539207935333,0.0,0.0,1.0,0.7669683257918551,0.48981614223712594,1388.0,,514.751342773438,,,,,,,,,,,,,,,,,,,,
4200,68956.3305,,,,,,Frage 1,,,,,,1.0,1421.0,-1.0,1333.0,-1.0,0.8500841242342698,0.8309192976441726,68973.78500000003,514.4894409179688,513.981689453125,0.6753569841384887,0.3117605447769165,0.5072616934776306,0.3261141777038574,0.0,0.0,1.0,0.7607466063348415,0.48779979426220144,1377.0,,514.235565185547,,,,,,,,,,,,,,,,,,,,
4201,68972.9854,,,,,,Frage 1,,,,,,1.0,1416.0,-1.0,1338.0,-1.0,0.8515369522563768,0.8308282356470224,68990.44000000006,515.2080688476562,514.6859741210938,0.674830138683319,0.3116354048252105,0.5067948698997496,0.3258889019489288,0.0,0.0,1.0,0.7607466063348415,0.4877998330100136,1377.0,,514.947021484375,,,,,,,,,,,,,,,,,,,,
4202,68989.6385,,,,,,Frage 1,,,,,,1.0,1420.0,-1.0,1335.0,-1.0,0.8527975676363837,0.8330592545772048,69007.09400000004,514.9633178710938,514.4406127929688,0.6748319268226624,0.3115795850753784,0.5067755579948425,0.3257632553577423,0.0,0.0,1.0,0.7610294117647057,0.48789173487042725,1377.5,,514.701965332031,,,,,,,,,,,,,,,,,,,,
4203,69006.2941,,,,,,Frage 1,,,,,,1.0,1424.0,-1.0,1330.0,-1.0,0.8520761461614886,0.8340073706651813,69023.74900000007,515.395751953125,514.8679809570312,0.6746315956115722,0.3114574551582336,0.5065873861312866,0.3256186246871948,0.0,0.0,1.0,0.7607466063348415,0.48780018130569436,1377.0,,515.131866455078,,,,,,,,,,,,,,,,,,,,
4204,69022.9483,,,,,,Frage 1,,,,,,1.0,1425.0,-1.0,1340.0,-1.0,0.8534366122646644,0.8343501923015118,69040.40399999998,515.1944580078125,514.6694946289064,0.6747465729713439,0.3112892806529998,0.5067018270492553,0.3254732191562652,0.0,0.0,1.0,0.7638574660633483,0.48880817185012904,1382.5,,514.931976318359,,,,,,,,,,,,,,,,,,,,
4205,69039.6032,,,,,,Frage 1,,,,,,1.0,1424.0,-1.0,1344.0,-1.0,0.8541031158418165,0.8329494445218174,69057.05799999996,515.1163940429688,514.5914306640625,0.6747652888298034,0.3111190497875213,0.5067259073257446,0.3253045678138732,0.0,0.0,1.0,0.764705882352941,0.4890829328726961,1384.0,,514.853912353516,,,,,,,,,,,,,,,,,,,,
4206,69056.2584,,,,,,Frage 1,,,,,,1.0,1426.0,-1.0,1348.0,-1.0,0.8540032651186478,0.8327619639394491,69073.71299999999,515.064697265625,514.5391845703125,0.6747686862945556,0.3109140992164611,0.5067379474639891,0.3251067101955413,0.0,0.0,1.0,0.7664027149321266,0.4896326790393834,1387.0,,514.801940917969,,,,,,,,,,,,,,,,,,,,
4207,69072.914,,,,,,Frage 1,,,,,,1.0,1421.0,-1.0,1350.0,-1.0,0.85422044044154,0.8026047093461031,69090.36800000002,514.7645263671875,514.2366333007812,0.6747806668281555,0.310737520456314,0.5067571401596069,0.3249537348747253,0.0,0.0,1.0,0.7655542986425338,0.48935466756635615,1385.5,,514.500579833984,,,,,,,,,,,,,,,,,,,,
4208,69089.5673,,,,,,Frage 1,,,,,,1.0,1408.0,-1.0,1356.0,-1.0,0.853271858571436,0.834122537308636,69107.022,514.682373046875,514.1493530273438,0.6746667027473449,0.3106718063354492,0.5066816806793212,0.3249001502990722,0.0,0.0,1.0,0.763574660633484,0.48871651456218396,1382.0,,514.415863037109,,,,,,,,,,,,,,,,,,,,
4209,69106.2209,,,,,,Frage 1,,,,,,1.0,1406.0,-1.0,1357.0,-1.0,0.854277854607362,0.8343850101239515,69123.67700000003,514.5183715820312,513.9810791015625,0.6745873093605042,0.3105416595935821,0.5066269040107727,0.3247680068016052,0.0,0.0,1.0,0.7632918552036198,0.4886249470635225,1381.5,,514.249725341797,,,,,,,,,,,,,,,,,,,,
4210,69122.8764,,,,,,Frage 1,,,,,,1.0,1416.0,-1.0,1350.0,-1.0,0.8528175377810174,0.8338493513171851,69140.33200000005,514.41455078125,513.8724975585938,0.6745007634162902,0.3104349672794342,0.5065489411354064,0.3246695399284362,0.0,0.0,1.0,0.7641402714932125,0.48889972741544796,1383.0,,514.143524169922,,,,,,,,,,,,,,,,,,,,
4211,69139.5316,,,,,,Frage 1,,,,,,1.0,1418.0,-1.0,1345.0,-1.0,0.8503936614760933,0.8323602198343744,69156.98600000003,514.2960815429688,513.7474975585938,0.674402117729187,0.3102386891841888,0.5064594745635986,0.3245208263397216,0.0,0.0,1.0,0.7632918552036198,0.48862460773414057,1381.5,,514.021789550781,,,,,,,,,,,,,,,,,,,,
4212,69156.1855,,,,,,Frage 1,,,,,,1.0,1410.0,-1.0,1357.0,-1.0,0.8492578595000477,0.8344707155330342,69173.64100000006,514.1566772460938,513.6036376953125,0.6743238568305969,0.310069590806961,0.5063686370849609,0.3243282735347747,0.0,0.0,1.0,0.7644230769230768,0.488991302026618,1383.5,,513.880157470703,,,,,,,,,,,,,,,,,,,,
4213,69172.8415,,,,,,Frage 1,,,,,,1.0,1413.0,-1.0,1371.0,-1.0,0.848226900783329,0.7966208168982102,69190.29599999997,514.115478515625,513.5628051757812,0.674359142780304,0.3101932108402252,0.506441593170166,0.3245293498039245,0.0,0.0,1.0,0.7692307692307692,0.49054501286571983,1392.0,,513.839141845703,,,,,,,,,,,,,,,,,,,,
4214,69189.4953,,,,,,Frage 1,,,,,,1.0,1409.0,-1.0,1363.0,-1.0,0.8467565988846675,0.8292935731656366,69206.951,513.9617919921875,513.40771484375,0.6743726134300231,0.3103076815605163,0.5064911842346191,0.3247217833995819,0.0,0.0,1.0,0.765837104072398,0.4894488217743504,1386.0,,513.684753417969,,,,,,,,,,,,,,,,,,,,
4215,69206.1503,,,,,,Frage 1,,,,,,1.0,1410.0,-1.0,1357.0,-1.0,0.8459702744397127,0.8294087398090912,69223.60499999998,513.4323120117188,512.8738403320312,0.6743629574775695,0.3105736672878265,0.5064958930015564,0.3250253498554229,0.0,0.0,1.0,0.7644230769230768,0.4889906668454735,1383.5,,513.153076171875,,,,,,,,,,,,,,,,,,,,
4216,69222.8057,,,,,,Frage 1,,,,,,1.0,1471.0,-1.0,1391.0,-1.0,0.8310619368525024,0.8284954415435545,69240.26000000001,514.130126953125,513.55224609375,0.6737815737724304,0.3106871545314788,0.5059840083122253,0.3251665532588958,0.0,0.0,1.0,0.7912895927601808,0.4976947524738947,1431.0,,513.841186523438,,,,,,,,,,,,,,,,,,,,
4217,69239.4594,,,,,,Frage 1,,,,,,1.0,1499.0,-1.0,1424.0,-1.0,0.8448744127529344,0.8262429962611015,69256.91500000004,515.348388671875,514.7611083984375,0.6733291745185852,0.3107264637947082,0.5056048035621643,0.3252008557319641,0.0,0.0,1.0,0.8085407239819002,0.5032842945529685,1461.5,,515.054748535156,,,,,,,,,,,,,,,,,,,,
4218,69256.1228,,,,,,Frage 1,,,,,,1.0,1507.0,-1.0,1433.0,-1.0,0.8467715764931428,0.8281927943177314,69273.56900000002,515.1549682617188,514.577880859375,0.6735989451408386,0.3107926547527313,0.5058469772338867,0.3252589106559753,0.0,0.0,1.0,0.8133484162895925,0.5048422388829779,1470.0,,514.866424560547,,,,,,,,,,,,,,,,,,,,
4219,69272.7684,,,,,,Frage 1,,,,,,1.0,1512.0,-1.0,1430.0,-1.0,0.8478250016225743,0.830003321084602,69290.22400000005,515.0521850585938,514.47705078125,0.6736737489700317,0.3107638359069824,0.5058844089508056,0.3252174258232116,0.0,0.0,1.0,0.8139140271493212,0.5050257183275199,1471.0,,514.764617919922,,,,,,,,,,,,,,,,,,,,
4220,69289.4242,,,,,,Frage 1,,,,,,1.0,1505.0,-1.0,1429.0,-1.0,0.8473731771002352,0.8304880923047259,69306.87900000007,515.05859375,514.4833374023438,0.67367684841156,0.3107026517391204,0.5058807134628295,0.3251578211784362,0.0,0.0,1.0,0.8116515837104071,0.5042927284289922,1467.0,,514.770965576172,,,,,,,,,,,,,,,,,,,,
4221,69306.0788,,,,,,Frage 1,,,,,,1.0,1506.0,-1.0,1428.0,-1.0,0.8477825650652275,0.8312460495163001,69323.53300000005,515.1860961914064,514.6123657226562,0.6736931800842285,0.3106409311294555,0.5058943629264832,0.3250937461853027,0.0,0.0,1.0,0.8116515837104071,0.5042928207877717,1467.0,,514.899230957031,,,,,,,,,,,,,,,,,,,,
4222,69322.7322,,,,,,Frage 1,,,,,,1.0,1501.0,-1.0,1432.0,-1.0,0.8476277964443157,0.8302604373118498,69340.18799999997,515.2369384765625,514.6661987304688,0.6737342476844786,0.3105944395065307,0.5059325695037841,0.3250080645084381,0.0,0.0,1.0,0.8113687782805428,0.5042010850578401,1466.5,,514.951568603516,,,,,,,,,,,,,,,,,,,,
4223,69339.3881,,,,,,Frage 1,,,,,,1.0,1494.0,-1.0,1429.0,-1.0,0.8464720243236362,0.8310183945234244,69356.843,515.4033203125,514.83642578125,0.6737748384475708,0.3105208277702331,0.5059661865234375,0.3248879313468933,0.0,0.0,1.0,0.8085407239819002,0.5032848438691921,1461.5,,515.119873046875,,,,,,,,,,,,,,,,,,,,
4224,69356.0415,,,,,,Frage 1,,,,,,1.0,1496.0,-1.0,1430.0,-1.0,0.8468689309482325,0.8328476693485318,69373.49699999997,515.0244750976562,514.4692993164064,0.6740778684616088,0.3104244768619537,0.5062646865844725,0.3247403800487518,0.0,0.0,1.0,0.8093891402714932,0.50355993163658,1463.0,,514.746887207031,,,,,,,,,,,,,,,,,,,,
4225,69372.6969,,,,,,Frage 1,,,,,,1.0,1495.0,-1.0,1433.0,-1.0,0.8466867033784493,0.8309996464651876,69390.152,515.0098876953125,514.4645385742188,0.674298584461212,0.3102825284004211,0.5064797401428222,0.3245750963687896,0.0,0.0,1.0,0.8099547511312217,0.5037429898487917,1464.0,,514.737213134766,,,,,,,,,,,,,,,,,,,,
4226,69389.3522,,,,,,Frage 1,,,,,,1.0,1496.0,-1.0,1424.0,-1.0,0.8468215018547274,0.8311496309310822,69406.80700000003,514.6591186523438,514.1277465820312,0.6746777296066284,0.3101142942905426,0.506821870803833,0.3243725597858429,0.0,0.0,1.0,0.8076923076923075,0.5030099846233289,1460.0,,514.393432617188,,,,,,,,,,,,,,,,,,,,
4227,69406.0056,,,,,,Frage 1,,,,,,1.0,1467.0,-1.0,1401.0,-1.0,0.8493177699339489,0.8340555799577902,69423.46100000001,517.2002563476562,516.697509765625,0.6748623847961425,0.3095887005329132,0.507064700126648,0.3237836062908172,0.0,0.0,1.0,0.7929864253393663,0.4982457051108036,1434.0,,516.948883056641,,,,,,,,,,,,,,,,,,,,
4228,69422.6614,,,,,,Frage 1,,,,,,1.0,1204.0,-1.0,1192.0,-1.0,0.856090145232877,0.843732256302026,69440.11600000004,513.4323120117188,513.051025390625,0.6784044504165649,0.3080089688301086,0.5104464292526245,0.3222394287586212,0.0,0.0,1.0,0.6595022624434388,0.4549984436365713,1198.0,,513.241668701172,,,,,,,,,,,,,,,,,,,,
4229,69439.3157,,,,,,Frage 1,,,,,,1.0,1077.0,-1.0,1102.0,-1.0,0.858411674546553,0.8450740816129758,69456.77100000007,513.3775024414064,513.061279296875,0.6800532341003418,0.3073345124721527,0.5119546055793762,0.3216824531555175,0.0,0.0,1.0,0.5981334841628958,0.43511534923690814,1089.5,,513.219390869141,,,,,,,,,,,,,,,,,,,,
4230,69455.9715,,,,,,Frage 1,,,,,,1.0,513.0,739.0,503.0,755.0,0.8444275807667537,0.8369936685129041,69473.42599999998,513.3673706054688,513.0965576171875,0.6810943484306335,0.308068960905075,0.5128244161605835,0.3223370909690856,0.0,0.0,1.0,0.26923076923076916,0.6922357343311505,508.0,747.0,513.231964111328,,,,,,,,,,,,,,,,,,,,
4231,69472.6252,,,,,,Frage 1,,,,,,1.0,513.0,739.0,503.0,755.0,0.8269909110955392,0.8369936685129041,69490.08000000007,512.8920288085938,512.8490600585938,0.6866559386253356,0.3021101057529449,0.5187253355979919,0.3167876899242401,0.0,0.0,1.0,0.26923076923076916,0.6922357343311505,508.0,747.0,512.870544433594,,,,,,,,,,,,,,,,,,,,
4232,69489.2793,,,,,,Frage 1,,,,,,1.0,-1.0,-1.0,-1.0,490.0,0.0,0.839007745626346,69506.73499999999,-1.0,512.8602294921875,-1.0,-1.0,0.5220279693603515,0.316480666399002,4.0,0.0,1.0,0.3865625320287521,0.451824134705332,,490.0,512.860229492188,,,,,,,,,,,,,,,,,,,,
4233,69505.935,,,,,,Frage 1,,,,,,1.0,-1.0,442.0,-1.0,490.0,0.844237864392733,0.8271463022031328,69523.39000000001,512.02880859375,512.2460327148438,0.6924715638160704,0.301846444606781,0.5245862007141113,0.3160928189754486,0.0,0.0,1.0,0.38525894696584567,0.42937324602432175,,466.0,512.137420654297,,,,,,,,,,,,,,,,,,,,
4234,69522.5882,,,,,,Frage 1,,,,,,1.0,-1.0,466.0,-1.0,438.0,0.8450366701780838,0.8479853872277514,69540.044,515.4052734375,515.7120971679688,0.6935361623764038,0.3019697964191436,0.5255897045135498,0.315689593553543,0.0,0.0,1.0,0.37674565991724124,0.4162768942937324,,452.0,515.558685302734,,,,,,,,,,,,,,,,,,,,
4235,69539.2442,,,,,,Frage 1,,,,,,1.0,-1.0,471.0,-1.0,438.0,0.8489183670412735,0.8479853872277514,69556.69900000002,515.3221435546875,515.671875,0.6948664188385009,0.3022882342338562,0.5261865854263305,0.3161063492298126,0.0,0.0,1.0,0.3777924939764164,0.41861552853133766,,454.5,515.497009277344,,,,,,,,,,,,,,,,,,,,
4236,69555.8991,,,,,,Frage 1,,,,,,1.0,-1.0,471.0,-1.0,430.0,0.8505459338289258,0.8504172782104711,69573.35400000005,514.7186889648438,515.1525268554688,0.6971110105514526,0.3017330169677734,0.5276710987091064,0.315396100282669,0.0,0.0,1.0,0.37585033649183364,0.41487371375116927,,450.5,514.935607910156,,,,,,,,,,,,,,,,,,,,
4237,69572.552,,,,,,Frage 1,,,,,,1.0,-1.0,468.0,-1.0,440.0,0.8513191489132151,0.8518046345199962,69590.00800000003,514.8773193359375,515.43310546875,0.700051724910736,0.3014638721942901,0.5301995873451232,0.3152524232864379,0.0,0.0,1.0,0.37708955340456474,0.4181478016838166,,454.0,515.155212402344,,,,,,,,,,,,,,,,,,,,
4238,69589.2075,,,,,,Frage 1,,,,,,1.0,-1.0,448.0,-1.0,455.0,0.8550117574226532,0.8539258433947913,69606.66300000006,513.2984619140625,514.057373046875,0.7045016884803772,0.3000922203063964,0.534832775592804,0.3131707906723022,0.0,0.0,1.0,0.375815602074357,0.4158091674462114,,451.5,513.677917480469,,,,,,,,,,,,,,,,,,,,
4239,69605.8632,,,,,,Frage 1,,,,,,1.0,-1.0,-1.0,-1.0,-1.0,0.0,0.0,69623.31799999997,-1.0,-1.0,-1.0,-1.0,-1.0,-1.0,4.0,4.0,1.0,0.4759322966953752,0.3954061960765668,,,,,,,,,,,,,,,,,,,,,,,
4240,69622.5176,,,,,,Frage 1,,,,,,1.0,-1.0,-1.0,-1.0,-1.0,0.0,0.0,69639.97200000007,-1.0,-1.0,-1.0,-1.0,-1.0,-1.0,4.0,4.0,1.0,0.4759322966953752,0.3954061960765668,,,,,,,,,,,,,,,,,,,,,,,
4241,69639.1778,,,,,,Frage 1,,,,,,1.0,-1.0,-1.0,-1.0,-1.0,0.0,0.0,69656.62699999998,-1.0,-1.0,-1.0,-1.0,-1.0,-1.0,4.0,4.0,1.0,0.4759322966953752,0.3954061960765668,,,,,,,,,,,,,,,,,,,,,,,
4242,69655.8271,,,,,,Frage 1,,,,,,1.0,-1.0,-1.0,-1.0,-1.0,0.0,0.0,69673.282,-1.0,-1.0,-1.0,-1.0,-1.0,-1.0,4.0,4.0,1.0,0.4759322966953752,0.3954061960765668,,,,,,,,,,,,,,,,,,,,,,,
4243,69672.4804,,,,,,Frage 1,,,,,,1.0,-1.0,-1.0,-1.0,-1.0,0.0,0.0,69689.93599999999,-1.0,-1.0,-1.0,-1.0,-1.0,-1.0,4.0,4.0,1.0,0.4759322966953752,0.3954061960765668,,,,,,,,,,,,,,,,,,,,,,,
4244,69689.1366,,,,,,Frage 1,,,,,,1.0,-1.0,-1.0,-1.0,-1.0,0.0,0.018097082863962055,69706.59100000001,-1.0,-1.0,-1.0,-1.0,-1.0,-1.0,4.0,4.0,1.0,0.47307184518740275,0.394481298666511,,,,,,,,,,,,,,,,,,,,,,,
4245,69705.7912,,,,,,Frage 1,,,,,,1.0,-1.0,-1.0,-1.0,-1.0,0.0,0.0,69723.24600000004,-1.0,-1.0,-1.0,-1.0,-1.0,-1.0,4.0,4.0,1.0,0.4759322966953752,0.3954061960765668,,,,,,,,,,,,,,,,,,,,,,,
4246,69722.4456,,,,,,Frage 1,,,,,,1.0,-1.0,-1.0,-1.0,-1.0,0.03388974098219233,0.0,69739.90100000007,-1.0,-1.0,-1.0,-1.0,-1.0,-1.0,4.0,4.0,1.0,0.4762576401214801,0.3955127310509079,,,,,,,,,,,,,,,,,,,,,,,
4247,69739.1006,,,,,,Frage 1,,,,,,1.0,-1.0,-1.0,-1.0,-1.0,0.0,0.0,69756.55500000005,-1.0,-1.0,-1.0,-1.0,-1.0,-1.0,4.0,4.0,1.0,0.4759322966953752,0.3954061960765668,,,,,,,,,,,,,,,,,,,,,,,
4248,69755.7538,,,,,,Frage 1,,,,,,1.0,-1.0,-1.0,-1.0,-1.0,0.0,0.0,69773.20999999996,-1.0,-1.0,-1.0,-1.0,-1.0,-1.0,4.0,4.0,1.0,0.4759322966953752,0.3954061960765668,,,,,,,,,,,,,,,,,,,,,,,
4249,69772.41,,,,,,Frage 1,,,,,,1.0,-1.0,-1.0,-1.0,-1.0,0.0,0.0,69789.86499999999,-1.0,-1.0,-1.0,-1.0,-1.0,-1.0,4.0,4.0,1.0,0.4759322966953752,0.3954061960765668,,,,,,,,,,,,,,,,,,,,,,,
4250,69789.065,,,,,,Frage 1,,,,,,1.0,-1.0,-1.0,-1.0,-1.0,0.0,0.0,69806.51899999997,-1.0,-1.0,-1.0,-1.0,-1.0,-1.0,4.0,4.0,1.0,0.4759322966953752,0.3954061960765668,,,,,,,,,,,,,,,,,,,,,,,
4251,69805.7179,,,,,,Frage 1,,,,,,1.0,-1.0,-1.0,-1.0,-1.0,0.0,0.0,69823.174,-1.0,-1.0,-1.0,-1.0,-1.0,-1.0,4.0,4.0,1.0,0.4759322966953752,0.3954061960765668,,,,,,,,,,,,,,,,,,,,,,,
4252,69809.0696,,,,,,Frage 1,1.0,0.379312753677368,29.3909867963292,0.573179841041565,202.72265625,,,,,,0.6585048574425887,0.6495113533451946,,,,,,,,,,,0.37959439571535225,0.3642823432120883,,,,,,,,,,,,,,,,,,,,,,,
4253,69822.374,,,,,,Frage 1,,,,,,1.0,-1.0,-1.0,-1.0,-1.0,0.6585048574425887,0.6495113533451946,69839.82900000003,-1.0,-1.0,-1.0,-1.0,-1.0,-1.0,4.0,4.0,1.0,0.37959439571535225,0.3642823432120883,,,,,,,,,,,,,,,,,,,,,,,
4254,69839.0272,,,,,,Frage 1,,,,,,1.0,-1.0,-1.0,-1.0,-1.0,0.0,0.0,69856.48300000001,-1.0,-1.0,-1.0,-1.0,-1.0,-1.0,4.0,4.0,1.0,0.4759322966953752,0.3954061960765668,,,,,,,,,,,,,,,,,,,,,,,
4255,69855.6836,,,,,,Frage 1,,,,,,1.0,-1.0,-1.0,-1.0,-1.0,0.0,0.0,69873.13800000004,-1.0,-1.0,-1.0,-1.0,-1.0,-1.0,4.0,4.0,1.0,0.4759322966953752,0.3954061960765668,,,,,,,,,,,,,,,,,,,,,,,
4256,69872.339,,,,,,Frage 1,,,,,,1.0,-1.0,-1.0,-1.0,-1.0,0.0,0.0,69889.79300000006,-1.0,-1.0,-1.0,-1.0,-1.0,-1.0,4.0,4.0,1.0,0.4759322966953752,0.3954061960765668,,,,,,,,,,,,,,,,,,,,,,,
4257,69888.9914,,,,,,Frage 1,,,,,,1.0,-1.0,-1.0,-1.0,-1.0,0.0,0.0,69906.44700000004,-1.0,-1.0,-1.0,-1.0,-1.0,-1.0,4.0,4.0,1.0,0.4759322966953752,0.3954061960765668,,,,,,,,,,,,,,,,,,,,,,,
4258,69905.6477,,,,,,Frage 1,,,,,,1.0,-1.0,-1.0,-1.0,-1.0,0.0,0.0,69923.10200000007,-1.0,-1.0,-1.0,-1.0,-1.0,-1.0,4.0,4.0,1.0,0.4759322966953752,0.3954061960765668,,,,,,,,,,,,,,,,,,,,,,,
4259,69922.3017,,,,,,Frage 1,,,,,,1.0,-1.0,-1.0,-1.0,-1.0,0.0,0.0,69939.75699999998,-1.0,-1.0,-1.0,-1.0,-1.0,-1.0,4.0,4.0,1.0,0.4759322966953752,0.3954061960765668,,,,,,,,,,,,,,,,,,,,,,,
4260,69938.9568,,,,,,Frage 1,,,,,,1.0,-1.0,-1.0,-1.0,-1.0,0.03388974098219233,0.0,69956.41099999996,-1.0,-1.0,-1.0,-1.0,-1.0,-1.0,4.0,4.0,1.0,0.4762576401214801,0.3955127310509079,,,,,,,,,,,,,,,,,,,,,,,
4261,69955.611,,,,,,Frage 1,,,,,,1.0,-1.0,-1.0,-1.0,-1.0,0.0,0.0,69973.06599999999,-1.0,-1.0,-1.0,-1.0,-1.0,-1.0,4.0,4.0,1.0,0.4759322966953752,0.3954061960765668,,,,,,,,,,,,,,,,,,,,,,,
4262,69972.2655,,,,,,Frage 1,,,,,,1.0,-1.0,-1.0,-1.0,-1.0,0.0,0.0,69989.72100000002,-1.0,-1.0,-1.0,-1.0,-1.0,-1.0,4.0,4.0,1.0,0.4759322966953752,0.3954061960765668,,,,,,,,,,,,,,,,,,,,,,,
4263,69988.9208,,,,,,Frage 1,,,,,,1.0,-1.0,-1.0,-1.0,-1.0,0.0,0.0,70006.37600000005,-1.0,-1.0,-1.0,-1.0,-1.0,-1.0,4.0,4.0,1.0,0.4759322966953752,0.3954061960765668,,,,,,,,,,,,,,,,,,,,,,,
4264,70005.574,,,,,,Frage 1,,,,,,1.0,-1.0,-1.0,-1.0,-1.0,0.0,0.0,70023.03000000003,-1.0,-1.0,-1.0,-1.0,-1.0,-1.0,4.0,4.0,1.0,0.4759322966953752,0.3954061960765668,,,,,,,,,,,,,,,,,,,,,,,
4265,70022.2303,,,,,,Frage 1,,,,,,1.0,-1.0,-1.0,-1.0,-1.0,0.0,0.0,70039.68500000006,-1.0,-1.0,-1.0,-1.0,-1.0,-1.0,4.0,4.0,1.0,0.4759322966953752,0.3954061960765668,,,,,,,,,,,,,,,,,,,,,,,
4266,70038.8852,,,,,,Frage 1,,,,,,1.0,-1.0,-1.0,-1.0,-1.0,0.03388974098219233,0.0,70056.33999999997,-1.0,-1.0,-1.0,-1.0,-1.0,-1.0,4.0,4.0,1.0,0.4762576401214801,0.3955127310509079,,,,,,,,,,,,,,,,,,,,,,,
4267,70055.538,,,,,,Frage 1,,,,,,1.0,-1.0,-1.0,-1.0,-1.0,0.0,0.0,70072.99400000006,-1.0,-1.0,-1.0,-1.0,-1.0,-1.0,4.0,4.0,1.0,0.4759322966953752,0.3954061960765668,,,,,,,,,,,,,,,,,,,,,,,
4268,70072.1968,,,,,,Frage 1,,,,,,1.0,-1.0,-1.0,-1.0,-1.0,0.0,0.0,70089.64899999998,-1.0,-1.0,-1.0,-1.0,-1.0,-1.0,4.0,4.0,1.0,0.4759322966953752,0.3954061960765668,,,,,,,,,,,,,,,,,,,,,,,
4269,70088.8479,,,,,,Frage 1,,,,,,1.0,-1.0,-1.0,-1.0,-1.0,0.0,0.0,70106.304,-1.0,-1.0,-1.0,-1.0,-1.0,-1.0,4.0,4.0,1.0,0.4759322966953752,0.3954061960765668,,,,,,,,,,,,,,,,,,,,,,,
4270,70105.5037,,,,,,Frage 1,,,,,,1.0,-1.0,-1.0,-1.0,-1.0,0.0,0.018097082863962055,70122.95799999998,-1.0,-1.0,-1.0,-1.0,-1.0,-1.0,4.0,4.0,1.0,0.47307184518740275,0.394481298666511,,,,,,,,,,,,,,,,,,,,,,,
4271,70122.1584,,,,,,Frage 1,,,,,,1.0,-1.0,-1.0,-1.0,-1.0,0.0,0.0,70139.61300000001,-1.0,-1.0,-1.0,-1.0,-1.0,-1.0,4.0,4.0,1.0,0.4759322966953752,0.3954061960765668,,,,,,,,,,,,,,,,,,,,,,,
4272,70138.8127,,,,,,Frage 1,,,,,,1.0,-1.0,-1.0,-1.0,-1.0,0.0,0.0,70156.26800000004,-1.0,-1.0,-1.0,-1.0,-1.0,-1.0,4.0,4.0,1.0,0.4759322966953752,0.3954061960765668,,,,,,,,,,,,,,,,,,,,,,,
4273,70155.4673,,,,,,Frage 1,,,,,,1.0,-1.0,-1.0,-1.0,-1.0,0.0,0.0,70172.92200000002,-1.0,-1.0,-1.0,-1.0,-1.0,-1.0,4.0,4.0,1.0,0.4759322966953752,0.3954061960765668,,,,,,,,,,,,,,,,,,,,,,,
4274,70172.1215,,,,,,Frage 1,,,,,,1.0,-1.0,-1.0,-1.0,-1.0,0.0,0.0,70189.57700000005,-1.0,-1.0,-1.0,-1.0,-1.0,-1.0,4.0,4.0,1.0,0.4759322966953752,0.3954061960765668,,,,,,,,,,,,,,,,,,,,,,,
4275,70202.771,,,,,,Frage 1,,,,,,1.0,-1.0,-1.0,-1.0,-1.0,0.0,0.0,70220.22700000007,-1.0,-1.0,-1.0,-1.0,-1.0,-1.0,4.0,4.0,1.0,0.4759322966953752,0.3954061960765668,,,,,,,,,,,,,,,,,,,,,,,
4276,70219.4272,,,,,,Frage 1,,,,,,1.0,-1.0,-1.0,-1.0,-1.0,0.0,0.018097082863962055,70236.88199999998,-1.0,-1.0,-1.0,-1.0,-1.0,-1.0,4.0,4.0,1.0,0.47307184518740275,0.394481298666511,,,,,,,,,,,,,,,,,,,,,,,
4277,70236.0813,,,,,,Frage 1,,,,,,1.0,-1.0,-1.0,-1.0,-1.0,0.0,0.0,70253.53700000001,-1.0,-1.0,-1.0,-1.0,-1.0,-1.0,4.0,4.0,1.0,0.4759322966953752,0.3954061960765668,,,,,,,,,,,,,,,,,,,,,,,
4278,70252.736,,,,,,Frage 1,,,,,,1.0,-1.0,-1.0,-1.0,-1.0,0.0,0.0,70270.19099999999,-1.0,-1.0,-1.0,-1.0,-1.0,-1.0,4.0,4.0,1.0,0.4759322966953752,0.3954061960765668,,,,,,,,,,,,,,,,,,,,,,,
4279,70269.39,,,,,,Frage 1,,,,,,1.0,-1.0,-1.0,-1.0,-1.0,0.0,0.0,70286.84600000002,-1.0,-1.0,-1.0,-1.0,-1.0,-1.0,4.0,4.0,1.0,0.4759322966953752,0.3954061960765668,,,,,,,,,,,,,,,,,,,,,,,
4280,70286.0464,,,,,,Frage 1,,,,,,1.0,-1.0,-1.0,-1.0,-1.0,0.0,0.018097082863962055,70303.50100000005,-1.0,-1.0,-1.0,-1.0,-1.0,-1.0,4.0,4.0,1.0,0.47307184518740275,0.394481298666511,,,,,,,,,,,,,,,,,,,,,,,
4281,70302.7003,,,,,,Frage 1,,,,,,1.0,-1.0,-1.0,-1.0,-1.0,0.0,0.0,70320.15500000003,-1.0,-1.0,-1.0,-1.0,-1.0,-1.0,4.0,4.0,1.0,0.4759322966953752,0.3954061960765668,,,,,,,,,,,,,,,,,,,,,,,
4282,70319.3546,,,,,,Frage 1,,,,,,1.0,-1.0,-1.0,-1.0,-1.0,0.03388974098219233,0.0,70336.81000000006,-1.0,-1.0,-1.0,-1.0,-1.0,-1.0,4.0,4.0,1.0,0.4762576401214801,0.3955127310509079,,,,,,,,,,,,,,,,,,,,,,,
4283,70336.0099,,,,,,Frage 1,,,,,,1.0,-1.0,-1.0,-1.0,-1.0,0.0,0.0,70353.46499999997,-1.0,-1.0,-1.0,-1.0,-1.0,-1.0,4.0,4.0,1.0,0.4759322966953752,0.3954061960765668,,,,,,,,,,,,,,,,,,,,,,,
4284,70352.6629,,,,,,Frage 1,,,,,,1.0,-1.0,-1.0,-1.0,-1.0,0.0,0.0,70370.11900000006,-1.0,-1.0,-1.0,-1.0,-1.0,-1.0,4.0,4.0,1.0,0.4759322966953752,0.3954061960765668,,,,,,,,,,,,,,,,,,,,,,,
4285,70369.3195,,,,,,Frage 1,,,,,,1.0,-1.0,-1.0,-1.0,-1.0,0.0,0.0,70386.77399999998,-1.0,-1.0,-1.0,-1.0,-1.0,-1.0,4.0,4.0,1.0,0.4759322966953752,0.3954061960765668,,,,,,,,,,,,,,,,,,,,,,,
4286,70385.9826,,,,,,Frage 1,,,,,,1.0,-1.0,-1.0,-1.0,-1.0,0.0,0.0,70403.429,-1.0,-1.0,-1.0,-1.0,-1.0,-1.0,4.0,4.0,1.0,0.4759322966953752,0.3954061960765668,,,,,,,,,,,,,,,,,,,,,,,
4287,70402.6277,,,,,,Frage 1,,,,,,1.0,-1.0,-1.0,-1.0,-1.0,0.0,0.0,70420.08299999998,-1.0,-1.0,-1.0,-1.0,-1.0,-1.0,4.0,4.0,1.0,0.4759322966953752,0.3954061960765668,,,,,,,,,,,,,,,,,,,,,,,
4288,70419.283,,,,,,Frage 1,,,,,,1.0,-1.0,-1.0,-1.0,-1.0,0.0,0.0,70436.73800000001,-1.0,-1.0,-1.0,-1.0,-1.0,-1.0,4.0,4.0,1.0,0.4759322966953752,0.3954061960765668,,,,,,,,,,,,,,,,,,,,,,,
4289,70435.9376,,,,,,Frage 1,,,,,,1.0,-1.0,-1.0,-1.0,-1.0,0.0,0.0,70453.39300000004,-1.0,-1.0,-1.0,-1.0,-1.0,-1.0,4.0,4.0,1.0,0.4759322966953752,0.3954061960765668,,,,,,,,,,,,,,,,,,,,,,,
4290,70452.5916,,,,,,Frage 1,,,,,,1.0,-1.0,-1.0,-1.0,-1.0,0.0,0.0,70470.04700000002,-1.0,-1.0,-1.0,-1.0,-1.0,-1.0,4.0,4.0,1.0,0.4759322966953752,0.3954061960765668,,,,,,,,,,,,,,,,,,,,,,,
4291,70469.2461,,,,,,Frage 1,,,,,,1.0,-1.0,-1.0,-1.0,-1.0,0.0,0.0,70486.70200000005,-1.0,-1.0,-1.0,-1.0,-1.0,-1.0,4.0,4.0,1.0,0.4759322966953752,0.3954061960765668,,,,,,,,,,,,,,,,,,,,,,,
4292,70485.9023,,,,,,Frage 1,,,,,,1.0,-1.0,-1.0,-1.0,-1.0,0.0,0.0,70503.35699999996,-1.0,-1.0,-1.0,-1.0,-1.0,-1.0,4.0,4.0,1.0,0.4759322966953752,0.3954061960765668,,,,,,,,,,,,,,,,,,,,,,,
4293,70502.5558,,,,,,Frage 1,,,,,,1.0,-1.0,-1.0,-1.0,-1.0,0.0,0.0,70520.01199999999,-1.0,-1.0,-1.0,-1.0,-1.0,-1.0,4.0,4.0,1.0,0.4759322966953752,0.3954061960765668,,,,,,,,,,,,,,,,,,,,,,,
4294,70519.211,,,,,,Frage 1,,,,,,1.0,-1.0,-1.0,-1.0,-1.0,0.0,0.0,70536.66599999997,-1.0,-1.0,-1.0,-1.0,-1.0,-1.0,4.0,4.0,1.0,0.4759322966953752,0.3954061960765668,,,,,,,,,,,,,,,,,,,,,,,
4295,70535.8657,,,,,,Frage 1,,,,,,1.0,-1.0,-1.0,-1.0,-1.0,0.0,0.0,70553.321,-1.0,-1.0,-1.0,-1.0,-1.0,-1.0,4.0,4.0,1.0,0.4759322966953752,0.3954061960765668,,,,,,,,,,,,,,,,,,,,,,,
4296,70552.5211,,,,,,Frage 1,,,,,,1.0,-1.0,-1.0,-1.0,-1.0,0.0,0.0,70569.97600000001,-1.0,-1.0,-1.0,-1.0,-1.0,-1.0,4.0,4.0,1.0,0.4759322966953752,0.3954061960765668,,,,,,,,,,,,,,,,,,,,,,,
4297,70569.1759,,,,,,Frage 1,,,,,,1.0,-1.0,-1.0,-1.0,-1.0,0.0,0.0,70586.63,-1.0,-1.0,-1.0,-1.0,-1.0,-1.0,4.0,4.0,1.0,0.4759322966953752,0.3954061960765668,,,,,,,,,,,,,,,,,,,,,,,
4298,70585.829,,,,,,Frage 1,,,,,,1.0,-1.0,-1.0,-1.0,-1.0,0.0,0.018097082863962055,70603.28500000003,-1.0,-1.0,-1.0,-1.0,-1.0,-1.0,4.0,4.0,1.0,0.47307184518740275,0.394481298666511,,,,,,,,,,,,,,,,,,,,,,,
4299,70602.4858,,,,,,Frage 1,,,,,,1.0,-1.0,-1.0,-1.0,-1.0,0.0,0.0,70619.94000000006,-1.0,-1.0,-1.0,-1.0,-1.0,-1.0,4.0,4.0,1.0,0.4759322966953752,0.3954061960765668,,,,,,,,,,,,,,,,,,,,,,,
4300,70619.1387,,,,,,Frage 1,,,,,,1.0,-1.0,-1.0,-1.0,-1.0,0.0,0.0,70636.59400000004,-1.0,-1.0,-1.0,-1.0,-1.0,-1.0,4.0,4.0,1.0,0.4759322966953752,0.3954061960765668,,,,,,,,,,,,,,,,,,,,,,,
4301,70635.7948,,,,,,Frage 1,,,,,,1.0,-1.0,-1.0,-1.0,-1.0,0.0,0.0,70653.24900000007,-1.0,-1.0,-1.0,-1.0,-1.0,-1.0,4.0,4.0,1.0,0.4759322966953752,0.3954061960765668,,,,,,,,,,,,,,,,,,,,,,,
4302,70652.4492,,,,,,Frage 1,,,,,,1.0,-1.0,-1.0,-1.0,-1.0,0.0,0.0,70669.90399999998,-1.0,-1.0,-1.0,-1.0,-1.0,-1.0,4.0,4.0,1.0,0.4759322966953752,0.3954061960765668,,,,,,,,,,,,,,,,,,,,,,,
4303,70669.1019,,,,,,Frage 1,,,,,,1.0,-1.0,-1.0,-1.0,-1.0,0.0,0.0,70686.55799999996,-1.0,-1.0,-1.0,-1.0,-1.0,-1.0,4.0,4.0,1.0,0.4759322966953752,0.3954061960765668,,,,,,,,,,,,,,,,,,,,,,,
4304,70685.7584,,,,,,Frage 1,,,,,,1.0,-1.0,-1.0,-1.0,-1.0,0.0,0.018097082863962055,70703.21299999999,-1.0,-1.0,-1.0,-1.0,-1.0,-1.0,4.0,4.0,1.0,0.47307184518740275,0.394481298666511,,,,,,,,,,,,,,,,,,,,,,,
4305,70702.4126,,,,,,Frage 1,,,,,,1.0,-1.0,-1.0,-1.0,-1.0,0.0,0.0,70719.86800000002,-1.0,-1.0,-1.0,-1.0,-1.0,-1.0,4.0,4.0,1.0,0.4759322966953752,0.3954061960765668,,,,,,,,,,,,,,,,,,,,,,,
4306,70719.0673,,,,,,Frage 1,,,,,,1.0,-1.0,-1.0,-1.0,-1.0,0.0,0.0,70736.522,-1.0,-1.0,-1.0,-1.0,-1.0,-1.0,4.0,4.0,1.0,0.4759322966953752,0.3954061960765668,,,,,,,,,,,,,,,,,,,,,,,
4307,70735.7225,,,,,,Frage 1,,,,,,1.0,-1.0,-1.0,-1.0,-1.0,0.0,0.0,70753.17700000003,-1.0,-1.0,-1.0,-1.0,-1.0,-1.0,4.0,4.0,1.0,0.4759322966953752,0.3954061960765668,,,,,,,,,,,,,,,,,,,,,,,
4308,70752.3767,,,,,,Frage 1,,,,,,1.0,-1.0,-1.0,-1.0,-1.0,0.0,0.0,70769.83200000005,-1.0,-1.0,-1.0,-1.0,-1.0,-1.0,4.0,4.0,1.0,0.4759322966953752,0.3954061960765668,,,,,,,,,,,,,,,,,,,,,,,
4309,70769.0326,,,,,,Frage 1,,,,,,1.0,-1.0,-1.0,-1.0,-1.0,0.0,0.0,70786.48699999996,-1.0,-1.0,-1.0,-1.0,-1.0,-1.0,4.0,4.0,1.0,0.4759322966953752,0.3954061960765668,,,,,,,,,,,,,,,,,,,,,,,
4310,70785.6849,,,,,,Frage 1,,,,,,1.0,-1.0,-1.0,-1.0,-1.0,0.0,0.0,70803.14100000006,-1.0,-1.0,-1.0,-1.0,-1.0,-1.0,4.0,4.0,1.0,0.4759322966953752,0.3954061960765668,,,,,,,,,,,,,,,,,,,,,,,
4311,70802.3415,,,,,,Frage 1,,,,,,1.0,-1.0,-1.0,-1.0,-1.0,0.0,0.0,70819.79599999997,-1.0,-1.0,-1.0,-1.0,-1.0,-1.0,4.0,4.0,1.0,0.4759322966953752,0.3954061960765668,,,,,,,,,,,,,,,,,,,,,,,
4312,70818.6814,,,,,,Frage 1,1.0,1.53203010559082,29.3909867963292,0.193416923284531,202.72265625,,,,,,0.6585048574425887,0.6495113533451946,,,,,,,,,,,0.37959439571535225,0.3642823432120883,,,,,,,,,,,,,,,,,,,,,,,
4313,70818.9969,,,,,,Frage 1,,,,,,1.0,-1.0,-1.0,-1.0,-1.0,0.0,0.0,70836.451,-1.0,-1.0,-1.0,-1.0,-1.0,-1.0,4.0,4.0,1.0,0.4759322966953752,0.3954061960765668,,,,,,,,,,,,,,,,,,,,,,,
4314,70835.6495,,,,,,Frage 1,,,,,,1.0,-1.0,-1.0,-1.0,-1.0,0.0,0.0,70853.10499999998,-1.0,-1.0,-1.0,-1.0,-1.0,-1.0,4.0,4.0,1.0,0.4759322966953752,0.3954061960765668,,,,,,,,,,,,,,,,,,,,,,,
4315,70852.3053,,,,,,Frage 1,,,,,,1.0,-1.0,-1.0,-1.0,-1.0,0.0,0.0,70869.76000000001,-1.0,-1.0,-1.0,-1.0,-1.0,-1.0,4.0,4.0,1.0,0.4759322966953752,0.3954061960765668,,,,,,,,,,,,,,,,,,,,,,,
4316,70868.9591,,,,,,Frage 1,,,,,,1.0,-1.0,-1.0,-1.0,-1.0,0.0,0.0,70886.41500000004,-1.0,-1.0,-1.0,-1.0,-1.0,-1.0,4.0,4.0,1.0,0.4759322966953752,0.3954061960765668,,,,,,,,,,,,,,,,,,,,,,,
4317,70885.6148,,,,,,Frage 1,,,,,,1.0,-1.0,-1.0,-1.0,-1.0,0.0,0.0,70903.06900000002,-1.0,-1.0,-1.0,-1.0,-1.0,-1.0,4.0,4.0,1.0,0.4759322966953752,0.3954061960765668,,,,,,,,,,,,,,,,,,,,,,,
4318,70902.2698,,,,,,Frage 1,,,,,,1.0,-1.0,-1.0,-1.0,-1.0,0.0,0.0,70919.72400000005,-1.0,-1.0,-1.0,-1.0,-1.0,-1.0,4.0,4.0,1.0,0.4759322966953752,0.3954061960765668,,,,,,,,,,,,,,,,,,,,,,,
4319,70918.9237,,,,,,Frage 1,,,,,,1.0,-1.0,-1.0,-1.0,-1.0,0.0,0.0,70936.37900000007,-1.0,-1.0,-1.0,-1.0,-1.0,-1.0,4.0,4.0,1.0,0.4759322966953752,0.3954061960765668,,,,,,,,,,,,,,,,,,,,,,,
4320,70935.5778,,,,,,Frage 1,,,,,,1.0,-1.0,-1.0,-1.0,-1.0,0.0,0.0,70953.03300000005,-1.0,-1.0,-1.0,-1.0,-1.0,-1.0,4.0,4.0,1.0,0.4759322966953752,0.3954061960765668,,,,,,,,,,,,,,,,,,,,,,,
4321,70952.2326,,,,,,Frage 1,,,,,,1.0,-1.0,-1.0,-1.0,-1.0,0.0,0.0,70969.68799999997,-1.0,-1.0,-1.0,-1.0,-1.0,-1.0,4.0,4.0,1.0,0.4759322966953752,0.3954061960765668,,,,,,,,,,,,,,,,,,,,,,,
4322,70968.8887,,,,,,Frage 1,,,,,,1.0,-1.0,-1.0,-1.0,-1.0,0.0,0.0,70986.343,-1.0,-1.0,-1.0,-1.0,-1.0,-1.0,4.0,4.0,1.0,0.4759322966953752,0.3954061960765668,,,,,,,,,,,,,,,,,,,,,,,
4323,70985.5424,,,,,,Frage 1,,,,,,1.0,-1.0,-1.0,-1.0,-1.0,0.03388974098219233,0.0,71002.99699999997,-1.0,-1.0,-1.0,-1.0,-1.0,-1.0,4.0,4.0,1.0,0.4762576401214801,0.3955127310509079,,,,,,,,,,,,,,,,,,,,,,,
4324,71002.1966,,,,,,Frage 1,,,,,,1.0,-1.0,-1.0,-1.0,-1.0,0.0,0.0,71019.652,-1.0,-1.0,-1.0,-1.0,-1.0,-1.0,4.0,4.0,1.0,0.4759322966953752,0.3954061960765668,,,,,,,,,,,,,,,,,,,,,,,
4325,71018.8527,,,,,,Frage 1,,,,,,1.0,-1.0,-1.0,-1.0,-1.0,0.0,0.0,71036.30700000003,-1.0,-1.0,-1.0,-1.0,-1.0,-1.0,4.0,4.0,1.0,0.4759322966953752,0.3954061960765668,,,,,,,,,,,,,,,,,,,,,,,
4326,71035.5062,,,,,,Frage 1,,,,,,1.0,-1.0,-1.0,-1.0,-1.0,0.0,0.0,71052.96200000006,-1.0,-1.0,-1.0,-1.0,-1.0,-1.0,4.0,4.0,1.0,0.4759322966953752,0.3954061960765668,,,,,,,,,,,,,,,,,,,,,,,
4327,71052.1617,,,,,,Frage 1,,,,,,1.0,-1.0,-1.0,-1.0,-1.0,0.0,0.0,71069.61600000004,-1.0,-1.0,-1.0,-1.0,-1.0,-1.0,4.0,4.0,1.0,0.4759322966953752,0.3954061960765668,,,,,,,,,,,,,,,,,,,,,,,
4328,71068.8166,,,,,,Frage 1,,,,,,1.0,-1.0,-1.0,-1.0,-1.0,0.0,0.0,71086.27100000007,-1.0,-1.0,-1.0,-1.0,-1.0,-1.0,4.0,4.0,1.0,0.4759322966953752,0.3954061960765668,,,,,,,,,,,,,,,,,,,,,,,
4329,71085.4699,,,,,,Frage 1,,,,,,1.0,-1.0,-1.0,-1.0,-1.0,0.0,0.0,71102.92599999998,-1.0,-1.0,-1.0,-1.0,-1.0,-1.0,4.0,4.0,1.0,0.4759322966953752,0.3954061960765668,,,,,,,,,,,,,,,,,,,,,,,
4330,71102.1259,,,,,,Frage 1,,,,,,1.0,-1.0,-1.0,-1.0,-1.0,0.0,0.0,71119.58000000007,-1.0,-1.0,-1.0,-1.0,-1.0,-1.0,4.0,4.0,1.0,0.4759322966953752,0.3954061960765668,,,,,,,,,,,,,,,,,,,,,,,
4331,71118.7796,,,,,,Frage 1,,,,,,1.0,-1.0,-1.0,-1.0,-1.0,0.0,0.0,71136.23499999999,-1.0,-1.0,-1.0,-1.0,-1.0,-1.0,4.0,4.0,1.0,0.4759322966953752,0.3954061960765668,,,,,,,,,,,,,,,,,,,,,,,
4332,71135.4345,,,,,,Frage 1,,,,,,1.0,-1.0,-1.0,-1.0,-1.0,0.0,0.0,71152.89000000001,-1.0,-1.0,-1.0,-1.0,-1.0,-1.0,4.0,4.0,1.0,0.4759322966953752,0.3954061960765668,,,,,,,,,,,,,,,,,,,,,,,
4333,71152.0891,,,,,,Frage 1,,,,,,1.0,-1.0,-1.0,-1.0,-1.0,0.03388974098219233,0.0,71169.544,-1.0,-1.0,-1.0,-1.0,-1.0,-1.0,4.0,4.0,1.0,0.4762576401214801,0.3955127310509079,,,,,,,,,,,,,,,,,,,,,,,
4334,71168.7438,,,,,,Frage 1,,,,,,1.0,-1.0,-1.0,-1.0,-1.0,0.0,0.0,71186.19900000002,-1.0,-1.0,-1.0,-1.0,-1.0,-1.0,4.0,4.0,1.0,0.4759322966953752,0.3954061960765668,,,,,,,,,,,,,,,,,,,,,,,
4335,71185.4,,,,,,Frage 1,,,,,,1.0,-1.0,-1.0,-1.0,-1.0,0.0,0.0,71202.85400000005,-1.0,-1.0,-1.0,-1.0,-1.0,-1.0,4.0,4.0,1.0,0.4759322966953752,0.3954061960765668,,,,,,,,,,,,,,,,,,,,,,,
4336,71202.0523,,,,,,Frage 1,,,,,,1.0,-1.0,-1.0,-1.0,-1.0,0.0,0.0,71219.50800000003,-1.0,-1.0,-1.0,-1.0,-1.0,-1.0,4.0,4.0,1.0,0.4759322966953752,0.3954061960765668,,,,,,,,,,,,,,,,,,,,,,,
4337,71218.7128,,,,,,Frage 1,,,,,,1.0,-1.0,-1.0,-1.0,-1.0,0.0,0.0,71236.16300000006,-1.0,-1.0,-1.0,-1.0,-1.0,-1.0,4.0,4.0,1.0,0.4759322966953752,0.3954061960765668,,,,,,,,,,,,,,,,,,,,,,,
4338,71235.3635,,,,,,Frage 1,,,,,,1.0,-1.0,-1.0,-1.0,-1.0,0.0,0.0,71252.81799999997,-1.0,-1.0,-1.0,-1.0,-1.0,-1.0,4.0,4.0,1.0,0.4759322966953752,0.3954061960765668,,,,,,,,,,,,,,,,,,,,,,,
4339,71252.0168,,,,,,Frage 1,,,,,,1.0,-1.0,-1.0,-1.0,-1.0,0.0,0.0,71269.47200000007,-1.0,-1.0,-1.0,-1.0,-1.0,-1.0,4.0,4.0,1.0,0.4759322966953752,0.3954061960765668,,,,,,,,,,,,,,,,,,,,,,,
4340,71268.6721,,,,,,Frage 1,,,,,,1.0,-1.0,-1.0,-1.0,-1.0,0.0,0.0,71286.12699999998,-1.0,-1.0,-1.0,-1.0,-1.0,-1.0,4.0,4.0,1.0,0.4759322966953752,0.3954061960765668,,,,,,,,,,,,,,,,,,,,,,,
4341,71285.3259,,,,,,Frage 1,,,,,,1.0,-1.0,-1.0,-1.0,-1.0,0.0,0.0,71302.782,-1.0,-1.0,-1.0,-1.0,-1.0,-1.0,4.0,4.0,1.0,0.4759322966953752,0.3954061960765668,,,,,,,,,,,,,,,,,,,,,,,
4342,71301.9824,,,,,,Frage 1,,,,,,1.0,-1.0,-1.0,-1.0,-1.0,0.0,0.0,71319.43700000003,-1.0,-1.0,-1.0,-1.0,-1.0,-1.0,4.0,4.0,1.0,0.4759322966953752,0.3954061960765668,,,,,,,,,,,,,,,,,,,,,,,
4343,71318.6366,,,,,,Frage 1,,,,,,1.0,-1.0,-1.0,-1.0,-1.0,0.0,0.0,71336.09100000001,-1.0,-1.0,-1.0,-1.0,-1.0,-1.0,4.0,4.0,1.0,0.4759322966953752,0.3954061960765668,,,,,,,,,,,,,,,,,,,,,,,
4344,71335.2901,,,,,,Frage 1,,,,,,1.0,-1.0,-1.0,-1.0,-1.0,0.0,0.018097082863962055,71352.74600000004,-1.0,-1.0,-1.0,-1.0,-1.0,-1.0,4.0,4.0,1.0,0.47307184518740275,0.394481298666511,,,,,,,,,,,,,,,,,,,,,,,
4345,71351.9466,,,,,,Frage 1,,,,,,1.0,-1.0,-1.0,-1.0,-1.0,0.0,0.0,71369.40100000007,-1.0,-1.0,-1.0,-1.0,-1.0,-1.0,4.0,4.0,1.0,0.4759322966953752,0.3954061960765668,,,,,,,,,,,,,,,,,,,,,,,
4346,71368.5997,,,,,,Frage 1,,,,,,1.0,-1.0,-1.0,-1.0,-1.0,0.0,0.0,71386.05500000005,-1.0,-1.0,-1.0,-1.0,-1.0,-1.0,4.0,4.0,1.0,0.4759322966953752,0.3954061960765668,,,,,,,,,,,,,,,,,,,,,,,
4347,71385.2558,,,,,,Frage 1,,,,,,1.0,-1.0,-1.0,-1.0,-1.0,0.03388974098219233,0.0,71402.70999999996,-1.0,-1.0,-1.0,-1.0,-1.0,-1.0,4.0,4.0,1.0,0.4762576401214801,0.3955127310509079,,,,,,,,,,,,,,,,,,,,,,,
4348,71401.9101,,,,,,Frage 1,,,,,,1.0,-1.0,-1.0,-1.0,-1.0,0.03388974098219233,0.0,71419.36499999999,-1.0,-1.0,-1.0,-1.0,-1.0,-1.0,4.0,4.0,1.0,0.4762576401214801,0.3955127310509079,,,,,,,,,,,,,,,,,,,,,,,
4349,71418.5637,,,,,,Frage 1,,,,,,1.0,-1.0,-1.0,-1.0,-1.0,0.03388974098219233,0.0,71436.01899999997,-1.0,-1.0,-1.0,-1.0,-1.0,-1.0,4.0,4.0,1.0,0.4762576401214801,0.3955127310509079,,,,,,,,,,,,,,,,,,,,,,,
4350,71435.2194,,,,,,Frage 1,,,,,,1.0,-1.0,-1.0,-1.0,-1.0,0.0,0.0,71452.674,-1.0,-1.0,-1.0,-1.0,-1.0,-1.0,4.0,4.0,1.0,0.4759322966953752,0.3954061960765668,,,,,,,,,,,,,,,,,,,,,,,
4351,71451.8735,,,,,,Frage 1,,,,,,1.0,-1.0,-1.0,-1.0,-1.0,0.0,0.0,71469.32900000003,-1.0,-1.0,-1.0,-1.0,-1.0,-1.0,4.0,4.0,1.0,0.4759322966953752,0.3954061960765668,,,,,,,,,,,,,,,,,,,,,,,
4352,71468.5289,,,,,,Frage 1,,,,,,1.0,-1.0,-1.0,-1.0,-1.0,0.0,0.018097082863962055,71485.98300000001,-1.0,-1.0,-1.0,-1.0,-1.0,-1.0,4.0,4.0,1.0,0.47307184518740275,0.394481298666511,,,,,,,,,,,,,,,,,,,,,,,
4353,71485.1832,,,,,,Frage 1,,,,,,1.0,-1.0,-1.0,-1.0,-1.0,0.0,0.0,71502.63800000004,-1.0,-1.0,-1.0,-1.0,-1.0,-1.0,4.0,4.0,1.0,0.4759322966953752,0.3954061960765668,,,,,,,,,,,,,,,,,,,,,,,
4354,71501.8374,,,,,,Frage 1,,,,,,1.0,-1.0,-1.0,-1.0,-1.0,0.0,0.0,71519.29300000006,-1.0,-1.0,-1.0,-1.0,-1.0,-1.0,4.0,4.0,1.0,0.4759322966953752,0.3954061960765668,,,,,,,,,,,,,,,,,,,,,,,
4355,71518.492,,,,,,Frage 1,,,,,,1.0,-1.0,-1.0,-1.0,-1.0,0.0,0.0,71535.94700000004,-1.0,-1.0,-1.0,-1.0,-1.0,-1.0,4.0,4.0,1.0,0.4759322966953752,0.3954061960765668,,,,,,,,,,,,,,,,,,,,,,,
4356,71535.1466,,,,,,Frage 1,,,,,,1.0,-1.0,-1.0,-1.0,-1.0,0.0,0.0,71552.60200000007,-1.0,-1.0,-1.0,-1.0,-1.0,-1.0,4.0,4.0,1.0,0.4759322966953752,0.3954061960765668,,,,,,,,,,,,,,,,,,,,,,,
4357,71551.8029,,,,,,Frage 1,,,,,,1.0,-1.0,-1.0,-1.0,-1.0,0.0,0.0,71569.25699999998,-1.0,-1.0,-1.0,-1.0,-1.0,-1.0,4.0,4.0,1.0,0.4759322966953752,0.3954061960765668,,,,,,,,,,,,,,,,,,,,,,,
4358,71568.4573,,,,,,Frage 1,,,,,,1.0,-1.0,-1.0,-1.0,-1.0,0.0,0.018097082863962055,71585.91200000001,-1.0,-1.0,-1.0,-1.0,-1.0,-1.0,4.0,4.0,1.0,0.47307184518740275,0.394481298666511,,,,,,,,,,,,,,,,,,,,,,,
4359,71585.1106,,,,,,Frage 1,,,,,,1.0,-1.0,-1.0,-1.0,-1.0,0.0,0.0,71602.56599999999,-1.0,-1.0,-1.0,-1.0,-1.0,-1.0,4.0,4.0,1.0,0.4759322966953752,0.3954061960765668,,,,,,,,,,,,,,,,,,,,,,,
4360,71601.7663,,,,,,Frage 1,,,,,,1.0,-1.0,-1.0,-1.0,-1.0,0.0,0.0,71619.22100000002,-1.0,-1.0,-1.0,-1.0,-1.0,-1.0,4.0,4.0,1.0,0.4759322966953752,0.3954061960765668,,,,,,,,,,,,,,,,,,,,,,,
4361,71618.4198,,,,,,Frage 1,,,,,,1.0,-1.0,-1.0,-1.0,-1.0,0.0,0.0,71635.87600000005,-1.0,-1.0,-1.0,-1.0,-1.0,-1.0,4.0,4.0,1.0,0.4759322966953752,0.3954061960765668,,,,,,,,,,,,,,,,,,,,,,,
4362,71635.0753,,,,,,Frage 1,,,,,,1.0,-1.0,-1.0,-1.0,-1.0,0.0,0.0,71652.53000000003,-1.0,-1.0,-1.0,-1.0,-1.0,-1.0,4.0,4.0,1.0,0.4759322966953752,0.3954061960765668,,,,,,,,,,,,,,,,,,,,,,,
4363,71651.7303,,,,,,Frage 1,,,,,,1.0,-1.0,-1.0,-1.0,-1.0,0.0,0.0,71669.18500000006,-1.0,-1.0,-1.0,-1.0,-1.0,-1.0,4.0,4.0,1.0,0.4759322966953752,0.3954061960765668,,,,,,,,,,,,,,,,,,,,,,,
4364,71668.3842,,,,,,Frage 1,,,,,,1.0,-1.0,-1.0,-1.0,-1.0,0.0,0.018097082863962055,71685.83999999997,-1.0,-1.0,-1.0,-1.0,-1.0,-1.0,4.0,4.0,1.0,0.47307184518740275,0.394481298666511,,,,,,,,,,,,,,,,,,,,,,,
4365,71685.0398,,,,,,Frage 1,,,,,,1.0,-1.0,-1.0,-1.0,-1.0,0.0,0.018097082863962055,71702.49400000006,-1.0,-1.0,-1.0,-1.0,-1.0,-1.0,4.0,4.0,1.0,0.47307184518740275,0.394481298666511,,,,,,,,,,,,,,,,,,,,,,,
4366,71701.6932,,,,,,Frage 1,,,,,,1.0,-1.0,-1.0,-1.0,-1.0,0.0,0.0,71719.14899999998,-1.0,-1.0,-1.0,-1.0,-1.0,-1.0,4.0,4.0,1.0,0.4759322966953752,0.3954061960765668,,,,,,,,,,,,,,,,,,,,,,,
4367,71718.3492,,,,,,Frage 1,,,,,,1.0,-1.0,-1.0,-1.0,-1.0,0.0,0.0,71735.804,-1.0,-1.0,-1.0,-1.0,-1.0,-1.0,4.0,4.0,1.0,0.4759322966953752,0.3954061960765668,,,,,,,,,,,,,,,,,,,,,,,
4368,71735.0037,,,,,,Frage 1,,,,,,1.0,-1.0,-1.0,-1.0,-1.0,0.0,0.0,71752.45799999998,-1.0,-1.0,-1.0,-1.0,-1.0,-1.0,4.0,4.0,1.0,0.4759322966953752,0.3954061960765668,,,,,,,,,,,,,,,,,,,,,,,
4369,71769.4701,,,,,,Frage 1,,,,,,1.0,-1.0,-1.0,-1.0,-1.0,0.0,0.0,71786.92599999998,-1.0,-1.0,-1.0,-1.0,-1.0,-1.0,4.0,4.0,1.0,0.4759322966953752,0.3954061960765668,,,,,,,,,,,,,,,,,,,,,,,
4370,71786.1252,,,,,,Frage 1,,,,,,1.0,-1.0,-1.0,-1.0,-1.0,0.0,0.0,71803.58000000007,-1.0,-1.0,-1.0,-1.0,-1.0,-1.0,4.0,4.0,1.0,0.4759322966953752,0.3954061960765668,,,,,,,,,,,,,,,,,,,,,,,
4371,71802.7796,,,,,,Frage 1,,,,,,1.0,-1.0,-1.0,-1.0,-1.0,0.0,0.0,71820.23499999999,-1.0,-1.0,-1.0,-1.0,-1.0,-1.0,4.0,4.0,1.0,0.4759322966953752,0.3954061960765668,,,,,,,,,,,,,,,,,,,,,,,
4372,71819.4351,,,,,,Frage 1,,,,,,1.0,-1.0,-1.0,-1.0,-1.0,0.0,0.0,71836.89000000001,-1.0,-1.0,-1.0,-1.0,-1.0,-1.0,4.0,4.0,1.0,0.4759322966953752,0.3954061960765668,,,,,,,,,,,,,,,,,,,,,,,
4373,71836.089,,,,,,Frage 1,,,,,,1.0,-1.0,-1.0,-1.0,-1.0,0.0,0.0,71853.54500000004,-1.0,-1.0,-1.0,-1.0,-1.0,-1.0,4.0,4.0,1.0,0.4759322966953752,0.3954061960765668,,,,,,,,,,,,,,,,,,,,,,,
4374,71840.9152,,,,,,Frage 1,1.0,0.455063939094543,29.3907204859052,0.191235646605492,202.72265625,,,,,,0.6585048574425887,0.6495113533451946,,,,,,,,,,,0.37959439571535225,0.3642823432120883,,,,,,,,,,,,,,,,,,,,,,,
4375,71852.7445,,,,,,Frage 1,,,,,,1.0,-1.0,-1.0,-1.0,-1.0,0.0,0.0,71870.19900000002,-1.0,-1.0,-1.0,-1.0,-1.0,-1.0,4.0,4.0,1.0,0.4759322966953752,0.3954061960765668,,,,,,,,,,,,,,,,,,,,,,,
4376,71869.3987,,,,,,Frage 1,,,,,,1.0,-1.0,-1.0,-1.0,-1.0,0.0,0.0,71886.85400000005,-1.0,-1.0,-1.0,-1.0,-1.0,-1.0,4.0,4.0,1.0,0.4759322966953752,0.3954061960765668,,,,,,,,,,,,,,,,,,,,,,,
4377,71886.0541,,,,,,Frage 1,,,,,,1.0,-1.0,-1.0,-1.0,-1.0,0.0,0.0,71903.50899999996,-1.0,-1.0,-1.0,-1.0,-1.0,-1.0,4.0,4.0,1.0,0.4759322966953752,0.3954061960765668,,,,,,,,,,,,,,,,,,,,,,,
4378,71902.7087,,,,,,Frage 1,,,,,,1.0,-1.0,-1.0,-1.0,-1.0,0.0,0.018097082863962055,71920.16300000006,-1.0,-1.0,-1.0,-1.0,-1.0,-1.0,4.0,4.0,1.0,0.47307184518740275,0.394481298666511,,,,,,,,,,,,,,,,,,,,,,,
4379,71932.7722,,,,,,Frage 1,,,,,,1.0,-1.0,-1.0,-1.0,-1.0,0.0,0.018097082863962055,71950.228,-1.0,-1.0,-1.0,-1.0,-1.0,-1.0,4.0,4.0,1.0,0.47307184518740275,0.394481298666511,,,,,,,,,,,,,,,,,,,,,,,
4380,71949.4285,,,,,,Frage 1,,,,,,1.0,-1.0,-1.0,-1.0,-1.0,0.0,0.0,71966.88300000003,-1.0,-1.0,-1.0,-1.0,-1.0,-1.0,4.0,4.0,1.0,0.4759322966953752,0.3954061960765668,,,,,,,,,,,,,,,,,,,,,,,
4381,71966.0816,,,,,,Frage 1,,,,,,1.0,-1.0,-1.0,-1.0,-1.0,0.0,0.0,71983.53700000001,-1.0,-1.0,-1.0,-1.0,-1.0,-1.0,4.0,4.0,1.0,0.4759322966953752,0.3954061960765668,,,,,,,,,,,,,,,,,,,,,,,
4382,71982.7375,,,,,,Frage 1,,,,,,1.0,-1.0,-1.0,-1.0,-1.0,0.0,0.0,72000.19200000004,-1.0,-1.0,-1.0,-1.0,-1.0,-1.0,4.0,4.0,1.0,0.4759322966953752,0.3954061960765668,,,,,,,,,,,,,,,,,,,,,,,
4383,71999.393,,,,,,Frage 1,,,,,,1.0,-1.0,-1.0,-1.0,-1.0,0.0,0.0,72016.84700000007,-1.0,-1.0,-1.0,-1.0,-1.0,-1.0,4.0,4.0,1.0,0.4759322966953752,0.3954061960765668,,,,,,,,,,,,,,,,,,,,,,,
4384,72016.0448,,,,,,Frage 1,,,,,,1.0,-1.0,-1.0,-1.0,-1.0,0.0,0.0,72033.50100000005,-1.0,-1.0,-1.0,-1.0,-1.0,-1.0,4.0,4.0,1.0,0.4759322966953752,0.3954061960765668,,,,,,,,,,,,,,,,,,,,,,,
4385,72032.7016,,,,,,Frage 1,,,,,,1.0,-1.0,-1.0,-1.0,-1.0,0.0,0.0,72050.15600000008,-1.0,-1.0,-1.0,-1.0,-1.0,-1.0,4.0,4.0,1.0,0.4759322966953752,0.3954061960765668,,,,,,,,,,,,,,,,,,,,,,,
4386,72049.3551,,,,,,Frage 1,,,,,,1.0,-1.0,-1.0,-1.0,-1.0,0.6585048574425887,0.6495113533451946,72066.81099999999,-1.0,-1.0,-1.0,-1.0,-1.0,-1.0,4.0,4.0,1.0,0.37959439571535225,0.3642823432120883,,,,,,,,,,,,,,,,,,,,,,,
4387,72066.0101,,,,,,Frage 1,,,,,,1.0,-1.0,-1.0,-1.0,-1.0,0.0,0.018097082863962055,72083.46499999997,-1.0,-1.0,-1.0,-1.0,-1.0,-1.0,4.0,4.0,1.0,0.47307184518740275,0.394481298666511,,,,,,,,,,,,,,,,,,,,,,,
4388,72082.6655,,,,,,Frage 1,,,,,,1.0,-1.0,-1.0,-1.0,-1.0,0.0,0.0,72100.11999999998,-1.0,-1.0,-1.0,-1.0,-1.0,-1.0,4.0,4.0,1.0,0.4759322966953752,0.3954061960765668,,,,,,,,,,,,,,,,,,,,,,,
4389,72099.3199,,,,,,Frage 1,,,,,,1.0,-1.0,-1.0,-1.0,-1.0,0.0,0.018097082863962055,72116.77500000001,-1.0,-1.0,-1.0,-1.0,-1.0,-1.0,4.0,4.0,1.0,0.47307184518740275,0.394481298666511,,,,,,,,,,,,,,,,,,,,,,,
4390,72115.9748,,,,,,Frage 1,,,,,,1.0,-1.0,-1.0,-1.0,-1.0,0.0,0.0,72133.43000000005,-1.0,-1.0,-1.0,-1.0,-1.0,-1.0,4.0,4.0,1.0,0.4759322966953752,0.3954061960765668,,,,,,,,,,,,,,,,,,,,,,,
4391,72132.628,,,,,,Frage 1,,,,,,1.0,-1.0,-1.0,-1.0,-1.0,0.0,0.0,72150.08400000003,-1.0,-1.0,-1.0,-1.0,-1.0,-1.0,4.0,4.0,1.0,0.4759322966953752,0.3954061960765668,,,,,,,,,,,,,,,,,,,,,,,
4392,72149.284,,,,,,Frage 1,,,,,,1.0,-1.0,-1.0,-1.0,-1.0,0.0,0.0,72166.73900000006,-1.0,-1.0,-1.0,-1.0,-1.0,-1.0,4.0,4.0,1.0,0.4759322966953752,0.3954061960765668,,,,,,,,,,,,,,,,,,,,,,,
4393,72165.9402,,,,,,Frage 1,,,,,,1.0,-1.0,-1.0,-1.0,-1.0,0.0,0.0,72183.39399999997,-1.0,-1.0,-1.0,-1.0,-1.0,-1.0,4.0,4.0,1.0,0.4759322966953752,0.3954061960765668,,,,,,,,,,,,,,,,,,,,,,,
4394,72182.5923,,,,,,Frage 1,,,,,,1.0,-1.0,-1.0,-1.0,-1.0,0.0,0.0,72200.04800000007,-1.0,-1.0,-1.0,-1.0,-1.0,-1.0,4.0,4.0,1.0,0.4759322966953752,0.3954061960765668,,,,,,,,,,,,,,,,,,,,,,,
4395,72199.2482,,,,,,Frage 1,,,,,,1.0,-1.0,-1.0,-1.0,-1.0,0.0,0.0,72216.70299999998,-1.0,-1.0,-1.0,-1.0,-1.0,-1.0,4.0,4.0,1.0,0.4759322966953752,0.3954061960765668,,,,,,,,,,,,,,,,,,,,,,,
4396,72215.9022,,,,,,Frage 1,,,,,,1.0,-1.0,-1.0,-1.0,-1.0,0.03388974098219233,0.0,72233.358,-1.0,-1.0,-1.0,-1.0,-1.0,-1.0,4.0,4.0,1.0,0.4762576401214801,0.3955127310509079,,,,,,,,,,,,,,,,,,,,,,,
4397,72232.5563,,,,,,Frage 1,,,,,,1.0,-1.0,-1.0,-1.0,-1.0,0.0,0.0,72250.012,-1.0,-1.0,-1.0,-1.0,-1.0,-1.0,4.0,4.0,1.0,0.4759322966953752,0.3954061960765668,,,,,,,,,,,,,,,,,,,,,,,
4398,72249.2127,,,,,,Frage 1,,,,,,1.0,-1.0,-1.0,-1.0,-1.0,0.0,0.0,72266.66700000002,-1.0,-1.0,-1.0,-1.0,-1.0,-1.0,4.0,4.0,1.0,0.4759322966953752,0.3954061960765668,,,,,,,,,,,,,,,,,,,,,,,
4399,72265.8658,,,,,,Frage 1,,,,,,1.0,-1.0,-1.0,-1.0,-1.0,0.03388974098219233,0.0,72283.32200000003,-1.0,-1.0,-1.0,-1.0,-1.0,-1.0,4.0,4.0,1.0,0.4762576401214801,0.3955127310509079,,,,,,,,,,,,,,,,,,,,,,,
4400,72282.5216,,,,,,Frage 1,,,,,,1.0,-1.0,-1.0,-1.0,-1.0,0.0,0.0,72299.97600000001,-1.0,-1.0,-1.0,-1.0,-1.0,-1.0,4.0,4.0,1.0,0.4759322966953752,0.3954061960765668,,,,,,,,,,,,,,,,,,,,,,,
4401,72299.175,,,,,,Frage 1,,,,,,1.0,-1.0,-1.0,-1.0,-1.0,0.03388974098219233,0.0,72316.63100000005,-1.0,-1.0,-1.0,-1.0,-1.0,-1.0,4.0,4.0,1.0,0.4762576401214801,0.3955127310509079,,,,,,,,,,,,,,,,,,,,,,,
4402,72315.8318,,,,,,Frage 1,,,,,,1.0,-1.0,-1.0,-1.0,-1.0,0.0,0.0,72333.28599999996,-1.0,-1.0,-1.0,-1.0,-1.0,-1.0,4.0,4.0,1.0,0.4759322966953752,0.3954061960765668,,,,,,,,,,,,,,,,,,,,,,,
4403,72332.4859,,,,,,Frage 1,,,,,,1.0,-1.0,-1.0,-1.0,-1.0,0.03388974098219233,0.0,72349.94000000006,-1.0,-1.0,-1.0,-1.0,-1.0,-1.0,4.0,4.0,1.0,0.4762576401214801,0.3955127310509079,,,,,,,,,,,,,,,,,,,,,,,
4404,72349.1396,,,,,,Frage 1,,,,,,1.0,-1.0,-1.0,-1.0,-1.0,0.0,0.0,72366.59499999997,-1.0,-1.0,-1.0,-1.0,-1.0,-1.0,4.0,4.0,1.0,0.4759322966953752,0.3954061960765668,,,,,,,,,,,,,,,,,,,,,,,
4405,72365.7953,,,,,,Frage 1,,,,,,1.0,-1.0,-1.0,-1.0,-1.0,0.0,0.0,72383.25,-1.0,-1.0,-1.0,-1.0,-1.0,-1.0,4.0,4.0,1.0,0.4759322966953752,0.3954061960765668,,,,,,,,,,,,,,,,,,,,,,,
4406,72382.4491,,,,,,Frage 1,,,,,,1.0,-1.0,-1.0,-1.0,-1.0,0.0,0.0,72399.90500000003,-1.0,-1.0,-1.0,-1.0,-1.0,-1.0,4.0,4.0,1.0,0.4759322966953752,0.3954061960765668,,,,,,,,,,,,,,,,,,,,,,,
4407,72399.1039,,,,,,Frage 1,,,,,,1.0,-1.0,-1.0,-1.0,-1.0,0.0,0.0,72416.559,-1.0,-1.0,-1.0,-1.0,-1.0,-1.0,4.0,4.0,1.0,0.4759322966953752,0.3954061960765668,,,,,,,,,,,,,,,,,,,,,,,
4408,72415.7597,,,,,,Frage 1,,,,,,1.0,-1.0,-1.0,-1.0,-1.0,0.0,0.0,72433.21400000004,-1.0,-1.0,-1.0,-1.0,-1.0,-1.0,4.0,4.0,1.0,0.4759322966953752,0.3954061960765668,,,,,,,,,,,,,,,,,,,,,,,
4409,72432.4133,,,,,,Frage 1,,,,,,1.0,-1.0,-1.0,-1.0,-1.0,0.0,0.0,72449.86900000006,-1.0,-1.0,-1.0,-1.0,-1.0,-1.0,4.0,4.0,1.0,0.4759322966953752,0.3954061960765668,,,,,,,,,,,,,,,,,,,,,,,
4410,72449.0679,,,,,,Frage 1,,,,,,1.0,-1.0,-1.0,-1.0,-1.0,0.0,0.0,72466.52300000003,-1.0,-1.0,-1.0,-1.0,-1.0,-1.0,4.0,4.0,1.0,0.4759322966953752,0.3954061960765668,,,,,,,,,,,,,,,,,,,,,,,
4411,72465.722,,,,,,Frage 1,,,,,,1.0,-1.0,-1.0,-1.0,-1.0,0.0,0.0,72483.17800000006,-1.0,-1.0,-1.0,-1.0,-1.0,-1.0,4.0,4.0,1.0,0.4759322966953752,0.3954061960765668,,,,,,,,,,,,,,,,,,,,,,,
4412,72482.3781,,,,,,Frage 1,,,,,,1.0,-1.0,-1.0,-1.0,-1.0,0.6585048574425887,0.6495113533451946,72499.83299999998,-1.0,-1.0,-1.0,-1.0,-1.0,-1.0,4.0,4.0,1.0,0.37959439571535225,0.3642823432120883,,,,,,,,,,,,,,,,,,,,,,,
4413,72499.0318,,,,,,Frage 1,,,,,,1.0,-1.0,-1.0,-1.0,-1.0,0.0,0.0,72516.48699999996,-1.0,-1.0,-1.0,-1.0,-1.0,-1.0,4.0,4.0,1.0,0.4759322966953752,0.3954061960765668,,,,,,,,,,,,,,,,,,,,,,,
4414,72515.6867,,,,,,Frage 1,,,,,,1.0,-1.0,-1.0,-1.0,-1.0,0.0,0.0,72533.14199999998,-1.0,-1.0,-1.0,-1.0,-1.0,-1.0,4.0,4.0,1.0,0.4759322966953752,0.3954061960765668,,,,,,,,,,,,,,,,,,,,,,,
4415,72532.3423,,,,,,Frage 1,,,,,,1.0,-1.0,-1.0,-1.0,-1.0,0.0,0.0,72549.79700000002,-1.0,-1.0,-1.0,-1.0,-1.0,-1.0,4.0,4.0,1.0,0.4759322966953752,0.3954061960765668,,,,,,,,,,,,,,,,,,,,,,,
4416,72548.9953,,,,,,Frage 1,,,,,,1.0,-1.0,-1.0,-1.0,-1.0,0.0,0.0,72566.451,-1.0,-1.0,-1.0,-1.0,-1.0,-1.0,4.0,4.0,1.0,0.4759322966953752,0.3954061960765668,,,,,,,,,,,,,,,,,,,,,,,
4417,72565.6525,,,,,,Frage 1,,,,,,1.0,-1.0,-1.0,-1.0,-1.0,0.0,0.0,72583.10600000003,-1.0,-1.0,-1.0,-1.0,-1.0,-1.0,4.0,4.0,1.0,0.4759322966953752,0.3954061960765668,,,,,,,,,,,,,,,,,,,,,,,
4418,72582.3061,,,,,,Frage 1,,,,,,1.0,-1.0,-1.0,-1.0,-1.0,0.0,0.0,72599.76100000004,-1.0,-1.0,-1.0,-1.0,-1.0,-1.0,4.0,4.0,1.0,0.4759322966953752,0.3954061960765668,,,,,,,,,,,,,,,,,,,,,,,
4419,72598.9597,,,,,,Frage 1,,,,,,1.0,-1.0,-1.0,-1.0,-1.0,0.03388974098219233,0.0,72616.41500000004,-1.0,-1.0,-1.0,-1.0,-1.0,-1.0,4.0,4.0,1.0,0.4762576401214801,0.3955127310509079,,,,,,,,,,,,,,,,,,,,,,,
4420,72615.6149,,,,,,Frage 1,,,,,,1.0,-1.0,-1.0,-1.0,-1.0,0.0,0.0,72633.07000000007,-1.0,-1.0,-1.0,-1.0,-1.0,-1.0,4.0,4.0,1.0,0.4759322966953752,0.3954061960765668,,,,,,,,,,,,,,,,,,,,,,,
4421,72632.2697,,,,,,Frage 1,,,,,,1.0,-1.0,-1.0,-1.0,-1.0,0.0,0.0,72649.72499999996,-1.0,-1.0,-1.0,-1.0,-1.0,-1.0,4.0,4.0,1.0,0.4759322966953752,0.3954061960765668,,,,,,,,,,,,,,,,,,,,,,,
4422,72648.9252,,,,,,Frage 1,,,,,,1.0,-1.0,-1.0,-1.0,-1.0,0.0,0.0,72666.38,-1.0,-1.0,-1.0,-1.0,-1.0,-1.0,4.0,4.0,1.0,0.4759322966953752,0.3954061960765668,,,,,,,,,,,,,,,,,,,,,,,
4423,72665.5792,,,,,,Frage 1,,,,,,1.0,-1.0,-1.0,-1.0,-1.0,0.0,0.0,72683.03399999999,-1.0,-1.0,-1.0,-1.0,-1.0,-1.0,4.0,4.0,1.0,0.4759322966953752,0.3954061960765668,,,,,,,,,,,,,,,,,,,,,,,
4424,72682.2328,,,,,,Frage 1,,,,,,1.0,-1.0,-1.0,-1.0,-1.0,0.0,0.0,72699.68900000001,-1.0,-1.0,-1.0,-1.0,-1.0,-1.0,4.0,4.0,1.0,0.4759322966953752,0.3954061960765668,,,,,,,,,,,,,,,,,,,,,,,
4425,72698.8889,,,,,,Frage 1,,,,,,1.0,-1.0,-1.0,-1.0,-1.0,0.0,0.0,72716.34400000003,-1.0,-1.0,-1.0,-1.0,-1.0,-1.0,4.0,4.0,1.0,0.4759322966953752,0.3954061960765668,,,,,,,,,,,,,,,,,,,,,,,
4426,72715.5422,,,,,,Frage 1,,,,,,1.0,-1.0,-1.0,-1.0,-1.0,0.0,0.0,72732.99800000002,-1.0,-1.0,-1.0,-1.0,-1.0,-1.0,4.0,4.0,1.0,0.4759322966953752,0.3954061960765668,,,,,,,,,,,,,,,,,,,,,,,
4427,72732.1979,,,,,,Frage 1,,,,,,1.0,-1.0,-1.0,-1.0,-1.0,0.0,0.0,72749.65300000005,-1.0,-1.0,-1.0,-1.0,-1.0,-1.0,4.0,4.0,1.0,0.4759322966953752,0.3954061960765668,,,,,,,,,,,,,,,,,,,,,,,
4428,72748.8538,,,,,,Frage 1,,,,,,1.0,-1.0,-1.0,-1.0,-1.0,0.0,0.0,72766.30799999996,-1.0,-1.0,-1.0,-1.0,-1.0,-1.0,4.0,4.0,1.0,0.4759322966953752,0.3954061960765668,,,,,,,,,,,,,,,,,,,,,,,
4429,72765.5059,,,,,,Frage 1,,,,,,1.0,-1.0,-1.0,-1.0,-1.0,0.0,0.0,72782.96200000006,-1.0,-1.0,-1.0,-1.0,-1.0,-1.0,4.0,4.0,1.0,0.4759322966953752,0.3954061960765668,,,,,,,,,,,,,,,,,,,,,,,
4430,72782.1629,,,,,,Frage 1,,,,,,1.0,-1.0,-1.0,-1.0,-1.0,0.0,0.018097082863962055,72799.61699999998,-1.0,-1.0,-1.0,-1.0,-1.0,-1.0,4.0,4.0,1.0,0.47307184518740275,0.394481298666511,,,,,,,,,,,,,,,,,,,,,,,
4431,72798.816,,,,,,Frage 1,,,,,,1.0,-1.0,-1.0,-1.0,-1.0,0.0,0.0,72816.27199999998,-1.0,-1.0,-1.0,-1.0,-1.0,-1.0,4.0,4.0,1.0,0.4759322966953752,0.3954061960765668,,,,,,,,,,,,,,,,,,,,,,,
4432,72815.4717,,,,,,Frage 1,,,,,,1.0,-1.0,-1.0,-1.0,-1.0,0.0,0.0,72832.92599999996,-1.0,-1.0,-1.0,-1.0,-1.0,-1.0,4.0,4.0,1.0,0.4759322966953752,0.3954061960765668,,,,,,,,,,,,,,,,,,,,,,,
4433,72832.1265,,,,,,Frage 1,,,,,,1.0,-1.0,-1.0,-1.0,-1.0,0.0,0.0,72849.581,-1.0,-1.0,-1.0,-1.0,-1.0,-1.0,4.0,4.0,1.0,0.4759322966953752,0.3954061960765668,,,,,,,,,,,,,,,,,,,,,,,
4434,72848.7802,,,,,,Frage 1,,,,,,1.0,-1.0,-1.0,-1.0,-1.0,0.0,0.0,72866.23600000003,-1.0,-1.0,-1.0,-1.0,-1.0,-1.0,4.0,4.0,1.0,0.4759322966953752,0.3954061960765668,,,,,,,,,,,,,,,,,,,,,,,
4435,72863.715,,,,,,Frage 1,1.0,1.46495485305786,29.3919794079096,0.0,202.72265625,,,,,,0.6585048574425887,0.6495113533451946,,,,,,,,,,,0.37959439571535225,0.3642823432120883,,,,,,,,,,,,,,,,,,,,,,,
4436,72865.4357,,,,,,Frage 1,,,,,,1.0,-1.0,-1.0,-1.0,-1.0,0.03388974098219233,0.0,72882.89000000001,-1.0,-1.0,-1.0,-1.0,-1.0,-1.0,4.0,4.0,1.0,0.4762576401214801,0.3955127310509079,,,,,,,,,,,,,,,,,,,,,,,
4437,72882.0894,,,,,,Frage 1,,,,,,1.0,-1.0,-1.0,-1.0,-1.0,0.03388974098219233,0.0,72899.54500000003,-1.0,-1.0,-1.0,-1.0,-1.0,-1.0,4.0,4.0,1.0,0.4762576401214801,0.3955127310509079,,,,,,,,,,,,,,,,,,,,,,,
4438,72898.7441,,,,,,Frage 1,,,,,,1.0,-1.0,-1.0,-1.0,-1.0,0.0,0.0,72916.20000000007,-1.0,-1.0,-1.0,-1.0,-1.0,-1.0,4.0,4.0,1.0,0.4759322966953752,0.3954061960765668,,,,,,,,,,,,,,,,,,,,,,,
4439,72915.4005,,,,,,Frage 1,,,,,,1.0,-1.0,-1.0,-1.0,-1.0,0.0,0.0,72932.85499999998,-1.0,-1.0,-1.0,-1.0,-1.0,-1.0,4.0,4.0,1.0,0.4759322966953752,0.3954061960765668,,,,,,,,,,,,,,,,,,,,,,,
4440,72932.0535,,,,,,Frage 1,,,,,,1.0,-1.0,-1.0,-1.0,-1.0,0.0,0.0,72949.50899999996,-1.0,-1.0,-1.0,-1.0,-1.0,-1.0,4.0,4.0,1.0,0.4759322966953752,0.3954061960765668,,,,,,,,,,,,,,,,,,,,,,,
4441,72948.7095,,,,,,Frage 1,,,,,,1.0,-1.0,-1.0,-1.0,-1.0,0.0,0.0,72966.16399999999,-1.0,-1.0,-1.0,-1.0,-1.0,-1.0,4.0,4.0,1.0,0.4759322966953752,0.3954061960765668,,,,,,,,,,,,,,,,,,,,,,,
4442,72965.3632,,,,,,Frage 1,,,,,,1.0,-1.0,-1.0,-1.0,-1.0,0.03388974098219233,0.0,72982.81900000003,-1.0,-1.0,-1.0,-1.0,-1.0,-1.0,4.0,4.0,1.0,0.4762576401214801,0.3955127310509079,,,,,,,,,,,,,,,,,,,,,,,
4443,72982.0187,,,,,,Frage 1,,,,,,1.0,-1.0,-1.0,-1.0,-1.0,0.0,0.0,72999.473,-1.0,-1.0,-1.0,-1.0,-1.0,-1.0,4.0,4.0,1.0,0.4759322966953752,0.3954061960765668,,,,,,,,,,,,,,,,,,,,,,,
4444,72998.6732,,,,,,Frage 1,,,,,,1.0,-1.0,-1.0,-1.0,-1.0,0.0,0.0,73016.12800000001,-1.0,-1.0,-1.0,-1.0,-1.0,-1.0,4.0,4.0,1.0,0.4759322966953752,0.3954061960765668,,,,,,,,,,,,,,,,,,,,,,,
4445,73015.3275,,,,,,Frage 1,,,,,,1.0,-1.0,-1.0,-1.0,-1.0,0.03388974098219233,0.0,73032.78300000005,-1.0,-1.0,-1.0,-1.0,-1.0,-1.0,4.0,4.0,1.0,0.4762576401214801,0.3955127310509079,,,,,,,,,,,,,,,,,,,,,,,
4446,73031.9825,,,,,,Frage 1,,,,,,1.0,-1.0,-1.0,-1.0,-1.0,0.0,0.0,73049.43700000003,-1.0,-1.0,-1.0,-1.0,-1.0,-1.0,4.0,4.0,1.0,0.4759322966953752,0.3954061960765668,,,,,,,,,,,,,,,,,,,,,,,
4447,73048.6367,,,,,,Frage 1,,,,,,1.0,-1.0,-1.0,-1.0,-1.0,0.0,0.0,73066.09200000006,-1.0,-1.0,-1.0,-1.0,-1.0,-1.0,4.0,4.0,1.0,0.4759322966953752,0.3954061960765668,,,,,,,,,,,,,,,,,,,,,,,
4448,73065.2925,,,,,,Frage 1,,,,,,1.0,-1.0,-1.0,-1.0,-1.0,0.0,0.0,73082.74699999997,-1.0,-1.0,-1.0,-1.0,-1.0,-1.0,4.0,4.0,1.0,0.4759322966953752,0.3954061960765668,,,,,,,,,,,,,,,,,,,,,,,
4449,73081.9467,,,,,,Frage 1,,,,,,1.0,-1.0,-1.0,-1.0,-1.0,0.03388974098219233,0.0,73099.40100000007,-1.0,-1.0,-1.0,-1.0,-1.0,-1.0,4.0,4.0,1.0,0.4762576401214801,0.3955127310509079,,,,,,,,,,,,,,,,,,,,,,,
4450,73098.5999,,,,,,Frage 1,,,,,,1.0,-1.0,-1.0,-1.0,-1.0,0.0,0.0,73116.05599999998,-1.0,-1.0,-1.0,-1.0,-1.0,-1.0,4.0,4.0,1.0,0.4759322966953752,0.3954061960765668,,,,,,,,,,,,,,,,,,,,,,,
4451,73115.2569,,,,,,Frage 1,,,,,,1.0,-1.0,-1.0,-1.0,-1.0,0.0,0.018097082863962055,73132.71100000001,-1.0,-1.0,-1.0,-1.0,-1.0,-1.0,4.0,4.0,1.0,0.47307184518740275,0.394481298666511,,,,,,,,,,,,,,,,,,,,,,,
4452,73149.4728,,,,,,Frage 1,,,,,,1.0,-1.0,-1.0,-1.0,-1.0,0.0,0.0,73166.929,-1.0,-1.0,-1.0,-1.0,-1.0,-1.0,4.0,4.0,1.0,0.4759322966953752,0.3954061960765668,,,,,,,,,,,,,,,,,,,,,,,
4453,73166.1282,,,,,,Frage 1,,,,,,1.0,-1.0,-1.0,-1.0,-1.0,0.0,0.018097082863962055,73183.58299999998,-1.0,-1.0,-1.0,-1.0,-1.0,-1.0,4.0,4.0,1.0,0.47307184518740275,0.394481298666511,,,,,,,,,,,,,,,,,,,,,,,
4454,73182.7841,,,,,,Frage 1,,,,,,1.0,-1.0,-1.0,-1.0,-1.0,0.03388974098219233,0.0,73200.23800000001,-1.0,-1.0,-1.0,-1.0,-1.0,-1.0,4.0,4.0,1.0,0.4762576401214801,0.3955127310509079,,,,,,,,,,,,,,,,,,,,,,,
4455,73199.4376,,,,,,Frage 1,,,,,,1.0,-1.0,-1.0,-1.0,-1.0,0.0,0.018097082863962055,73216.89300000004,-1.0,-1.0,-1.0,-1.0,-1.0,-1.0,4.0,4.0,1.0,0.47307184518740275,0.394481298666511,,,,,,,,,,,,,,,,,,,,,,,
4456,73216.0922,,,,,,Frage 1,,,,,,1.0,-1.0,-1.0,-1.0,-1.0,0.0,0.0,73233.54700000002,-1.0,-1.0,-1.0,-1.0,-1.0,-1.0,4.0,4.0,1.0,0.4759322966953752,0.3954061960765668,,,,,,,,,,,,,,,,,,,,,,,
4457,73232.7464,,,,,,Frage 1,,,,,,1.0,-1.0,-1.0,-1.0,-1.0,0.0,0.0,73250.20200000003,-1.0,-1.0,-1.0,-1.0,-1.0,-1.0,4.0,4.0,1.0,0.4759322966953752,0.3954061960765668,,,,,,,,,,,,,,,,,,,,,,,
4458,73249.4025,,,,,,Frage 1,,,,,,1.0,-1.0,-1.0,-1.0,-1.0,0.0,0.0,73266.85699999996,-1.0,-1.0,-1.0,-1.0,-1.0,-1.0,4.0,4.0,1.0,0.4759322966953752,0.3954061960765668,,,,,,,,,,,,,,,,,,,,,,,
4459,73266.0563,,,,,,Frage 1,,,,,,1.0,-1.0,-1.0,-1.0,-1.0,0.0,0.0,73283.51100000004,-1.0,-1.0,-1.0,-1.0,-1.0,-1.0,4.0,4.0,1.0,0.4759322966953752,0.3954061960765668,,,,,,,,,,,,,,,,,,,,,,,
4460,73282.7108,,,,,,Frage 1,,,,,,1.0,-1.0,-1.0,-1.0,-1.0,0.0,0.018097082863962055,73300.16599999997,-1.0,-1.0,-1.0,-1.0,-1.0,-1.0,4.0,4.0,1.0,0.47307184518740275,0.394481298666511,,,,,,,,,,,,,,,,,,,,,,,
4461,73299.3672,,,,,,Frage 1,,,,,,1.0,-1.0,-1.0,-1.0,-1.0,0.0,0.0,73316.82099999998,-1.0,-1.0,-1.0,-1.0,-1.0,-1.0,4.0,4.0,1.0,0.4759322966953752,0.3954061960765668,,,,,,,,,,,,,,,,,,,,,,,
4462,73316.0202,,,,,,Frage 1,,,,,,1.0,-1.0,-1.0,-1.0,-1.0,0.0,0.0,73333.47600000001,-1.0,-1.0,-1.0,-1.0,-1.0,-1.0,4.0,4.0,1.0,0.4759322966953752,0.3954061960765668,,,,,,,,,,,,,,,,,,,,,,,
4463,73332.6752,,,,,,Frage 1,,,,,,1.0,-1.0,-1.0,-1.0,-1.0,0.0,0.0,73350.13,-1.0,-1.0,-1.0,-1.0,-1.0,-1.0,4.0,4.0,1.0,0.4759322966953752,0.3954061960765668,,,,,,,,,,,,,,,,,,,,,,,
4464,73349.3288,,,,,,Frage 1,,,,,,1.0,-1.0,-1.0,-1.0,-1.0,0.03388974098219233,0.0,73366.78500000003,-1.0,-1.0,-1.0,-1.0,-1.0,-1.0,4.0,4.0,1.0,0.4762576401214801,0.3955127310509079,,,,,,,,,,,,,,,,,,,,,,,
4465,73365.9852,,,,,,Frage 1,,,,,,1.0,-1.0,-1.0,-1.0,-1.0,0.0,0.0,73383.44000000006,-1.0,-1.0,-1.0,-1.0,-1.0,-1.0,4.0,4.0,1.0,0.4759322966953752,0.3954061960765668,,,,,,,,,,,,,,,,,,,,,,,
4466,73382.6391,,,,,,Frage 1,,,,,,1.0,-1.0,-1.0,-1.0,-1.0,0.0,0.0,73400.09400000003,-1.0,-1.0,-1.0,-1.0,-1.0,-1.0,4.0,4.0,1.0,0.4759322966953752,0.3954061960765668,,,,,,,,,,,,,,,,,,,,,,,
4467,73399.2931,,,,,,Frage 1,,,,,,1.0,-1.0,-1.0,-1.0,-1.0,0.0,0.0,73416.74900000008,-1.0,-1.0,-1.0,-1.0,-1.0,-1.0,4.0,4.0,1.0,0.4759322966953752,0.3954061960765668,,,,,,,,,,,,,,,,,,,,,,,
4468,73415.9498,,,,,,Frage 1,,,,,,1.0,-1.0,-1.0,-1.0,-1.0,0.0,0.0,73433.40399999998,-1.0,-1.0,-1.0,-1.0,-1.0,-1.0,4.0,4.0,1.0,0.4759322966953752,0.3954061960765668,,,,,,,,,,,,,,,,,,,,,,,
4469,73432.6027,,,,,,Frage 1,,,,,,1.0,-1.0,-1.0,-1.0,-1.0,0.0,0.018097082863962055,73450.05799999996,-1.0,-1.0,-1.0,-1.0,-1.0,-1.0,4.0,4.0,1.0,0.47307184518740275,0.394481298666511,,,,,,,,,,,,,,,,,,,,,,,
4470,73462.7724,,,,,,Frage 1,,,,,,1.0,-1.0,-1.0,-1.0,-1.0,0.0,0.0,73480.228,-1.0,-1.0,-1.0,-1.0,-1.0,-1.0,4.0,4.0,1.0,0.4759322966953752,0.3954061960765668,,,,,,,,,,,,,,,,,,,,,,,
4471,73479.4279,,,,,,Frage 1,,,,,,1.0,-1.0,-1.0,-1.0,-1.0,0.0,0.0,73496.88300000003,-1.0,-1.0,-1.0,-1.0,-1.0,-1.0,4.0,4.0,1.0,0.4759322966953752,0.3954061960765668,,,,,,,,,,,,,,,,,,,,,,,
4472,73496.0816,,,,,,Frage 1,,,,,,1.0,-1.0,-1.0,-1.0,-1.0,0.0,0.0,73513.53700000001,-1.0,-1.0,-1.0,-1.0,-1.0,-1.0,4.0,4.0,1.0,0.4759322966953752,0.3954061960765668,,,,,,,,,,,,,,,,,,,,,,,
4473,73512.7373,,,,,,Frage 1,,,,,,1.0,-1.0,-1.0,-1.0,-1.0,0.0,0.0,73530.19200000005,-1.0,-1.0,-1.0,-1.0,-1.0,-1.0,4.0,4.0,1.0,0.4759322966953752,0.3954061960765668,,,,,,,,,,,,,,,,,,,,,,,
4474,73529.3911,,,,,,Frage 1,,,,,,1.0,-1.0,-1.0,-1.0,-1.0,0.0,0.0,73546.84700000007,-1.0,-1.0,-1.0,-1.0,-1.0,-1.0,4.0,4.0,1.0,0.4759322966953752,0.3954061960765668,,,,,,,,,,,,,,,,,,,,,,,
4475,73546.0458,,,,,,Frage 1,,,,,,1.0,-1.0,-1.0,-1.0,-1.0,0.0,0.0,73563.50100000003,-1.0,-1.0,-1.0,-1.0,-1.0,-1.0,4.0,4.0,1.0,0.4759322966953752,0.3954061960765668,,,,,,,,,,,,,,,,,,,,,,,
4476,73562.7012,,,,,,Frage 1,,,,,,1.0,-1.0,-1.0,-1.0,-1.0,0.0,0.018097082863962055,73580.15600000006,-1.0,-1.0,-1.0,-1.0,-1.0,-1.0,4.0,4.0,1.0,0.47307184518740275,0.394481298666511,,,,,,,,,,,,,,,,,,,,,,,
4477,73579.3557,,,,,,Frage 1,,,,,,1.0,-1.0,-1.0,-1.0,-1.0,0.0,0.0,73596.81099999999,-1.0,-1.0,-1.0,-1.0,-1.0,-1.0,4.0,4.0,1.0,0.4759322966953752,0.3954061960765668,,,,,,,,,,,,,,,,,,,,,,,
4478,73596.0103,,,,,,Frage 1,,,,,,1.0,-1.0,-1.0,-1.0,-1.0,0.0,0.0,73613.46499999997,-1.0,-1.0,-1.0,-1.0,-1.0,-1.0,4.0,4.0,1.0,0.4759322966953752,0.3954061960765668,,,,,,,,,,,,,,,,,,,,,,,
4479,73612.6639,,,,,,Frage 1,,,,,,1.0,-1.0,-1.0,-1.0,-1.0,0.03388974098219233,0.0,73630.11999999998,-1.0,-1.0,-1.0,-1.0,-1.0,-1.0,4.0,4.0,1.0,0.4762576401214801,0.3955127310509079,,,,,,,,,,,,,,,,,,,,,,,
4480,73629.3203,,,,,,Frage 1,,,,,,1.0,-1.0,-1.0,-1.0,-1.0,0.0,0.0,73646.77500000001,-1.0,-1.0,-1.0,-1.0,-1.0,-1.0,4.0,4.0,1.0,0.4759322966953752,0.3954061960765668,,,,,,,,,,,,,,,,,,,,,,,
4481,73645.9754,,,,,,Frage 1,,,,,,1.0,-1.0,-1.0,-1.0,-1.0,0.0,0.0,73663.43000000005,-1.0,-1.0,-1.0,-1.0,-1.0,-1.0,4.0,4.0,1.0,0.4759322966953752,0.3954061960765668,,,,,,,,,,,,,,,,,,,,,,,
4482,73662.6282,,,,,,Frage 1,,,,,,1.0,-1.0,-1.0,-1.0,-1.0,0.0,0.0,73680.08400000003,-1.0,-1.0,-1.0,-1.0,-1.0,-1.0,4.0,4.0,1.0,0.4759322966953752,0.3954061960765668,,,,,,,,,,,,,,,,,,,,,,,
4483,73679.2848,,,,,,Frage 1,,,,,,1.0,-1.0,-1.0,-1.0,-1.0,0.0,0.0,73696.73900000006,-1.0,-1.0,-1.0,-1.0,-1.0,-1.0,4.0,4.0,1.0,0.4759322966953752,0.3954061960765668,,,,,,,,,,,,,,,,,,,,,,,
4484,73695.9383,,,,,,Frage 1,,,,,,1.0,-1.0,-1.0,-1.0,-1.0,0.0,0.0,73713.39399999997,-1.0,-1.0,-1.0,-1.0,-1.0,-1.0,4.0,4.0,1.0,0.4759322966953752,0.3954061960765668,,,,,,,,,,,,,,,,,,,,,,,
4485,73712.5935,,,,,,Frage 1,,,,,,1.0,-1.0,-1.0,-1.0,-1.0,0.0,0.0,73730.04800000007,-1.0,-1.0,-1.0,-1.0,-1.0,-1.0,4.0,4.0,1.0,0.4759322966953752,0.3954061960765668,,,,,,,,,,,,,,,,,,,,,,,
4486,73729.2486,,,,,,Frage 1,,,,,,1.0,-1.0,-1.0,-1.0,-1.0,0.0,0.0,73746.70299999998,-1.0,-1.0,-1.0,-1.0,-1.0,-1.0,4.0,4.0,1.0,0.4759322966953752,0.3954061960765668,,,,,,,,,,,,,,,,,,,,,,,
4487,73745.9025,,,,,,Frage 1,,,,,,1.0,-1.0,-1.0,-1.0,-1.0,0.0,0.0,73763.358,-1.0,-1.0,-1.0,-1.0,-1.0,-1.0,4.0,4.0,1.0,0.4759322966953752,0.3954061960765668,,,,,,,,,,,,,,,,,,,,,,,
4488,73762.5578,,,,,,Frage 1,,,,,,1.0,-1.0,-1.0,-1.0,-1.0,0.0,0.018097082863962055,73780.012,-1.0,-1.0,-1.0,-1.0,-1.0,-1.0,4.0,4.0,1.0,0.47307184518740275,0.394481298666511,,,,,,,,,,,,,,,,,,,,,,,
4489,73779.2115,,,,,,Frage 1,,,,,,1.0,-1.0,-1.0,-1.0,-1.0,0.0,0.0,73796.66700000002,-1.0,-1.0,-1.0,-1.0,-1.0,-1.0,4.0,4.0,1.0,0.4759322966953752,0.3954061960765668,,,,,,,,,,,,,,,,,,,,,,,
4490,73795.8672,,,,,,Frage 1,,,,,,1.0,-1.0,-1.0,-1.0,-1.0,0.0,0.0,73813.32200000003,-1.0,-1.0,-1.0,-1.0,-1.0,-1.0,4.0,4.0,1.0,0.4759322966953752,0.3954061960765668,,,,,,,,,,,,,,,,,,,,,,,
4491,73812.5216,,,,,,Frage 1,,,,,,1.0,-1.0,-1.0,-1.0,-1.0,0.0,0.0,73829.97600000001,-1.0,-1.0,-1.0,-1.0,-1.0,-1.0,4.0,4.0,1.0,0.4759322966953752,0.3954061960765668,,,,,,,,,,,,,,,,,,,,,,,
4492,73829.175,,,,,,Frage 1,,,,,,1.0,-1.0,-1.0,-1.0,-1.0,0.0,0.018097082863962055,73846.63100000005,-1.0,-1.0,-1.0,-1.0,-1.0,-1.0,4.0,4.0,1.0,0.47307184518740275,0.394481298666511,,,,,,,,,,,,,,,,,,,,,,,
4493,73845.8308,,,,,,Frage 1,,,,,,1.0,-1.0,-1.0,-1.0,-1.0,0.0,0.0,73863.28599999996,-1.0,-1.0,-1.0,-1.0,-1.0,-1.0,4.0,4.0,1.0,0.4759322966953752,0.3954061960765668,,,,,,,,,,,,,,,,,,,,,,,
4494,73862.4845,,,,,,Frage 1,,,,,,1.0,-1.0,-1.0,-1.0,-1.0,0.0,0.0,73879.94000000006,-1.0,-1.0,-1.0,-1.0,-1.0,-1.0,4.0,4.0,1.0,0.4759322966953752,0.3954061960765668,,,,,,,,,,,,,,,,,,,,,,,
4495,73879.1406,,,,,,Frage 1,,,,,,1.0,-1.0,-1.0,-1.0,-1.0,0.0,0.0,73896.59499999997,-1.0,-1.0,-1.0,-1.0,-1.0,-1.0,4.0,4.0,1.0,0.4759322966953752,0.3954061960765668,,,,,,,,,,,,,,,,,,,,,,,
4496,73882.6772,,,,,,Frage 1,1.0,0.51882392168045,29.3918583577169,0.0,202.72265625,,,,,,0.6585048574425887,0.6495113533451946,,,,,,,,,,,0.37959439571535225,0.3642823432120883,,,,,,,,,,,,,,,,,,,,,,,
4497,73895.7958,,,,,,Frage 1,,,,,,1.0,-1.0,-1.0,-1.0,-1.0,0.0,0.0,73913.25,-1.0,-1.0,-1.0,-1.0,-1.0,-1.0,4.0,4.0,1.0,0.4759322966953752,0.3954061960765668,,,,,,,,,,,,,,,,,,,,,,,
4498,73912.4489,,,,,,Frage 1,,,,,,1.0,-1.0,-1.0,-1.0,-1.0,0.0,0.0,73929.90500000003,-1.0,-1.0,-1.0,-1.0,-1.0,-1.0,4.0,4.0,1.0,0.4759322966953752,0.3954061960765668,,,,,,,,,,,,,,,,,,,,,,,
4499,73929.1044,,,,,,Frage 1,,,,,,1.0,-1.0,-1.0,-1.0,-1.0,0.0,0.0,73946.559,-1.0,-1.0,-1.0,-1.0,-1.0,-1.0,4.0,4.0,1.0,0.4759322966953752,0.3954061960765668,,,,,,,,,,,,,,,,,,,,,,,
4500,73945.7583,,,,,,Frage 1,,,,,,1.0,-1.0,-1.0,-1.0,-1.0,0.0,0.0,73963.21400000004,-1.0,-1.0,-1.0,-1.0,-1.0,-1.0,4.0,4.0,1.0,0.4759322966953752,0.3954061960765668,,,,,,,,,,,,,,,,,,,,,,,
4501,73962.4148,,,,,,Frage 1,,,,,,1.0,-1.0,-1.0,-1.0,-1.0,0.0,0.0,73979.86900000006,-1.0,-1.0,-1.0,-1.0,-1.0,-1.0,4.0,4.0,1.0,0.4759322966953752,0.3954061960765668,,,,,,,,,,,,,,,,,,,,,,,
4502,73979.0705,,,,,,Frage 1,,,,,,1.0,-1.0,-1.0,-1.0,-1.0,0.0,0.0,73996.52300000003,-1.0,-1.0,-1.0,-1.0,-1.0,-1.0,4.0,4.0,1.0,0.4759322966953752,0.3954061960765668,,,,,,,,,,,,,,,,,,,,,,,
4503,73995.7221,,,,,,Frage 1,,,,,,1.0,-1.0,-1.0,-1.0,-1.0,0.0,0.0,74013.17800000006,-1.0,-1.0,-1.0,-1.0,-1.0,-1.0,4.0,4.0,1.0,0.4759322966953752,0.3954061960765668,,,,,,,,,,,,,,,,,,,,,,,
4504,74012.3783,,,,,,Frage 1,,,,,,1.0,-1.0,-1.0,-1.0,-1.0,0.0,0.0,74029.83299999998,-1.0,-1.0,-1.0,-1.0,-1.0,-1.0,4.0,4.0,1.0,0.4759322966953752,0.3954061960765668,,,,,,,,,,,,,,,,,,,,,,,
4505,74029.0315,,,,,,Frage 1,,,,,,1.0,-1.0,-1.0,-1.0,-1.0,0.03388974098219233,0.0,74046.48699999996,-1.0,-1.0,-1.0,-1.0,-1.0,-1.0,4.0,4.0,1.0,0.4762576401214801,0.3955127310509079,,,,,,,,,,,,,,,,,,,,,,,
4506,74045.687,,,,,,Frage 1,,,,,,1.0,-1.0,-1.0,-1.0,-1.0,0.0,0.0,74063.14199999998,-1.0,-1.0,-1.0,-1.0,-1.0,-1.0,4.0,4.0,1.0,0.4759322966953752,0.3954061960765668,,,,,,,,,,,,,,,,,,,,,,,
4507,74062.3422,,,,,,Frage 1,,,,,,1.0,-1.0,-1.0,-1.0,-1.0,0.0,0.0,74079.79700000002,-1.0,-1.0,-1.0,-1.0,-1.0,-1.0,4.0,4.0,1.0,0.4759322966953752,0.3954061960765668,,,,,,,,,,,,,,,,,,,,,,,
4508,74078.9955,,,,,,Frage 1,,,,,,1.0,-1.0,-1.0,-1.0,-1.0,0.0,0.0,74096.451,-1.0,-1.0,-1.0,-1.0,-1.0,-1.0,4.0,4.0,1.0,0.4759322966953752,0.3954061960765668,,,,,,,,,,,,,,,,,,,,,,,
4509,74095.6515,,,,,,Frage 1,,,,,,1.0,-1.0,-1.0,-1.0,-1.0,0.0,0.0,74113.10600000003,-1.0,-1.0,-1.0,-1.0,-1.0,-1.0,4.0,4.0,1.0,0.4759322966953752,0.3954061960765668,,,,,,,,,,,,,,,,,,,,,,,
4510,74112.3054,,,,,,Frage 1,,,,,,1.0,-1.0,-1.0,-1.0,-1.0,0.0,0.0,74129.76100000004,-1.0,-1.0,-1.0,-1.0,-1.0,-1.0,4.0,4.0,1.0,0.4759322966953752,0.3954061960765668,,,,,,,,,,,,,,,,,,,,,,,
4511,74128.9589,,,,,,Frage 1,,,,,,1.0,-1.0,-1.0,-1.0,-1.0,0.0,0.0,74146.41500000004,-1.0,-1.0,-1.0,-1.0,-1.0,-1.0,4.0,4.0,1.0,0.4759322966953752,0.3954061960765668,,,,,,,,,,,,,,,,,,,,,,,
4512,74145.6153,,,,,,Frage 1,,,,,,1.0,-1.0,-1.0,-1.0,-1.0,0.0,0.0,74163.07000000007,-1.0,-1.0,-1.0,-1.0,-1.0,-1.0,4.0,4.0,1.0,0.4759322966953752,0.3954061960765668,,,,,,,,,,,,,,,,,,,,,,,
4513,74162.2689,,,,,,Frage 1,,,,,,1.0,-1.0,-1.0,-1.0,-1.0,0.0,0.0,74179.72499999996,-1.0,-1.0,-1.0,-1.0,-1.0,-1.0,4.0,4.0,1.0,0.4759322966953752,0.3954061960765668,,,,,,,,,,,,,,,,,,,,,,,
4514,74178.9261,,,,,,Frage 1,,,,,,1.0,-1.0,-1.0,-1.0,-1.0,0.0,0.0,74196.38,-1.0,-1.0,-1.0,-1.0,-1.0,-1.0,4.0,4.0,1.0,0.4759322966953752,0.3954061960765668,,,,,,,,,,,,,,,,,,,,,,,
4515,74195.5783,,,,,,Frage 1,,,,,,1.0,-1.0,-1.0,-1.0,-1.0,0.0,0.0,74213.03399999999,-1.0,-1.0,-1.0,-1.0,-1.0,-1.0,4.0,4.0,1.0,0.4759322966953752,0.3954061960765668,,,,,,,,,,,,,,,,,,,,,,,
4516,74212.2347,,,,,,Frage 1,,,,,,1.0,-1.0,-1.0,-1.0,-1.0,0.0,0.0,74229.68900000001,-1.0,-1.0,-1.0,-1.0,-1.0,-1.0,4.0,4.0,1.0,0.4759322966953752,0.3954061960765668,,,,,,,,,,,,,,,,,,,,,,,
4517,74228.8895,,,,,,Frage 1,,,,,,1.0,-1.0,-1.0,-1.0,-1.0,0.0,0.0,74246.34400000003,-1.0,-1.0,-1.0,-1.0,-1.0,-1.0,4.0,4.0,1.0,0.4759322966953752,0.3954061960765668,,,,,,,,,,,,,,,,,,,,,,,
4518,74245.5425,,,,,,Frage 1,,,,,,1.0,-1.0,-1.0,-1.0,-1.0,0.0,0.0,74262.99800000002,-1.0,-1.0,-1.0,-1.0,-1.0,-1.0,4.0,4.0,1.0,0.4759322966953752,0.3954061960765668,,,,,,,,,,,,,,,,,,,,,,,
4519,74262.199,,,,,,Frage 1,,,,,,1.0,-1.0,-1.0,-1.0,-1.0,0.03388974098219233,0.0,74279.65300000005,-1.0,-1.0,-1.0,-1.0,-1.0,-1.0,4.0,4.0,1.0,0.4762576401214801,0.3955127310509079,,,,,,,,,,,,,,,,,,,,,,,
4520,74278.8524,,,,,,Frage 1,,,,,,1.0,-1.0,-1.0,-1.0,-1.0,0.0,0.0,74296.30799999996,-1.0,-1.0,-1.0,-1.0,-1.0,-1.0,4.0,4.0,1.0,0.4759322966953752,0.3954061960765668,,,,,,,,,,,,,,,,,,,,,,,
4521,74295.5072,,,,,,Frage 1,,,,,,1.0,-1.0,-1.0,-1.0,-1.0,0.0,0.0,74312.96200000006,-1.0,-1.0,-1.0,-1.0,-1.0,-1.0,4.0,4.0,1.0,0.4759322966953752,0.3954061960765668,,,,,,,,,,,,,,,,,,,,,,,
4522,74312.1628,,,,,,Frage 1,,,,,,1.0,-1.0,-1.0,-1.0,-1.0,0.0,0.0,74329.61699999998,-1.0,-1.0,-1.0,-1.0,-1.0,-1.0,4.0,4.0,1.0,0.4759322966953752,0.3954061960765668,,,,,,,,,,,,,,,,,,,,,,,
4523,74328.8158,,,,,,Frage 1,,,,,,1.0,-1.0,-1.0,-1.0,-1.0,0.0,0.0,74346.27199999998,-1.0,-1.0,-1.0,-1.0,-1.0,-1.0,4.0,4.0,1.0,0.4759322966953752,0.3954061960765668,,,,,,,,,,,,,,,,,,,,,,,
4524,74345.4706,,,,,,Frage 1,,,,,,1.0,-1.0,-1.0,-1.0,-1.0,0.6585048574425887,0.6495113533451946,74362.92599999996,-1.0,-1.0,-1.0,-1.0,-1.0,-1.0,4.0,4.0,1.0,0.37959439571535225,0.3642823432120883,,,,,,,,,,,,,,,,,,,,,,,
4525,74362.1263,,,,,,Frage 1,,,,,,1.0,-1.0,-1.0,-1.0,-1.0,0.0,0.0,74379.581,-1.0,-1.0,-1.0,-1.0,-1.0,-1.0,4.0,4.0,1.0,0.4759322966953752,0.3954061960765668,,,,,,,,,,,,,,,,,,,,,,,
4526,74378.7811,,,,,,Frage 1,,,,,,1.0,-1.0,-1.0,-1.0,-1.0,0.0,0.0,74396.23600000003,-1.0,-1.0,-1.0,-1.0,-1.0,-1.0,4.0,4.0,1.0,0.4759322966953752,0.3954061960765668,,,,,,,,,,,,,,,,,,,,,,,
4527,74395.4339,,,,,,Frage 1,,,,,,1.0,-1.0,-1.0,-1.0,-1.0,0.0,0.0,74412.89000000001,-1.0,-1.0,-1.0,-1.0,-1.0,-1.0,4.0,4.0,1.0,0.4759322966953752,0.3954061960765668,,,,,,,,,,,,,,,,,,,,,,,
4528,74412.0904,,,,,,Frage 1,,,,,,1.0,-1.0,-1.0,-1.0,-1.0,0.0,0.018097082863962055,74429.54500000003,-1.0,-1.0,-1.0,-1.0,-1.0,-1.0,4.0,4.0,1.0,0.47307184518740275,0.394481298666511,,,,,,,,,,,,,,,,,,,,,,,
4529,74428.7446,,,,,,Frage 1,,,,,,1.0,-1.0,-1.0,-1.0,-1.0,0.0,0.0,74446.20000000007,-1.0,-1.0,-1.0,-1.0,-1.0,-1.0,4.0,4.0,1.0,0.4759322966953752,0.3954061960765668,,,,,,,,,,,,,,,,,,,,,,,
4530,74445.4006,,,,,,Frage 1,,,,,,1.0,-1.0,-1.0,-1.0,-1.0,0.0,0.0,74462.85499999998,-1.0,-1.0,-1.0,-1.0,-1.0,-1.0,4.0,4.0,1.0,0.4759322966953752,0.3954061960765668,,,,,,,,,,,,,,,,,,,,,,,
4531,74462.0546,,,,,,Frage 1,,,,,,1.0,-1.0,-1.0,-1.0,-1.0,0.0,0.0,74479.50899999996,-1.0,-1.0,-1.0,-1.0,-1.0,-1.0,4.0,4.0,1.0,0.4759322966953752,0.3954061960765668,,,,,,,,,,,,,,,,,,,,,,,
4532,74478.7087,,,,,,Frage 1,,,,,,1.0,-1.0,-1.0,-1.0,-1.0,0.0,0.0,74496.16399999999,-1.0,-1.0,-1.0,-1.0,-1.0,-1.0,4.0,4.0,1.0,0.4759322966953752,0.3954061960765668,,,,,,,,,,,,,,,,,,,,,,,
4533,74495.3647,,,,,,Frage 1,,,,,,1.0,-1.0,-1.0,-1.0,-1.0,0.0,0.0,74512.81900000003,-1.0,-1.0,-1.0,-1.0,-1.0,-1.0,4.0,4.0,1.0,0.4759322966953752,0.3954061960765668,,,,,,,,,,,,,,,,,,,,,,,
4534,74512.0174,,,,,,Frage 1,,,,,,1.0,-1.0,-1.0,-1.0,-1.0,0.0,0.0,74529.473,-1.0,-1.0,-1.0,-1.0,-1.0,-1.0,4.0,4.0,1.0,0.4759322966953752,0.3954061960765668,,,,,,,,,,,,,,,,,,,,,,,
4535,74528.6721,,,,,,Frage 1,,,,,,1.0,-1.0,-1.0,-1.0,-1.0,0.0,0.0,74546.12800000001,-1.0,-1.0,-1.0,-1.0,-1.0,-1.0,4.0,4.0,1.0,0.4759322966953752,0.3954061960765668,,,,,,,,,,,,,,,,,,,,,,,
4536,74545.3286,,,,,,Frage 1,,,,,,1.0,-1.0,-1.0,-1.0,-1.0,0.0,0.0,74562.78300000005,-1.0,-1.0,-1.0,-1.0,-1.0,-1.0,4.0,4.0,1.0,0.4759322966953752,0.3954061960765668,,,,,,,,,,,,,,,,,,,,,,,
4537,74561.9808,,,,,,Frage 1,,,,,,1.0,-1.0,-1.0,-1.0,-1.0,0.0,0.0,74579.43700000003,-1.0,-1.0,-1.0,-1.0,-1.0,-1.0,4.0,4.0,1.0,0.4759322966953752,0.3954061960765668,,,,,,,,,,,,,,,,,,,,,,,
4538,74578.6371,,,,,,Frage 1,,,,,,1.0,-1.0,-1.0,-1.0,-1.0,0.0,0.0,74596.09200000006,-1.0,-1.0,-1.0,-1.0,-1.0,-1.0,4.0,4.0,1.0,0.4759322966953752,0.3954061960765668,,,,,,,,,,,,,,,,,,,,,,,
4539,74595.2909,,,,,,Frage 1,,,,,,1.0,-1.0,-1.0,-1.0,-1.0,0.0,0.0,74612.74699999997,-1.0,-1.0,-1.0,-1.0,-1.0,-1.0,4.0,4.0,1.0,0.4759322966953752,0.3954061960765668,,,,,,,,,,,,,,,,,,,,,,,
4540,74611.9463,,,,,,Frage 1,,,,,,1.0,-1.0,-1.0,-1.0,-1.0,0.0,0.0,74629.40100000007,-1.0,-1.0,-1.0,-1.0,-1.0,-1.0,4.0,4.0,1.0,0.4759322966953752,0.3954061960765668,,,,,,,,,,,,,,,,,,,,,,,
4541,74628.607,,,,,,Frage 1,,,,,,1.0,-1.0,-1.0,-1.0,-1.0,0.0,0.0,74646.05599999998,-1.0,-1.0,-1.0,-1.0,-1.0,-1.0,4.0,4.0,1.0,0.4759322966953752,0.3954061960765668,,,,,,,,,,,,,,,,,,,,,,,
4542,74645.2556,,,,,,Frage 1,,,,,,1.0,-1.0,-1.0,-1.0,-1.0,0.0,0.0,74662.71100000001,-1.0,-1.0,-1.0,-1.0,-1.0,-1.0,4.0,4.0,1.0,0.4759322966953752,0.3954061960765668,,,,,,,,,,,,,,,,,,,,,,,
4543,74661.91,,,,,,Frage 1,,,,,,1.0,-1.0,-1.0,-1.0,-1.0,0.0,0.018097082863962055,74679.36499999999,-1.0,-1.0,-1.0,-1.0,-1.0,-1.0,4.0,4.0,1.0,0.47307184518740275,0.394481298666511,,,,,,,,,,,,,,,,,,,,,,,
4544,74678.5641,,,,,,Frage 1,,,,,,1.0,-1.0,-1.0,-1.0,-1.0,0.0,0.0,74696.02000000003,-1.0,-1.0,-1.0,-1.0,-1.0,-1.0,4.0,4.0,1.0,0.4759322966953752,0.3954061960765668,,,,,,,,,,,,,,,,,,,,,,,
4545,74695.2196,,,,,,Frage 1,,,,,,1.0,-1.0,-1.0,-1.0,-1.0,0.0,0.0,74712.67500000003,-1.0,-1.0,-1.0,-1.0,-1.0,-1.0,4.0,4.0,1.0,0.4759322966953752,0.3954061960765668,,,,,,,,,,,,,,,,,,,,,,,
4546,74711.8752,,,,,,Frage 1,,,,,,1.0,-1.0,-1.0,-1.0,-1.0,0.0,0.0,74729.33000000006,-1.0,-1.0,-1.0,-1.0,-1.0,-1.0,4.0,4.0,1.0,0.4759322966953752,0.3954061960765668,,,,,,,,,,,,,,,,,,,,,,,
4547,74728.5299,,,,,,Frage 1,,,,,,1.0,-1.0,-1.0,-1.0,-1.0,0.0,0.0,74745.98400000005,-1.0,-1.0,-1.0,-1.0,-1.0,-1.0,4.0,4.0,1.0,0.4759322966953752,0.3954061960765668,,,,,,,,,,,,,,,,,,,,,,,
4548,74745.183,,,,,,Frage 1,,,,,,1.0,-1.0,-1.0,-1.0,-1.0,0.0,0.0,74762.63899999997,-1.0,-1.0,-1.0,-1.0,-1.0,-1.0,4.0,4.0,1.0,0.4759322966953752,0.3954061960765668,,,,,,,,,,,,,,,,,,,,,,,
4549,74761.8396,,,,,,Frage 1,,,,,,1.0,-1.0,-1.0,-1.0,-1.0,0.03388974098219233,0.0,74779.29399999998,-1.0,-1.0,-1.0,-1.0,-1.0,-1.0,4.0,4.0,1.0,0.4762576401214801,0.3955127310509079,,,,,,,,,,,,,,,,,,,,,,,
4550,74778.4926,,,,,,Frage 1,,,,,,1.0,-1.0,-1.0,-1.0,-1.0,0.0,0.0,74795.94799999997,-1.0,-1.0,-1.0,-1.0,-1.0,-1.0,4.0,4.0,1.0,0.4759322966953752,0.3954061960765668,,,,,,,,,,,,,,,,,,,,,,,
4551,74795.1477,,,,,,Frage 1,,,,,,1.0,-1.0,-1.0,-1.0,-1.0,0.0,0.0,74812.603,-1.0,-1.0,-1.0,-1.0,-1.0,-1.0,4.0,4.0,1.0,0.4759322966953752,0.3954061960765668,,,,,,,,,,,,,,,,,,,,,,,
4552,74811.8033,,,,,,Frage 1,,,,,,1.0,-1.0,-1.0,-1.0,-1.0,0.0,0.0,74829.25800000003,-1.0,-1.0,-1.0,-1.0,-1.0,-1.0,4.0,4.0,1.0,0.4759322966953752,0.3954061960765668,,,,,,,,,,,,,,,,,,,,,,,
4553,74828.4561,,,,,,Frage 1,,,,,,1.0,-1.0,-1.0,-1.0,-1.0,0.0,0.0,74845.91200000001,-1.0,-1.0,-1.0,-1.0,-1.0,-1.0,4.0,4.0,1.0,0.4759322966953752,0.3954061960765668,,,,,,,,,,,,,,,,,,,,,,,
4554,74845.112,,,,,,Frage 1,,,,,,1.0,-1.0,-1.0,-1.0,-1.0,0.0,0.0,74862.56700000005,-1.0,-1.0,-1.0,-1.0,-1.0,-1.0,4.0,4.0,1.0,0.4759322966953752,0.3954061960765668,,,,,,,,,,,,,,,,,,,,,,,
4555,74861.7663,,,,,,Frage 1,,,,,,1.0,-1.0,-1.0,-1.0,-1.0,0.0,0.0,74879.22200000007,-1.0,-1.0,-1.0,-1.0,-1.0,-1.0,4.0,4.0,1.0,0.4759322966953752,0.3954061960765668,,,,,,,,,,,,,,,,,,,,,,,
4556,74878.4215,,,,,,Frage 1,,,,,,1.0,-1.0,-1.0,-1.0,-1.0,0.0,0.0,74895.87600000003,-1.0,-1.0,-1.0,-1.0,-1.0,-1.0,4.0,4.0,1.0,0.4759322966953752,0.3954061960765668,,,,,,,,,,,,,,,,,,,,,,,
4557,74892.1229,,,,,,Frage 1,1.0,0.0,29.3918583577169,0.0,202.72265625,,,,,,0.6585048574425887,0.6495113533451946,,,,,,,,,,,0.37959439571535225,0.3642823432120883,,,,,,,,,,,,,,,,,,,,,,,
4558,74895.0766,,,,,,Frage 1,,,,,,1.0,-1.0,-1.0,-1.0,-1.0,0.0,0.0,74912.53100000006,-1.0,-1.0,-1.0,-1.0,-1.0,-1.0,4.0,4.0,1.0,0.4759322966953752,0.3954061960765668,,,,,,,,,,,,,,,,,,,,,,,
4559,74911.7307,,,,,,Frage 1,,,,,,1.0,-1.0,-1.0,-1.0,-1.0,0.0,0.0,74929.18599999999,-1.0,-1.0,-1.0,-1.0,-1.0,-1.0,4.0,4.0,1.0,0.4759322966953752,0.3954061960765668,,,,,,,,,,,,,,,,,,,,,,,
4560,74928.3848,,,,,,Frage 1,,,,,,1.0,-1.0,-1.0,-1.0,-1.0,0.0,0.0,74945.83999999997,-1.0,-1.0,-1.0,-1.0,-1.0,-1.0,4.0,4.0,1.0,0.4759322966953752,0.3954061960765668,,,,,,,,,,,,,,,,,,,,,,,
4561,74945.0392,,,,,,Frage 1,,,,,,1.0,-1.0,-1.0,-1.0,-1.0,0.0,0.0,74962.49499999998,-1.0,-1.0,-1.0,-1.0,-1.0,-1.0,4.0,4.0,1.0,0.4759322966953752,0.3954061960765668,,,,,,,,,,,,,,,,,,,,,,,
4562,74961.6952,,,,,,Frage 1,,,,,,1.0,-1.0,-1.0,-1.0,-1.0,0.0,0.0,74979.15000000001,-1.0,-1.0,-1.0,-1.0,-1.0,-1.0,4.0,4.0,1.0,0.4759322966953752,0.3954061960765668,,,,,,,,,,,,,,,,,,,,,,,
4563,74978.3499,,,,,,Frage 1,,,,,,1.0,-1.0,-1.0,-1.0,-1.0,0.0,0.0,74995.80500000005,-1.0,-1.0,-1.0,-1.0,-1.0,-1.0,4.0,4.0,1.0,0.4759322966953752,0.3954061960765668,,,,,,,,,,,,,,,,,,,,,,,
4564,74995.0035,,,,,,Frage 1,,,,,,1.0,-1.0,-1.0,-1.0,-1.0,0.0,0.0,75012.45900000003,-1.0,-1.0,-1.0,-1.0,-1.0,-1.0,4.0,4.0,1.0,0.4759322966953752,0.3954061960765668,,,,,,,,,,,,,,,,,,,,,,,
4565,75011.6591,,,,,,Frage 1,,,,,,1.0,-1.0,-1.0,-1.0,-1.0,0.0,0.0,75029.11400000006,-1.0,-1.0,-1.0,-1.0,-1.0,-1.0,4.0,4.0,1.0,0.4759322966953752,0.3954061960765668,,,,,,,,,,,,,,,,,,,,,,,
4566,75028.3134,,,,,,Frage 1,,,,,,1.0,-1.0,-1.0,-1.0,-1.0,0.0,0.0,75045.76899999997,-1.0,-1.0,-1.0,-1.0,-1.0,-1.0,4.0,4.0,1.0,0.4759322966953752,0.3954061960765668,,,,,,,,,,,,,,,,,,,,,,,
4567,75044.9686,,,,,,Frage 1,,,,,,1.0,-1.0,-1.0,-1.0,-1.0,0.0,0.018097082863962055,75062.42300000007,-1.0,-1.0,-1.0,-1.0,-1.0,-1.0,4.0,4.0,1.0,0.47307184518740275,0.394481298666511,,,,,,,,,,,,,,,,,,,,,,,
4568,75061.6235,,,,,,Frage 1,,,,,,1.0,-1.0,-1.0,-1.0,-1.0,0.0,0.0,75079.07799999998,-1.0,-1.0,-1.0,-1.0,-1.0,-1.0,4.0,4.0,1.0,0.4759322966953752,0.3954061960765668,,,,,,,,,,,,,,,,,,,,,,,
4569,75078.2771,,,,,,Frage 1,,,,,,1.0,-1.0,-1.0,-1.0,-1.0,0.03388974098219233,0.0,75095.733,-1.0,-1.0,-1.0,-1.0,-1.0,-1.0,4.0,4.0,1.0,0.4762576401214801,0.3955127310509079,,,,,,,,,,,,,,,,,,,,,,,
4570,75094.9321,,,,,,Frage 1,,,,,,1.0,-1.0,-1.0,-1.0,-1.0,0.0,0.018097082863962055,75112.387,-1.0,-1.0,-1.0,-1.0,-1.0,-1.0,4.0,4.0,1.0,0.47307184518740275,0.394481298666511,,,,,,,,,,,,,,,,,,,,,,,
4571,75111.5865,,,,,,Frage 1,,,,,,1.0,-1.0,-1.0,-1.0,-1.0,0.0,0.0,75129.04200000002,-1.0,-1.0,-1.0,-1.0,-1.0,-1.0,4.0,4.0,1.0,0.4759322966953752,0.3954061960765668,,,,,,,,,,,,,,,,,,,,,,,
4572,75128.2419,,,,,,Frage 1,,,,,,1.0,-1.0,-1.0,-1.0,-1.0,0.0,0.0,75145.69700000003,-1.0,-1.0,-1.0,-1.0,-1.0,-1.0,4.0,4.0,1.0,0.4759322966953752,0.3954061960765668,,,,,,,,,,,,,,,,,,,,,,,
4573,75144.8969,,,,,,Frage 1,,,,,,1.0,-1.0,-1.0,-1.0,-1.0,0.0,0.0,75162.35100000001,-1.0,-1.0,-1.0,-1.0,-1.0,-1.0,4.0,4.0,1.0,0.4759322966953752,0.3954061960765668,,,,,,,,,,,,,,,,,,,,,,,
4574,75161.5499,,,,,,Frage 1,,,,,,1.0,-1.0,-1.0,-1.0,-1.0,0.0,0.018097082863962055,75179.00600000005,-1.0,-1.0,-1.0,-1.0,-1.0,-1.0,4.0,4.0,1.0,0.47307184518740275,0.394481298666511,,,,,,,,,,,,,,,,,,,,,,,
4575,75178.206,,,,,,Frage 1,,,,,,1.0,-1.0,-1.0,-1.0,-1.0,0.0,0.0,75195.66099999996,-1.0,-1.0,-1.0,-1.0,-1.0,-1.0,4.0,4.0,1.0,0.4759322966953752,0.3954061960765668,,,,,,,,,,,,,,,,,,,,,,,
4576,75194.8597,,,,,,Frage 1,,,,,,1.0,-1.0,-1.0,-1.0,-1.0,0.0,0.0,75212.31500000006,-1.0,-1.0,-1.0,-1.0,-1.0,-1.0,4.0,4.0,1.0,0.4759322966953752,0.3954061960765668,,,,,,,,,,,,,,,,,,,,,,,
4577,75211.5155,,,,,,Frage 1,,,,,,1.0,-1.0,-1.0,-1.0,-1.0,0.0,0.0,75228.96999999997,-1.0,-1.0,-1.0,-1.0,-1.0,-1.0,4.0,4.0,1.0,0.4759322966953752,0.3954061960765668,,,,,,,,,,,,,,,,,,,,,,,
4578,75228.1705,,,,,,Frage 1,,,,,,1.0,-1.0,-1.0,-1.0,-1.0,0.0,0.0,75245.625,-1.0,-1.0,-1.0,-1.0,-1.0,-1.0,4.0,4.0,1.0,0.4759322966953752,0.3954061960765668,,,,,,,,,,,,,,,,,,,,,,,
4579,75244.8247,,,,,,Frage 1,,,,,,1.0,-1.0,-1.0,-1.0,-1.0,0.0,0.0,75262.28000000003,-1.0,-1.0,-1.0,-1.0,-1.0,-1.0,4.0,4.0,1.0,0.4759322966953752,0.3954061960765668,,,,,,,,,,,,,,,,,,,,,,,
4580,75261.4799,,,,,,Frage 1,,,,,,1.0,-1.0,-1.0,-1.0,-1.0,0.0,0.0,75278.934,-1.0,-1.0,-1.0,-1.0,-1.0,-1.0,4.0,4.0,1.0,0.4759322966953752,0.3954061960765668,,,,,,,,,,,,,,,,,,,,,,,
4581,75278.1333,,,,,,Frage 1,,,,,,1.0,-1.0,-1.0,-1.0,-1.0,0.0,0.0,75295.58900000004,-1.0,-1.0,-1.0,-1.0,-1.0,-1.0,4.0,4.0,1.0,0.4759322966953752,0.3954061960765668,,,,,,,,,,,,,,,,,,,,,,,
4582,75294.7891,,,,,,Frage 1,,,,,,1.0,-1.0,-1.0,-1.0,-1.0,0.0,0.0,75312.24400000006,-1.0,-1.0,-1.0,-1.0,-1.0,-1.0,4.0,4.0,1.0,0.4759322966953752,0.3954061960765668,,,,,,,,,,,,,,,,,,,,,,,
4583,75311.4435,,,,,,Frage 1,,,,,,1.0,-1.0,-1.0,-1.0,-1.0,0.0,0.018097082863962055,75328.89800000003,-1.0,-1.0,-1.0,-1.0,-1.0,-1.0,4.0,4.0,1.0,0.47307184518740275,0.394481298666511,,,,,,,,,,,,,,,,,,,,,,,
4584,75328.0977,,,,,,Frage 1,,,,,,1.0,-1.0,-1.0,-1.0,-1.0,0.0,0.0,75345.55300000006,-1.0,-1.0,-1.0,-1.0,-1.0,-1.0,4.0,4.0,1.0,0.4759322966953752,0.3954061960765668,,,,,,,,,,,,,,,,,,,,,,,
4585,75344.7521,,,,,,Frage 1,,,,,,1.0,-1.0,-1.0,-1.0,-1.0,0.0,0.0,75362.20799999998,-1.0,-1.0,-1.0,-1.0,-1.0,-1.0,4.0,4.0,1.0,0.4759322966953752,0.3954061960765668,,,,,,,,,,,,,,,,,,,,,,,
4586,75361.4075,,,,,,Frage 1,,,,,,1.0,-1.0,-1.0,-1.0,-1.0,0.0,0.0,75378.86199999996,-1.0,-1.0,-1.0,-1.0,-1.0,-1.0,4.0,4.0,1.0,0.4759322966953752,0.3954061960765668,,,,,,,,,,,,,,,,,,,,,,,
4587,75378.0621,,,,,,Frage 1,,,,,,1.0,-1.0,-1.0,-1.0,-1.0,0.0,0.0,75395.51699999998,-1.0,-1.0,-1.0,-1.0,-1.0,-1.0,4.0,4.0,1.0,0.4759322966953752,0.3954061960765668,,,,,,,,,,,,,,,,,,,,,,,
4588,75394.7167,,,,,,Frage 1,,,,,,1.0,-1.0,-1.0,-1.0,-1.0,0.0,0.0,75412.17200000002,-1.0,-1.0,-1.0,-1.0,-1.0,-1.0,4.0,4.0,1.0,0.4759322966953752,0.3954061960765668,,,,,,,,,,,,,,,,,,,,,,,
4589,75411.371,,,,,,Frage 1,,,,,,1.0,-1.0,-1.0,-1.0,-1.0,0.0,0.0,75428.826,-1.0,-1.0,-1.0,-1.0,-1.0,-1.0,4.0,4.0,1.0,0.4759322966953752,0.3954061960765668,,,,,,,,,,,,,,,,,,,,,,,
4590,75428.0251,,,,,,Frage 1,,,,,,1.0,-1.0,-1.0,-1.0,-1.0,0.0,0.0,75445.48100000003,-1.0,-1.0,-1.0,-1.0,-1.0,-1.0,4.0,4.0,1.0,0.4759322966953752,0.3954061960765668,,,,,,,,,,,,,,,,,,,,,,,
4591,75444.6817,,,,,,Frage 1,,,,,,1.0,-1.0,-1.0,-1.0,-1.0,0.0,0.0,75462.13600000004,-1.0,-1.0,-1.0,-1.0,-1.0,-1.0,4.0,4.0,1.0,0.4759322966953752,0.3954061960765668,,,,,,,,,,,,,,,,,,,,,,,
4592,75461.3354,,,,,,Frage 1,,,,,,1.0,-1.0,-1.0,-1.0,-1.0,0.0,0.0,75478.79000000004,-1.0,-1.0,-1.0,-1.0,-1.0,-1.0,4.0,4.0,1.0,0.4759322966953752,0.3954061960765668,,,,,,,,,,,,,,,,,,,,,,,
4593,75477.9889,,,,,,Frage 1,,,,,,1.0,-1.0,-1.0,-1.0,-1.0,0.0,0.0,75495.44500000007,-1.0,-1.0,-1.0,-1.0,-1.0,-1.0,4.0,4.0,1.0,0.4759322966953752,0.3954061960765668,,,,,,,,,,,,,,,,,,,,,,,
4594,75494.6456,,,,,,Frage 1,,,,,,1.0,-1.0,-1.0,-1.0,-1.0,0.03388974098219233,0.0,75512.09999999996,-1.0,-1.0,-1.0,-1.0,-1.0,-1.0,4.0,4.0,1.0,0.4762576401214801,0.3955127310509079,,,,,,,,,,,,,,,,,,,,,,,
4595,75511.299,,,,,,Frage 1,,,,,,1.0,-1.0,-1.0,-1.0,-1.0,0.0,0.0,75528.755,-1.0,-1.0,-1.0,-1.0,-1.0,-1.0,4.0,4.0,1.0,0.4759322966953752,0.3954061960765668,,,,,,,,,,,,,,,,,,,,,,,
4596,75527.9543,,,,,,Frage 1,,,,,,1.0,-1.0,-1.0,-1.0,-1.0,0.0,0.0,75545.40899999999,-1.0,-1.0,-1.0,-1.0,-1.0,-1.0,4.0,4.0,1.0,0.4759322966953752,0.3954061960765668,,,,,,,,,,,,,,,,,,,,,,,
4597,75544.6102,,,,,,Frage 1,,,,,,1.0,-1.0,-1.0,-1.0,-1.0,0.0,0.0,75562.06400000001,-1.0,-1.0,-1.0,-1.0,-1.0,-1.0,4.0,4.0,1.0,0.4759322966953752,0.3954061960765668,,,,,,,,,,,,,,,,,,,,,,,
4598,75561.263,,,,,,Frage 1,,,,,,1.0,-1.0,-1.0,-1.0,-1.0,0.0,0.0,75578.71900000003,-1.0,-1.0,-1.0,-1.0,-1.0,-1.0,4.0,4.0,1.0,0.4759322966953752,0.3954061960765668,,,,,,,,,,,,,,,,,,,,,,,
4599,75577.9183,,,,,,Frage 1,,,,,,1.0,-1.0,-1.0,-1.0,-1.0,0.0,0.0,75595.37300000002,-1.0,-1.0,-1.0,-1.0,-1.0,-1.0,4.0,4.0,1.0,0.4759322966953752,0.3954061960765668,,,,,,,,,,,,,,,,,,,,,,,
4600,75594.5721,,,,,,Frage 1,,,,,,1.0,-1.0,-1.0,-1.0,-1.0,0.0,0.0,75612.02800000005,-1.0,-1.0,-1.0,-1.0,-1.0,-1.0,4.0,4.0,1.0,0.4759322966953752,0.3954061960765668,,,,,,,,,,,,,,,,,,,,,,,
4601,75611.229,,,,,,Frage 1,,,,,,1.0,-1.0,-1.0,-1.0,-1.0,0.0,0.018097082863962055,75628.68299999996,-1.0,-1.0,-1.0,-1.0,-1.0,-1.0,4.0,4.0,1.0,0.47307184518740275,0.394481298666511,,,,,,,,,,,,,,,,,,,,,,,
4602,75627.8832,,,,,,Frage 1,,,,,,1.0,-1.0,-1.0,-1.0,-1.0,0.0,0.0,75645.33700000006,-1.0,-1.0,-1.0,-1.0,-1.0,-1.0,4.0,4.0,1.0,0.4759322966953752,0.3954061960765668,,,,,,,,,,,,,,,,,,,,,,,
4603,75644.5363,,,,,,Frage 1,,,,,,1.0,-1.0,-1.0,-1.0,-1.0,0.03388974098219233,0.0,75661.99199999998,-1.0,-1.0,-1.0,-1.0,-1.0,-1.0,4.0,4.0,1.0,0.4762576401214801,0.3955127310509079,,,,,,,,,,,,,,,,,,,,,,,
4604,75661.1922,,,,,,Frage 1,,,,,,1.0,-1.0,-1.0,-1.0,-1.0,0.0,0.0,75678.64699999998,-1.0,-1.0,-1.0,-1.0,-1.0,-1.0,4.0,4.0,1.0,0.4759322966953752,0.3954061960765668,,,,,,,,,,,,,,,,,,,,,,,
4605,75677.8453,,,,,,Frage 1,,,,,,1.0,-1.0,-1.0,-1.0,-1.0,0.03388974098219233,0.0,75695.30099999996,-1.0,-1.0,-1.0,-1.0,-1.0,-1.0,4.0,4.0,1.0,0.4762576401214801,0.3955127310509079,,,,,,,,,,,,,,,,,,,,,,,
4606,75694.5012,,,,,,Frage 1,,,,,,1.0,-1.0,-1.0,-1.0,-1.0,0.0,0.0,75711.956,-1.0,-1.0,-1.0,-1.0,-1.0,-1.0,4.0,4.0,1.0,0.4759322966953752,0.3954061960765668,,,,,,,,,,,,,,,,,,,,,,,
4607,75711.1567,,,,,,Frage 1,,,,,,1.0,-1.0,-1.0,-1.0,-1.0,0.0,0.0,75728.61100000003,-1.0,-1.0,-1.0,-1.0,-1.0,-1.0,4.0,4.0,1.0,0.4759322966953752,0.3954061960765668,,,,,,,,,,,,,,,,,,,,,,,
4608,75727.8092,,,,,,Frage 1,,,,,,1.0,-1.0,-1.0,-1.0,-1.0,0.0,0.0,75745.26500000001,-1.0,-1.0,-1.0,-1.0,-1.0,-1.0,4.0,4.0,1.0,0.4759322966953752,0.3954061960765668,,,,,,,,,,,,,,,,,,,,,,,
4609,75744.4663,,,,,,Frage 1,,,,,,1.0,-1.0,-1.0,-1.0,-1.0,0.0,0.0,75761.92000000003,-1.0,-1.0,-1.0,-1.0,-1.0,-1.0,4.0,4.0,1.0,0.4759322966953752,0.3954061960765668,,,,,,,,,,,,,,,,,,,,,,,
4610,75761.1196,,,,,,Frage 1,,,,,,1.0,-1.0,-1.0,-1.0,-1.0,0.0,0.0,75778.57500000007,-1.0,-1.0,-1.0,-1.0,-1.0,-1.0,4.0,4.0,1.0,0.4759322966953752,0.3954061960765668,,,,,,,,,,,,,,,,,,,,,,,
4611,75777.7756,,,,,,Frage 1,,,,,,1.0,-1.0,-1.0,-1.0,-1.0,0.0,0.0,75795.22999999998,-1.0,-1.0,-1.0,-1.0,-1.0,-1.0,4.0,4.0,1.0,0.4759322966953752,0.3954061960765668,,,,,,,,,,,,,,,,,,,,,,,
4612,75794.4295,,,,,,Frage 1,,,,,,1.0,-1.0,-1.0,-1.0,-1.0,0.0,0.0,75811.88399999996,-1.0,-1.0,-1.0,-1.0,-1.0,-1.0,4.0,4.0,1.0,0.4759322966953752,0.3954061960765668,,,,,,,,,,,,,,,,,,,,,,,
4613,75811.0828,,,,,,Frage 1,,,,,,1.0,-1.0,-1.0,-1.0,-1.0,0.0,0.0,75828.53899999999,-1.0,-1.0,-1.0,-1.0,-1.0,-1.0,4.0,4.0,1.0,0.4759322966953752,0.3954061960765668,,,,,,,,,,,,,,,,,,,,,,,
4614,75827.7392,,,,,,Frage 1,,,,,,1.0,-1.0,-1.0,-1.0,-1.0,0.0,0.0,75845.19400000003,-1.0,-1.0,-1.0,-1.0,-1.0,-1.0,4.0,4.0,1.0,0.4759322966953752,0.3954061960765668,,,,,,,,,,,,,,,,,,,,,,,
4615,75844.3924,,,,,,Frage 1,,,,,,1.0,-1.0,-1.0,-1.0,-1.0,0.0,0.0,75861.848,-1.0,-1.0,-1.0,-1.0,-1.0,-1.0,4.0,4.0,1.0,0.4759322966953752,0.3954061960765668,,,,,,,,,,,,,,,,,,,,,,,
4616,75861.0469,,,,,,Frage 1,,,,,,1.0,-1.0,-1.0,-1.0,-1.0,0.0,0.0,75878.50300000001,-1.0,-1.0,-1.0,-1.0,-1.0,-1.0,4.0,4.0,1.0,0.4759322966953752,0.3954061960765668,,,,,,,,,,,,,,,,,,,,,,,
4617,75877.7031,,,,,,Frage 1,,,,,,1.0,-1.0,-1.0,-1.0,-1.0,0.0,0.0,75895.15800000005,-1.0,-1.0,-1.0,-1.0,-1.0,-1.0,4.0,4.0,1.0,0.4759322966953752,0.3954061960765668,,,,,,,,,,,,,,,,,,,,,,,
4618,75894.3564,,,,,,Frage 1,,,,,,1.0,-1.0,-1.0,-1.0,-1.0,0.0,0.0,75911.81200000003,-1.0,-1.0,-1.0,-1.0,-1.0,-1.0,4.0,4.0,1.0,0.4759322966953752,0.3954061960765668,,,,,,,,,,,,,,,,,,,,,,,
4619,75911.0121,,,,,,Frage 1,,,,,,1.0,-1.0,-1.0,-1.0,-1.0,0.0,0.0,75928.46700000006,-1.0,-1.0,-1.0,-1.0,-1.0,-1.0,4.0,4.0,1.0,0.4759322966953752,0.3954061960765668,,,,,,,,,,,,,,,,,,,,,,,
4620,75916.2772,,,,,,Frage 1,1.0,0.451037228107452,29.3918341476783,0.190892726182938,202.72265625,,,,,,0.6585048574425887,0.6495113533451946,,,,,,,,,,,0.37959439571535225,0.3642823432120883,,,,,,,,,,,,,,,,,,,,,,,
4621,75927.6667,,,,,,Frage 1,,,,,,1.0,-1.0,-1.0,-1.0,-1.0,0.0,0.018097082863962055,75945.12199999997,-1.0,-1.0,-1.0,-1.0,-1.0,-1.0,4.0,4.0,1.0,0.47307184518740275,0.394481298666511,,,,,,,,,,,,,,,,,,,,,,,
4622,75944.3215,,,,,,Frage 1,,,,,,1.0,-1.0,-1.0,-1.0,-1.0,0.0,0.0,75961.77600000007,-1.0,-1.0,-1.0,-1.0,-1.0,-1.0,4.0,4.0,1.0,0.4759322966953752,0.3954061960765668,,,,,,,,,,,,,,,,,,,,,,,
4623,75960.9769,,,,,,Frage 1,,,,,,1.0,-1.0,-1.0,-1.0,-1.0,0.0,0.0,75978.43099999998,-1.0,-1.0,-1.0,-1.0,-1.0,-1.0,4.0,4.0,1.0,0.4759322966953752,0.3954061960765668,,,,,,,,,,,,,,,,,,,,,,,
4624,75977.6301,,,,,,Frage 1,,,,,,1.0,-1.0,-1.0,-1.0,-1.0,0.0,0.0,75995.08600000001,-1.0,-1.0,-1.0,-1.0,-1.0,-1.0,4.0,4.0,1.0,0.4759322966953752,0.3954061960765668,,,,,,,,,,,,,,,,,,,,,,,
4625,75994.2855,,,,,,Frage 1,,,,,,1.0,-1.0,-1.0,-1.0,-1.0,0.0,0.0,76011.73999999999,-1.0,-1.0,-1.0,-1.0,-1.0,-1.0,4.0,4.0,1.0,0.4759322966953752,0.3954061960765668,,,,,,,,,,,,,,,,,,,,,,,
4626,76010.9392,,,,,,Frage 1,,,,,,1.0,-1.0,-1.0,-1.0,-1.0,0.0,0.0,76028.39500000003,-1.0,-1.0,-1.0,-1.0,-1.0,-1.0,4.0,4.0,1.0,0.4759322966953752,0.3954061960765668,,,,,,,,,,,,,,,,,,,,,,,
4627,76027.5955,,,,,,Frage 1,,,,,,1.0,-1.0,-1.0,-1.0,-1.0,0.0,0.018097082863962055,76045.05000000003,-1.0,-1.0,-1.0,-1.0,-1.0,-1.0,4.0,4.0,1.0,0.47307184518740275,0.394481298666511,,,,,,,,,,,,,,,,,,,,,,,
4628,76044.2507,,,,,,Frage 1,,,,,,1.0,-1.0,-1.0,-1.0,-1.0,0.0,0.018097082863962055,76061.70500000006,-1.0,-1.0,-1.0,-1.0,-1.0,-1.0,4.0,4.0,1.0,0.47307184518740275,0.394481298666511,,,,,,,,,,,,,,,,,,,,,,,
4629,76060.9028,,,,,,Frage 1,,,,,,1.0,-1.0,-1.0,-1.0,-1.0,0.0,0.0,76078.35900000005,-1.0,-1.0,-1.0,-1.0,-1.0,-1.0,4.0,4.0,1.0,0.4759322966953752,0.3954061960765668,,,,,,,,,,,,,,,,,,,,,,,
4630,76077.5594,,,,,,Frage 1,,,,,,1.0,-1.0,-1.0,-1.0,-1.0,0.0,0.0,76095.01399999997,-1.0,-1.0,-1.0,-1.0,-1.0,-1.0,4.0,4.0,1.0,0.4759322966953752,0.3954061960765668,,,,,,,,,,,,,,,,,,,,,,,
4631,76094.2138,,,,,,Frage 1,,,,,,1.0,-1.0,-1.0,-1.0,-1.0,0.0,0.0,76111.66899999998,-1.0,-1.0,-1.0,-1.0,-1.0,-1.0,4.0,4.0,1.0,0.4759322966953752,0.3954061960765668,,,,,,,,,,,,,,,,,,,,,,,
4632,76110.8684,,,,,,Frage 1,,,,,,1.0,-1.0,-1.0,-1.0,-1.0,0.0,0.0,76128.32299999997,-1.0,-1.0,-1.0,-1.0,-1.0,-1.0,4.0,4.0,1.0,0.4759322966953752,0.3954061960765668,,,,,,,,,,,,,,,,,,,,,,,
4633,76127.5232,,,,,,Frage 1,,,,,,1.0,-1.0,-1.0,-1.0,-1.0,0.0,0.0,76144.978,-1.0,-1.0,-1.0,-1.0,-1.0,-1.0,4.0,4.0,1.0,0.4759322966953752,0.3954061960765668,,,,,,,,,,,,,,,,,,,,,,,
4634,76144.177,,,,,,Frage 1,,,,,,1.0,-1.0,-1.0,-1.0,-1.0,0.0,0.0,76161.63300000003,-1.0,-1.0,-1.0,-1.0,-1.0,-1.0,4.0,4.0,1.0,0.4759322966953752,0.3954061960765668,,,,,,,,,,,,,,,,,,,,,,,
4635,76160.8324,,,,,,Frage 1,,,,,,1.0,-1.0,-1.0,-1.0,-1.0,0.0,0.0,76178.28700000001,-1.0,-1.0,-1.0,-1.0,-1.0,-1.0,4.0,4.0,1.0,0.4759322966953752,0.3954061960765668,,,,,,,,,,,,,,,,,,,,,,,
4636,76177.4858,,,,,,Frage 1,,,,,,1.0,-1.0,-1.0,-1.0,-1.0,0.0,0.0,76194.94200000005,-1.0,-1.0,-1.0,-1.0,-1.0,-1.0,4.0,4.0,1.0,0.4759322966953752,0.3954061960765668,,,,,,,,,,,,,,,,,,,,,,,
4637,76194.1411,,,,,,Frage 1,,,,,,1.0,-1.0,-1.0,-1.0,-1.0,0.0,0.0,76211.59700000007,-1.0,-1.0,-1.0,-1.0,-1.0,-1.0,4.0,4.0,1.0,0.4759322966953752,0.3954061960765668,,,,,,,,,,,,,,,,,,,,,,,
4638,76210.7968,,,,,,Frage 1,,,,,,1.0,-1.0,-1.0,-1.0,-1.0,0.0,0.0,76228.25100000003,-1.0,-1.0,-1.0,-1.0,-1.0,-1.0,4.0,4.0,1.0,0.4759322966953752,0.3954061960765668,,,,,,,,,,,,,,,,,,,,,,,
4639,76227.4517,,,,,,Frage 1,,,,,,1.0,-1.0,-1.0,-1.0,-1.0,0.0,0.0,76244.90600000006,-1.0,-1.0,-1.0,-1.0,-1.0,-1.0,4.0,4.0,1.0,0.4759322966953752,0.3954061960765668,,,,,,,,,,,,,,,,,,,,,,,
4640,76244.1053,,,,,,Frage 1,,,,,,1.0,-1.0,-1.0,-1.0,-1.0,0.0,0.0,76261.56099999999,-1.0,-1.0,-1.0,-1.0,-1.0,-1.0,4.0,4.0,1.0,0.4759322966953752,0.3954061960765668,,,,,,,,,,,,,,,,,,,,,,,
4641,76260.7605,,,,,,Frage 1,,,,,,1.0,-1.0,-1.0,-1.0,-1.0,0.0,0.0,76278.21499999997,-1.0,-1.0,-1.0,-1.0,-1.0,-1.0,4.0,4.0,1.0,0.4759322966953752,0.3954061960765668,,,,,,,,,,,,,,,,,,,,,,,
4642,76277.414,,,,,,Frage 1,,,,,,1.0,-1.0,-1.0,-1.0,-1.0,0.0,0.0,76294.86999999998,-1.0,-1.0,-1.0,-1.0,-1.0,-1.0,4.0,4.0,1.0,0.4759322966953752,0.3954061960765668,,,,,,,,,,,,,,,,,,,,,,,
4643,76294.0697,,,,,,Frage 1,,,,,,1.0,-1.0,-1.0,-1.0,-1.0,0.0,0.0,76311.52500000001,-1.0,-1.0,-1.0,-1.0,-1.0,-1.0,4.0,4.0,1.0,0.4759322966953752,0.3954061960765668,,,,,,,,,,,,,,,,,,,,,,,
4644,76310.7249,,,,,,Frage 1,,,,,,1.0,-1.0,-1.0,-1.0,-1.0,0.0,0.0,76328.18000000005,-1.0,-1.0,-1.0,-1.0,-1.0,-1.0,4.0,4.0,1.0,0.4759322966953752,0.3954061960765668,,,,,,,,,,,,,,,,,,,,,,,
4645,76327.3786,,,,,,Frage 1,,,,,,1.0,-1.0,-1.0,-1.0,-1.0,0.0,0.018097082863962055,76344.83400000003,-1.0,-1.0,-1.0,-1.0,-1.0,-1.0,4.0,4.0,1.0,0.47307184518740275,0.394481298666511,,,,,,,,,,,,,,,,,,,,,,,
4646,76344.0346,,,,,,Frage 1,,,,,,1.0,-1.0,-1.0,-1.0,-1.0,0.03388974098219233,0.0,76361.48900000006,-1.0,-1.0,-1.0,-1.0,-1.0,-1.0,4.0,4.0,1.0,0.4762576401214801,0.3955127310509079,,,,,,,,,,,,,,,,,,,,,,,
4647,76360.6878,,,,,,Frage 1,,,,,,1.0,-1.0,-1.0,-1.0,-1.0,0.0,0.0,76378.14399999997,-1.0,-1.0,-1.0,-1.0,-1.0,-1.0,4.0,4.0,1.0,0.4759322966953752,0.3954061960765668,,,,,,,,,,,,,,,,,,,,,,,
4648,76377.3437,,,,,,Frage 1,,,,,,1.0,-1.0,-1.0,-1.0,-1.0,0.0,0.0,76394.79800000007,-1.0,-1.0,-1.0,-1.0,-1.0,-1.0,4.0,4.0,1.0,0.4759322966953752,0.3954061960765668,,,,,,,,,,,,,,,,,,,,,,,
4649,76393.9988,,,,,,Frage 1,,,,,,1.0,-1.0,-1.0,-1.0,-1.0,0.0,0.0,76411.45299999998,-1.0,-1.0,-1.0,-1.0,-1.0,-1.0,4.0,4.0,1.0,0.4759322966953752,0.3954061960765668,,,,,,,,,,,,,,,,,,,,,,,
4650,76410.6526,,,,,,Frage 1,,,,,,1.0,-1.0,-1.0,-1.0,-1.0,0.0,0.0,76428.108,-1.0,-1.0,-1.0,-1.0,-1.0,-1.0,4.0,4.0,1.0,0.4759322966953752,0.3954061960765668,,,,,,,,,,,,,,,,,,,,,,,
4651,76427.3075,,,,,,Frage 1,,,,,,1.0,-1.0,-1.0,-1.0,-1.0,0.0,0.0,76444.762,-1.0,-1.0,-1.0,-1.0,-1.0,-1.0,4.0,4.0,1.0,0.4759322966953752,0.3954061960765668,,,,,,,,,,,,,,,,,,,,,,,
4652,76443.9618,,,,,,Frage 1,,,,,,1.0,-1.0,-1.0,-1.0,-1.0,0.0,0.0,76461.41700000002,-1.0,-1.0,-1.0,-1.0,-1.0,-1.0,4.0,4.0,1.0,0.4759322966953752,0.3954061960765668,,,,,,,,,,,,,,,,,,,,,,,
4653,76460.6253,,,,,,Frage 1,,,,,,1.0,-1.0,-1.0,-1.0,-1.0,0.0,0.0,76478.07200000003,-1.0,-1.0,-1.0,-1.0,-1.0,-1.0,4.0,4.0,1.0,0.4759322966953752,0.3954061960765668,,,,,,,,,,,,,,,,,,,,,,,
4654,76477.2717,,,,,,Frage 1,,,,,,1.0,-1.0,-1.0,-1.0,-1.0,0.0,0.0,76494.72600000001,-1.0,-1.0,-1.0,-1.0,-1.0,-1.0,4.0,4.0,1.0,0.4759322966953752,0.3954061960765668,,,,,,,,,,,,,,,,,,,,,,,
4655,76493.9254,,,,,,Frage 1,,,,,,1.0,-1.0,-1.0,-1.0,-1.0,0.0,0.0,76511.38100000005,-1.0,-1.0,-1.0,-1.0,-1.0,-1.0,4.0,4.0,1.0,0.4759322966953752,0.3954061960765668,,,,,,,,,,,,,,,,,,,,,,,
4656,76510.5816,,,,,,Frage 1,,,,,,1.0,-1.0,-1.0,-1.0,-1.0,0.0,0.0,76528.03599999996,-1.0,-1.0,-1.0,-1.0,-1.0,-1.0,4.0,4.0,1.0,0.4759322966953752,0.3954061960765668,,,,,,,,,,,,,,,,,,,,,,,
4657,76527.2345,,,,,,Frage 1,,,,,,1.0,-1.0,-1.0,-1.0,-1.0,0.0,0.018097082863962055,76544.69000000006,-1.0,-1.0,-1.0,-1.0,-1.0,-1.0,4.0,4.0,1.0,0.47307184518740275,0.394481298666511,,,,,,,,,,,,,,,,,,,,,,,
4658,76543.8909,,,,,,Frage 1,,,,,,1.0,-1.0,-1.0,-1.0,-1.0,0.0,0.0,76561.34499999997,-1.0,-1.0,-1.0,-1.0,-1.0,-1.0,4.0,4.0,1.0,0.4759322966953752,0.3954061960765668,,,,,,,,,,,,,,,,,,,,,,,
4659,76560.546,,,,,,Frage 1,,,,,,1.0,-1.0,-1.0,-1.0,-1.0,0.0,0.0,76578.0,-1.0,-1.0,-1.0,-1.0,-1.0,-1.0,4.0,4.0,1.0,0.4759322966953752,0.3954061960765668,,,,,,,,,,,,,,,,,,,,,,,
4660,76577.1993,,,,,,Frage 1,,,,,,1.0,-1.0,-1.0,-1.0,-1.0,0.0,0.0,76594.65500000003,-1.0,-1.0,-1.0,-1.0,-1.0,-1.0,4.0,4.0,1.0,0.4759322966953752,0.3954061960765668,,,,,,,,,,,,,,,,,,,,,,,
4661,76593.8542,,,,,,Frage 1,,,,,,1.0,-1.0,-1.0,-1.0,-1.0,0.0,0.0,76611.309,-1.0,-1.0,-1.0,-1.0,-1.0,-1.0,4.0,4.0,1.0,0.4759322966953752,0.3954061960765668,,,,,,,,,,,,,,,,,,,,,,,
4662,76610.5087,,,,,,Frage 1,,,,,,1.0,-1.0,-1.0,-1.0,-1.0,0.0,0.0,76627.96400000004,-1.0,-1.0,-1.0,-1.0,-1.0,-1.0,4.0,4.0,1.0,0.4759322966953752,0.3954061960765668,,,,,,,,,,,,,,,,,,,,,,,
4663,76627.171,,,,,,Frage 1,,,,,,1.0,-1.0,-1.0,-1.0,-1.0,0.0,0.0,76644.61900000006,-1.0,-1.0,-1.0,-1.0,-1.0,-1.0,4.0,4.0,1.0,0.4759322966953752,0.3954061960765668,,,,,,,,,,,,,,,,,,,,,,,
4664,76643.8183,,,,,,Frage 1,,,,,,1.0,-1.0,-1.0,-1.0,-1.0,0.0,0.0,76661.27300000003,-1.0,-1.0,-1.0,-1.0,-1.0,-1.0,4.0,4.0,1.0,0.4759322966953752,0.3954061960765668,,,,,,,,,,,,,,,,,,,,,,,
4665,76660.4721,,,,,,Frage 1,,,,,,1.0,-1.0,-1.0,-1.0,-1.0,0.0,0.0,76677.92800000006,-1.0,-1.0,-1.0,-1.0,-1.0,-1.0,4.0,4.0,1.0,0.4759322966953752,0.3954061960765668,,,,,,,,,,,,,,,,,,,,,,,
4666,76677.1284,,,,,,Frage 1,,,,,,1.0,-1.0,-1.0,-1.0,-1.0,0.03388974098219233,0.0,76694.58299999998,-1.0,-1.0,-1.0,-1.0,-1.0,-1.0,4.0,4.0,1.0,0.4762576401214801,0.3955127310509079,,,,,,,,,,,,,,,,,,,,,,,
4667,76693.7812,,,,,,Frage 1,,,,,,1.0,-1.0,-1.0,-1.0,-1.0,0.0,0.0,76711.23699999996,-1.0,-1.0,-1.0,-1.0,-1.0,-1.0,4.0,4.0,1.0,0.4759322966953752,0.3954061960765668,,,,,,,,,,,,,,,,,,,,,,,
4668,76710.4373,,,,,,Frage 1,,,,,,1.0,-1.0,-1.0,-1.0,-1.0,0.0,0.0,76727.89199999998,-1.0,-1.0,-1.0,-1.0,-1.0,-1.0,4.0,4.0,1.0,0.4759322966953752,0.3954061960765668,,,,,,,,,,,,,,,,,,,,,,,
4669,76727.093,,,,,,Frage 1,,,,,,1.0,-1.0,-1.0,-1.0,-1.0,0.0,0.0,76744.54700000002,-1.0,-1.0,-1.0,-1.0,-1.0,-1.0,4.0,4.0,1.0,0.4759322966953752,0.3954061960765668,,,,,,,,,,,,,,,,,,,,,,,
4670,76743.7449,,,,,,Frage 1,,,,,,1.0,-1.0,-1.0,-1.0,-1.0,0.0,0.0,76761.201,-1.0,-1.0,-1.0,-1.0,-1.0,-1.0,4.0,4.0,1.0,0.4759322966953752,0.3954061960765668,,,,,,,,,,,,,,,,,,,,,,,
4671,76760.401,,,,,,Frage 1,,,,,,1.0,-1.0,-1.0,-1.0,-1.0,0.0,0.0,76777.85600000003,-1.0,-1.0,-1.0,-1.0,-1.0,-1.0,4.0,4.0,1.0,0.4759322966953752,0.3954061960765668,,,,,,,,,,,,,,,,,,,,,,,
4672,76777.0556,,,,,,Frage 1,,,,,,1.0,-1.0,-1.0,-1.0,-1.0,0.0,0.0,76794.51100000004,-1.0,-1.0,-1.0,-1.0,-1.0,-1.0,4.0,4.0,1.0,0.4759322966953752,0.3954061960765668,,,,,,,,,,,,,,,,,,,,,,,
4673,76793.7096,,,,,,Frage 1,,,,,,1.0,-1.0,-1.0,-1.0,-1.0,0.0,0.0,76811.16500000004,-1.0,-1.0,-1.0,-1.0,-1.0,-1.0,4.0,4.0,1.0,0.4759322966953752,0.3954061960765668,,,,,,,,,,,,,,,,,,,,,,,
4674,76827.4732,,,,,,Frage 1,,,,,,1.0,-1.0,-1.0,-1.0,-1.0,0.0,0.018097082863962055,76844.92800000006,-1.0,-1.0,-1.0,-1.0,-1.0,-1.0,4.0,4.0,1.0,0.47307184518740275,0.394481298666511,,,,,,,,,,,,,,,,,,,,,,,
4675,76844.1273,,,,,,Frage 1,,,,,,1.0,-1.0,-1.0,-1.0,-1.0,0.0,0.0,76861.58299999998,-1.0,-1.0,-1.0,-1.0,-1.0,-1.0,4.0,4.0,1.0,0.4759322966953752,0.3954061960765668,,,,,,,,,,,,,,,,,,,,,,,
4676,76860.7848,,,,,,Frage 1,,,,,,1.0,-1.0,-1.0,-1.0,-1.0,0.03388974098219233,0.0,76878.23800000001,-1.0,-1.0,-1.0,-1.0,-1.0,-1.0,4.0,4.0,1.0,0.4762576401214801,0.3955127310509079,,,,,,,,,,,,,,,,,,,,,,,
4677,76877.4368,,,,,,Frage 1,,,,,,1.0,-1.0,-1.0,-1.0,-1.0,0.03388974098219233,0.0,76894.89199999998,-1.0,-1.0,-1.0,-1.0,-1.0,-1.0,4.0,4.0,1.0,0.4762576401214801,0.3955127310509079,,,,,,,,,,,,,,,,,,,,,,,
4678,76894.0923,,,,,,Frage 1,,,,,,1.0,-1.0,-1.0,-1.0,-1.0,0.0,0.0,76911.54700000002,-1.0,-1.0,-1.0,-1.0,-1.0,-1.0,4.0,4.0,1.0,0.4759322966953752,0.3954061960765668,,,,,,,,,,,,,,,,,,,,,,,
4679,76910.7467,,,,,,Frage 1,,,,,,1.0,-1.0,-1.0,-1.0,-1.0,0.0,0.0,76928.20200000003,-1.0,-1.0,-1.0,-1.0,-1.0,-1.0,4.0,4.0,1.0,0.4759322966953752,0.3954061960765668,,,,,,,,,,,,,,,,,,,,,,,
4680,76925.8006,,,,,,Frage 1,1.0,2.78163433074951,29.402704454986,1.16082191467285,202.70703125,,,,,,0.6585048574425887,0.6495113533451946,,,,,,,,,,,0.37959439571535225,0.3642823432120883,,,,,,,,,,,,,,,,,,,,,,,
4681,76927.4008,,,,,,Frage 1,,,,,,1.0,-1.0,-1.0,-1.0,-1.0,0.0,0.0,76944.85600000003,-1.0,-1.0,-1.0,-1.0,-1.0,-1.0,4.0,4.0,1.0,0.4759322966953752,0.3954061960765668,,,,,,,,,,,,,,,,,,,,,,,
4682,76944.057,,,,,,Frage 1,,,,,,1.0,-1.0,-1.0,-1.0,-1.0,0.03388974098219233,0.0,76961.51100000004,-1.0,-1.0,-1.0,-1.0,-1.0,-1.0,4.0,4.0,1.0,0.4762576401214801,0.3955127310509079,,,,,,,,,,,,,,,,,,,,,,,
4683,76960.7103,,,,,,Frage 1,,,,,,1.0,-1.0,-1.0,-1.0,-1.0,0.0,0.0,76978.16599999997,-1.0,-1.0,-1.0,-1.0,-1.0,-1.0,4.0,4.0,1.0,0.4759322966953752,0.3954061960765668,,,,,,,,,,,,,,,,,,,,,,,
4684,76977.3653,,,,,,Frage 1,,,,,,1.0,-1.0,-1.0,-1.0,-1.0,0.0,0.018097082863962055,76994.82000000007,-1.0,-1.0,-1.0,-1.0,-1.0,-1.0,4.0,4.0,1.0,0.47307184518740275,0.394481298666511,,,,,,,,,,,,,,,,,,,,,,,
4685,76994.0202,,,,,,Frage 1,,,,,,1.0,-1.0,-1.0,-1.0,-1.0,0.0,0.0,77011.47499999996,-1.0,-1.0,-1.0,-1.0,-1.0,-1.0,4.0,4.0,1.0,0.4759322966953752,0.3954061960765668,,,,,,,,,,,,,,,,,,,,,,,
4686,77010.6746,,,,,,Frage 1,,,,,,1.0,-1.0,-1.0,-1.0,-1.0,0.0,0.0,77028.13,-1.0,-1.0,-1.0,-1.0,-1.0,-1.0,4.0,4.0,1.0,0.4759322966953752,0.3954061960765668,,,,,,,,,,,,,,,,,,,,,,,
4687,77027.3295,,,,,,Frage 1,,,,,,1.0,-1.0,-1.0,-1.0,-1.0,0.0,0.0,77044.78399999999,-1.0,-1.0,-1.0,-1.0,-1.0,-1.0,4.0,4.0,1.0,0.4759322966953752,0.3954061960765668,,,,,,,,,,,,,,,,,,,,,,,
4688,77043.9834,,,,,,Frage 1,,,,,,1.0,-1.0,-1.0,-1.0,-1.0,0.0,0.0,77061.43900000001,-1.0,-1.0,-1.0,-1.0,-1.0,-1.0,4.0,4.0,1.0,0.4759322966953752,0.3954061960765668,,,,,,,,,,,,,,,,,,,,,,,
4689,77060.6404,,,,,,Frage 1,,,,,,1.0,-1.0,-1.0,-1.0,-1.0,0.0,0.0,77078.09400000003,-1.0,-1.0,-1.0,-1.0,-1.0,-1.0,4.0,4.0,1.0,0.4759322966953752,0.3954061960765668,,,,,,,,,,,,,,,,,,,,,,,
4690,77077.2937,,,,,,Frage 1,,,,,,1.0,-1.0,-1.0,-1.0,-1.0,0.03388974098219233,0.0,77094.74800000002,-1.0,-1.0,-1.0,-1.0,-1.0,-1.0,4.0,4.0,1.0,0.4762576401214801,0.3955127310509079,,,,,,,,,,,,,,,,,,,,,,,
4691,77093.9478,,,,,,Frage 1,,,,,,1.0,-1.0,-1.0,-1.0,-1.0,0.0,0.018097082863962055,77111.40300000005,-1.0,-1.0,-1.0,-1.0,-1.0,-1.0,4.0,4.0,1.0,0.47307184518740275,0.394481298666511,,,,,,,,,,,,,,,,,,,,,,,
4692,77110.6029,,,,,,Frage 1,,,,,,1.0,-1.0,-1.0,-1.0,-1.0,0.0,0.0,77128.05799999996,-1.0,-1.0,-1.0,-1.0,-1.0,-1.0,4.0,4.0,1.0,0.4759322966953752,0.3954061960765668,,,,,,,,,,,,,,,,,,,,,,,
4693,77127.2568,,,,,,Frage 1,,,,,,1.0,-1.0,-1.0,-1.0,-1.0,0.0,0.0,77144.713,-1.0,-1.0,-1.0,-1.0,-1.0,-1.0,4.0,4.0,1.0,0.4759322966953752,0.3954061960765668,,,,,,,,,,,,,,,,,,,,,,,
4694,77143.9121,,,,,,Frage 1,,,,,,1.0,-1.0,-1.0,-1.0,-1.0,0.0,0.0,77161.36699999998,-1.0,-1.0,-1.0,-1.0,-1.0,-1.0,4.0,4.0,1.0,0.4759322966953752,0.3954061960765668,,,,,,,,,,,,,,,,,,,,,,,
4695,77160.5677,,,,,,Frage 1,,,,,,1.0,-1.0,-1.0,-1.0,-1.0,0.0,0.0,77178.02199999998,-1.0,-1.0,-1.0,-1.0,-1.0,-1.0,4.0,4.0,1.0,0.4759322966953752,0.3954061960765668,,,,,,,,,,,,,,,,,,,,,,,
4696,77177.2209,,,,,,Frage 1,,,,,,1.0,-1.0,-1.0,-1.0,-1.0,0.0,0.018097082863962055,77194.67700000001,-1.0,-1.0,-1.0,-1.0,-1.0,-1.0,4.0,4.0,1.0,0.47307184518740275,0.394481298666511,,,,,,,,,,,,,,,,,,,,,,,
4697,77193.8762,,,,,,Frage 1,,,,,,1.0,-1.0,-1.0,-1.0,-1.0,0.0,0.0,77211.331,-1.0,-1.0,-1.0,-1.0,-1.0,-1.0,4.0,4.0,1.0,0.4759322966953752,0.3954061960765668,,,,,,,,,,,,,,,,,,,,,,,
4698,77210.5305,,,,,,Frage 1,,,,,,1.0,-1.0,-1.0,-1.0,-1.0,0.0,0.0,77227.98600000003,-1.0,-1.0,-1.0,-1.0,-1.0,-1.0,4.0,4.0,1.0,0.4759322966953752,0.3954061960765668,,,,,,,,,,,,,,,,,,,,,,,
4699,77227.1867,,,,,,Frage 1,,,,,,1.0,-1.0,-1.0,-1.0,-1.0,0.0,0.0,77244.64100000006,-1.0,-1.0,-1.0,-1.0,-1.0,-1.0,4.0,4.0,1.0,0.4759322966953752,0.3954061960765668,,,,,,,,,,,,,,,,,,,,,,,
4700,77243.8404,,,,,,Frage 1,,,,,,1.0,-1.0,-1.0,-1.0,-1.0,0.03388974098219233,0.0,77261.29500000003,-1.0,-1.0,-1.0,-1.0,-1.0,-1.0,4.0,4.0,1.0,0.4762576401214801,0.3955127310509079,,,,,,,,,,,,,,,,,,,,,,,
4701,77260.4941,,,,,,Frage 1,,,,,,1.0,-1.0,-1.0,-1.0,-1.0,0.0,0.0,77277.95000000007,-1.0,-1.0,-1.0,-1.0,-1.0,-1.0,4.0,4.0,1.0,0.4759322966953752,0.3954061960765668,,,,,,,,,,,,,,,,,,,,,,,
4702,77277.1507,,,,,,Frage 1,,,,,,1.0,-1.0,-1.0,-1.0,-1.0,0.0,0.0,77294.60499999998,-1.0,-1.0,-1.0,-1.0,-1.0,-1.0,4.0,4.0,1.0,0.4759322966953752,0.3954061960765668,,,,,,,,,,,,,,,,,,,,,,,
4703,77293.8028,,,,,,Frage 1,,,,,,1.0,-1.0,-1.0,-1.0,-1.0,0.0,0.018097082863962055,77311.25899999996,-1.0,-1.0,-1.0,-1.0,-1.0,-1.0,4.0,4.0,1.0,0.47307184518740275,0.394481298666511,,,,,,,,,,,,,,,,,,,,,,,
4704,77310.459,,,,,,Frage 1,,,,,,1.0,-1.0,-1.0,-1.0,-1.0,0.0,0.0,77327.91399999999,-1.0,-1.0,-1.0,-1.0,-1.0,-1.0,4.0,4.0,1.0,0.4759322966953752,0.3954061960765668,,,,,,,,,,,,,,,,,,,,,,,
4705,77327.1146,,,,,,Frage 1,,,,,,1.0,-1.0,-1.0,-1.0,-1.0,0.0,0.0,77344.56900000003,-1.0,-1.0,-1.0,-1.0,-1.0,-1.0,4.0,4.0,1.0,0.4759322966953752,0.3954061960765668,,,,,,,,,,,,,,,,,,,,,,,
4706,77343.7674,,,,,,Frage 1,,,,,,1.0,-1.0,-1.0,-1.0,-1.0,0.0,0.0,77361.223,-1.0,-1.0,-1.0,-1.0,-1.0,-1.0,4.0,4.0,1.0,0.4759322966953752,0.3954061960765668,,,,,,,,,,,,,,,,,,,,,,,
4707,77360.4231,,,,,,Frage 1,,,,,,1.0,-1.0,-1.0,-1.0,-1.0,0.0,0.0,77377.87800000001,-1.0,-1.0,-1.0,-1.0,-1.0,-1.0,4.0,4.0,1.0,0.4759322966953752,0.3954061960765668,,,,,,,,,,,,,,,,,,,,,,,
4708,77377.0774,,,,,,Frage 1,,,,,,1.0,-1.0,-1.0,-1.0,-1.0,0.0,0.0,77394.53300000005,-1.0,-1.0,-1.0,-1.0,-1.0,-1.0,4.0,4.0,1.0,0.4759322966953752,0.3954061960765668,,,,,,,,,,,,,,,,,,,,,,,
4709,77393.7332,,,,,,Frage 1,,,,,,1.0,-1.0,-1.0,-1.0,-1.0,0.0,0.0,77411.18799999997,-1.0,-1.0,-1.0,-1.0,-1.0,-1.0,4.0,4.0,1.0,0.4759322966953752,0.3954061960765668,,,,,,,,,,,,,,,,,,,,,,,
4710,77410.3877,,,,,,Frage 1,,,,,,1.0,-1.0,-1.0,-1.0,-1.0,0.0,0.0,77427.84200000006,-1.0,-1.0,-1.0,-1.0,-1.0,-1.0,4.0,4.0,1.0,0.4759322966953752,0.3954061960765668,,,,,,,,,,,,,,,,,,,,,,,
4711,77427.0413,,,,,,Frage 1,,,,,,1.0,-1.0,-1.0,-1.0,-1.0,0.03388974098219233,0.0,77444.49699999997,-1.0,-1.0,-1.0,-1.0,-1.0,-1.0,4.0,4.0,1.0,0.4762576401214801,0.3955127310509079,,,,,,,,,,,,,,,,,,,,,,,
4712,77443.6974,,,,,,Frage 1,,,,,,1.0,-1.0,-1.0,-1.0,-1.0,0.0,0.0,77461.152,-1.0,-1.0,-1.0,-1.0,-1.0,-1.0,4.0,4.0,1.0,0.4759322966953752,0.3954061960765668,,,,,,,,,,,,,,,,,,,,,,,
4713,77460.3501,,,,,,Frage 1,,,,,,1.0,-1.0,-1.0,-1.0,-1.0,0.0,0.018097082863962055,77477.80599999998,-1.0,-1.0,-1.0,-1.0,-1.0,-1.0,4.0,4.0,1.0,0.47307184518740275,0.394481298666511,,,,,,,,,,,,,,,,,,,,,,,
4714,77477.0058,,,,,,Frage 1,,,,,,1.0,-1.0,-1.0,-1.0,-1.0,0.03388974098219233,0.0,77494.46100000001,-1.0,-1.0,-1.0,-1.0,-1.0,-1.0,4.0,4.0,1.0,0.4762576401214801,0.3955127310509079,,,,,,,,,,,,,,,,,,,,,,,
4715,77493.6615,,,,,,Frage 1,,,,,,1.0,-1.0,-1.0,-1.0,-1.0,0.03388974098219233,0.0,77511.11600000004,-1.0,-1.0,-1.0,-1.0,-1.0,-1.0,4.0,4.0,1.0,0.4762576401214801,0.3955127310509079,,,,,,,,,,,,,,,,,,,,,,,
4716,77510.3145,,,,,,Frage 1,,,,,,1.0,-1.0,-1.0,-1.0,-1.0,0.03388974098219233,0.0,77527.77000000003,-1.0,-1.0,-1.0,-1.0,-1.0,-1.0,4.0,4.0,1.0,0.4762576401214801,0.3955127310509079,,,,,,,,,,,,,,,,,,,,,,,
4717,77526.9703,,,,,,Frage 1,,,,,,1.0,-1.0,-1.0,-1.0,-1.0,0.0,0.0,77544.42500000003,-1.0,-1.0,-1.0,-1.0,-1.0,-1.0,4.0,4.0,1.0,0.4759322966953752,0.3954061960765668,,,,,,,,,,,,,,,,,,,,,,,
4718,77543.6239,,,,,,Frage 1,,,,,,1.0,-1.0,-1.0,-1.0,-1.0,0.0,0.0,77561.08000000006,-1.0,-1.0,-1.0,-1.0,-1.0,-1.0,4.0,4.0,1.0,0.4759322966953752,0.3954061960765668,,,,,,,,,,,,,,,,,,,,,,,
4719,77574.7698,,,,,,Frage 1,,,,,,1.0,-1.0,-1.0,-1.0,-1.0,0.0,0.0,77592.22400000003,-1.0,-1.0,-1.0,-1.0,-1.0,-1.0,4.0,4.0,1.0,0.4759322966953752,0.3954061960765668,,,,,,,,,,,,,,,,,,,,,,,
4720,77591.4224,,,,,,Frage 1,,,,,,1.0,-1.0,-1.0,-1.0,-1.0,0.03388974098219233,0.0,77608.87800000001,-1.0,-1.0,-1.0,-1.0,-1.0,-1.0,4.0,4.0,1.0,0.4762576401214801,0.3955127310509079,,,,,,,,,,,,,,,,,,,,,,,
4721,77625.4699,,,,,,Frage 1,,,,,,1.0,-1.0,-1.0,-1.0,-1.0,0.0,0.0,77642.92500000003,-1.0,-1.0,-1.0,-1.0,-1.0,-1.0,4.0,4.0,1.0,0.4759322966953752,0.3954061960765668,,,,,,,,,,,,,,,,,,,,,,,
4722,77642.1255,,,,,,Frage 1,,,,,,1.0,-1.0,-1.0,-1.0,-1.0,0.0,0.0,77659.58000000006,-1.0,-1.0,-1.0,-1.0,-1.0,-1.0,4.0,4.0,1.0,0.4759322966953752,0.3954061960765668,,,,,,,,,,,,,,,,,,,,,,,
4723,77658.7784,,,,,,Frage 1,,,,,,1.0,-1.0,-1.0,725.0,465.0,0.0,0.9965075045798828,77676.23400000005,-1.0,584.85498046875,-1.0,-1.0,0.5059509873390197,0.2303173243999481,4.0,0.0,1.0,0.39196832579185514,0.42843779232927964,725.0,465.0,584.85498046875,,,,,,,,,,,,,,,,,,,,
4724,77675.4346,,,,,,Frage 1,,,,,,1.0,835.0,367.0,725.0,465.0,0.9969046275817652,0.9965075045798828,77692.88899999997,582.974609375,582.8260498046875,0.6548451781272888,0.2341626286506652,0.4995230734348297,0.2321478277444839,0.0,0.0,1.0,0.42307692307692296,0.382600561272217,780.0,416.0,582.900329589844,83.7983870902787,,,,,,,,,,148.0,148.0,77667.1065,77750.38005,83.2735500000126,6.96144210915772,204.194107720899,7229.28086697926,-8694.22466862658,221.332211944469
4725,77692.0885,,,,,,Frage 1,,,,,,1.0,835.0,367.0,678.0,390.0,0.9969046275817652,1.0,77709.54399999998,581.2401733398438,580.8576049804688,0.653712511062622,0.229656234383583,0.4967869520187377,0.2306168526411056,0.0,0.0,1.0,0.4097850678733031,0.3475210477081384,756.5,378.5,581.048889160156,204.194107720899,7229.28086697926,,,,,,,,,148.0,148.0,77667.1065,77750.38005,83.2735500000126,6.96144210915772,204.194107720899,7229.28086697926,-8694.22466862658,221.332211944469
4726,77708.7434,,,,,,Frage 1,,,,,,1.0,657.0,126.0,632.0,338.0,1.0,0.9706730412485105,77726.19799999997,567.6398315429688,567.1902465820312,0.6563205122947692,0.2275218516588211,0.4978308975696563,0.2299319356679916,0.0,0.0,1.0,0.34643665158371034,0.21047708138447144,644.5,232.0,567.4150390625,190.753142239191,-807.027690451511,,,,,,,,,148.0,148.0,77667.1065,77750.38005,83.2735500000126,6.96144210915772,204.194107720899,7229.28086697926,-8694.22466862658,221.332211944469
4727,77725.3984,,,,,,Frage 1,,,,,,1.0,633.0,155.0,584.0,303.0,0.9979979930004643,0.9901679826018019,77742.853,551.40625,550.7470092773438,0.657534122467041,0.2272999733686447,0.4967880845069885,0.2321831434965133,0.0,0.0,1.0,0.3260746606334841,0.20767072029934516,608.5,229.0,551.076629638672,45.9508303832259,-8694.22466862658,,,,,,,,,148.0,148.0,77667.1065,77750.38005,83.2735500000126,6.96144210915772,204.194107720899,7229.28086697926,-8694.22466862658,221.332211944469
4728,77742.0523,,,,,,Frage 1,,,,,,1.0,643.0,206.0,585.0,334.0,0.9731027114463877,0.9638965964239418,77759.50800000003,546.6568603515625,545.90234375,0.658227801322937,0.2259047329425811,0.496112585067749,0.2322596758604049,0.0,0.0,1.0,0.3291855203619909,0.24602432179607106,614.0,270.0,546.279602050781,59.7713568533383,829.867266533393,,,,,,,,,148.0,148.0,77667.1065,77750.38005,83.2735500000126,6.96144210915772,204.194107720899,7229.28086697926,-8694.22466862658,221.332211944469
4729,77758.7078,,,,,,Frage 1,,,,,,1.0,658.0,230.0,596.0,351.0,0.9606038971737253,0.9554974663338439,77776.16200000001,547.1555786132812,546.3214721679688,0.657788336277008,0.2246110737323761,0.4948819577693939,0.2319542616605758,0.0,0.0,1.0,0.29746667901554324,0.265201122544434,627.0,290.5,546.738525390625,21.7365383173148,-2283.61913698209,,,,,,,,,,,,,,,,,,
4730,77775.361,,,,,,Frage 1,,,,,,1.0,658.0,218.0,607.0,351.0,0.954133570312383,0.9537994279163944,77792.81700000005,542.9071044921875,542.0355224609375,0.658703327178955,0.2237008213996887,0.4950321912765502,0.2318319976329803,0.0,0.0,1.0,0.33964932126696823,0.2595884003741814,632.5,284.5,542.471313476563,17.282405851054,-267.464058935259,,,,,,,,,,,,,,,,,,
4731,77792.0184,,,,,,Frage 1,,,,,,1.0,668.0,231.0,610.0,378.0,0.9557711221723524,0.9564964700084634,77809.47200000007,542.1196899414064,541.2130737304688,0.6587859988212585,0.22286918759346,0.4946261346340179,0.2314959913492202,0.0,0.0,1.0,0.34332579185520357,0.2782974742750233,639.0,304.5,541.666381835938,31.4713111816201,851.80792504047,,,,,,,,,149.0,149.0,77783.6897,77800.34495,16.6552499999962,,31.4713111816201,851.80792504047,,
4732,77808.6715,,,,,,Frage 1,,,,,,1.0,667.0,243.0,611.0,391.0,0.9552868461649834,0.9549162765285025,77826.12600000003,539.2462158203125,538.3259887695312,0.6594321131706237,0.2224458903074264,0.4948264360427856,0.2314001321792602,0.0,0.0,1.0,0.34332579185520357,0.28999064546304953,639.0,317.0,538.786102294922,8.72158892796674,-1366.09533682371,,,,,,,,,,,,,,,,,,
4733,77825.3252,,,,,,Frage 1,,,,,,1.0,667.0,244.0,609.0,383.0,0.9557037229342134,0.9516005485146181,77842.78100000006,538.2958984375,537.3665771484375,0.6597791314125061,0.2221708893775939,0.4948307573795318,0.2313639670610427,0.0,0.0,1.0,0.34276018099547506,0.2867165575304022,638.0,313.5,537.831237792969,11.9920154505191,196.378373727784,,,,,,,,,,,,,,,,,,
4734,77841.9819,,,,,,Frage 1,,,,,,1.0,659.0,261.0,606.0,394.0,0.9486622994530842,0.9494820179338568,77859.43599999999,537.0676879882812,536.1347045898438,0.6601883769035339,0.2217144072055816,0.4949518740177154,0.2310754656791687,0.0,0.0,1.0,0.33964932126696823,0.2998129092609915,632.5,327.5,536.601196289063,16.808115835098,289.138928153903,,,,,,,,,,,,,,,,,,
4735,77858.6358,,,,,,Frage 1,,,,,,1.0,662.0,235.0,579.0,395.0,0.9466173071258468,0.9530173660585153,77876.09100000001,540.7797241210938,539.845947265625,0.6598560810089111,0.2212488055229187,0.4944562911987304,0.2306976020336151,0.0,0.0,1.0,0.33286199095022617,0.2881197380729653,620.5,315.0,540.312835693359,95.8624314318429,4746.89505741731,,,,,,,,,150.0,150.0,77850.30885,77883.61885,33.3099999999977,2.93999421277006,112.139553883187,4746.89505741731,,183.215483991748
4736,77875.2907,,,,,,Frage 1,,,,,,1.0,552.0,209.0,511.0,411.0,0.9516422947693198,0.9573267411589513,77892.74499999998,541.5382690429688,540.6362915039064,0.6605548858642578,0.2208480834960937,0.4949429035186767,0.2302754372358322,0.0,0.0,1.0,0.2825226244343891,0.2834424695977549,531.5,310.0,541.087280273438,112.139553883187,977.317333118145,,,,,,,,,150.0,150.0,77850.30885,77883.61885,33.3099999999977,2.93999421277006,112.139553883187,4746.89505741731,,183.215483991748
4737,77891.947,,,,,,Frage 1,,,,,,1.0,516.0,231.0,485.0,408.0,0.9579977932990179,0.958992640047995,77909.40000000001,538.427001953125,537.5355224609375,0.661403238773346,0.2202539891004562,0.4955067634582519,0.2297122180461883,0.0,0.0,1.0,0.2649886877828054,0.2923292797006548,500.5,319.5,537.981262207031,24.1024405797053,-5285.51438815755,115.0,114.0,520.971428571429,374.128571428571,77883.61885,78466.5312,582.912349999999,1.03150597790354,,,,,,,,,,
4738,77908.5997,,,,,,Frage 1,,,,,,1.0,517.0,248.0,498.0,390.0,0.9532507872017965,0.954825214531352,77926.05500000005,536.1830444335938,535.2865600585938,0.6618042588233947,0.2197327464818954,0.4956832230091095,0.22925865650177,0.0,0.0,1.0,0.2689479638009049,0.29186155285313375,507.5,319.0,535.734802246094,16.7680207644212,-440.43427283753,115.0,114.0,520.971428571429,374.128571428571,77883.61885,78466.5312,582.912349999999,1.03150597790354,,,,,,,,,,
4739,77925.2548,,,,,,Frage 1,,,,,,1.0,530.0,252.0,507.0,391.0,0.9484782333736363,0.9510863160601223,77942.70900000003,533.8037109375,532.9068603515625,0.6623082756996154,0.2190391272306442,0.4959559142589569,0.2286063283681869,0.0,0.0,1.0,0.27516968325791846,0.3304899961340041,518.5,321.5,533.355285644531,12.6039310469619,-250.018896161659,115.0,114.0,520.971428571429,374.128571428571,77883.61885,78466.5312,582.912349999999,1.03150597790354,,,,,,,,,,
4740,77941.9081,,,,,,Frage 1,,,,,,1.0,534.0,259.0,508.0,379.0,0.9476832135956745,0.9443771895053726,77959.36400000006,532.0921020507812,531.1912231445312,0.6625968813896179,0.2183851450681686,0.4960412383079528,0.2279645800590515,0.0,0.0,1.0,0.2765837104072397,0.29186155285313375,521.0,319.0,531.641662597656,4.95020957096555,-459.591881248391,115.0,114.0,520.971428571429,374.128571428571,77883.61885,78466.5312,582.912349999999,1.03150597790354,,,,,,,,,,
4741,77945.5317,,,,,,Frage 1,1.0,1.93463349342346,29.4025349847162,1.34074211120605,202.71484375,,,,,,0.6585048574425887,0.6495113533451946,,,,,,,,,,,0.37959439571535225,0.3642823432120883,,,,,,,,,,,,,,,,,,,,,,,
4742,77958.5642,,,,,,Frage 1,,,,,,1.0,539.0,274.0,508.0,366.0,0.9451295313506308,0.9379733884704798,77976.01899999997,530.2479248046875,529.344482421875,0.6628953218460083,0.2178566455841064,0.4961558580398559,0.2274157702922821,0.0,0.0,1.0,0.27799773755656104,0.2927970065481758,523.5,320.0,529.796203613281,16.9366616902309,719.643381059821,115.0,114.0,520.971428571429,374.128571428571,77883.61885,78466.5312,582.912349999999,1.03150597790354,,,,,,,,,,
4743,77975.2184,,,,,,Frage 1,,,,,,1.0,534.0,294.0,492.0,375.0,0.9406861741696164,0.9306696806402194,77992.67300000007,529.292236328125,528.3798828125,0.662926971912384,0.2174268215894699,0.4960088431835174,0.2269634008407592,0.0,0.0,1.0,0.27205882352941174,0.3063610851262862,513.0,334.5,528.836059570313,28.0599023682443,667.894025411632,115.0,114.0,520.971428571429,374.128571428571,77883.61885,78466.5312,582.912349999999,1.03150597790354,,,,,,,,,,
4744,77991.8725,,,,,,Frage 1,,,,,,1.0,541.0,304.0,492.0,392.0,0.9400221668605436,0.9265799256505576,78009.32799999998,528.536376953125,527.6163330078125,0.6629496216773986,0.2171545475721359,0.4958724975585937,0.2266782969236373,0.0,0.0,1.0,0.3245866192837896,0.3189897100093545,516.5,348.0,528.076354980469,16.8505963326299,-673.065853790634,115.0,114.0,520.971428571429,374.128571428571,77883.61885,78466.5312,582.912349999999,1.03150597790354,,,,,,,,,,
4745,78008.5285,,,,,,Frage 1,,,,,,1.0,552.0,311.0,489.0,390.0,0.9363401714436916,0.9222384110217156,78025.983,527.7135620117188,526.7894897460938,0.6630821824073792,0.2170678228139877,0.4958349764347076,0.2265978157520294,0.0,0.0,1.0,0.2763009049773755,0.3213283442469597,520.5,350.5,527.251525878906,5.73155258854065,-667.569869361638,115.0,114.0,520.971428571429,374.128571428571,77883.61885,78466.5312,582.912349999999,1.03150597790354,,,,,,,,,,
4746,78025.1813,,,,,,Frage 1,,,,,,1.0,559.0,313.0,486.0,385.0,0.9323486387850164,0.9202002292619692,78042.637,527.1325073242188,526.2025756835938,0.6631497740745544,0.2168794125318527,0.4957426488399505,0.2264333367347717,0.0,0.0,1.0,0.27743212669683254,0.3199251637043966,522.5,349.0,526.667541503906,14.9179520860233,551.642936772482,115.0,114.0,520.971428571429,374.128571428571,77883.61885,78466.5312,582.912349999999,1.03150597790354,,,,,,,,,,
4747,78041.8361,,,,,,Frage 1,,,,,,1.0,556.0,326.0,469.0,401.0,0.9290335947758102,0.9142008506261852,78059.29200000002,526.2662963867188,525.3367919921875,0.6633903384208679,0.216655433177948,0.4958074986934661,0.2262139320373535,0.0,0.0,1.0,0.27177601809954743,0.333489242282507,512.5,363.5,525.801544189453,25.7221857562115,648.715905936165,115.0,114.0,520.971428571429,374.128571428571,77883.61885,78466.5312,582.912349999999,1.03150597790354,,,,,,,,,,
4748,78058.4929,,,,,,Frage 1,,,,,,1.0,552.0,334.0,477.0,414.0,0.9305837772530068,0.9170719818304532,78075.94700000003,526.29296875,525.364013671875,0.6634724140167236,0.2164711058139801,0.4957775473594665,0.2260319292545318,0.0,0.0,1.0,0.2729072398190045,0.34331150608044897,514.5,374.0,525.828491210938,5.16491212894262,-1234.16704452671,115.0,114.0,520.971428571429,374.128571428571,77883.61885,78466.5312,582.912349999999,1.03150597790354,,,,,,,,,,
4749,78075.1455,,,,,,Frage 1,,,,,,1.0,547.0,332.0,484.0,404.0,0.9292832215837323,0.9138419592256517,78092.60100000001,525.2574462890625,524.345703125,0.6640670299530029,0.2162904739379882,0.4962469935417175,0.2258456796407699,0.0,0.0,1.0,0.27347285067873295,0.3376987839101964,515.5,368.0,524.801574707031,7.68393645341974,151.269130614855,115.0,114.0,520.971428571429,374.128571428571,77883.61885,78466.5312,582.912349999999,1.03150597790354,,,,,,,,,,
4750,78091.801,,,,,,Frage 1,,,,,,1.0,547.0,341.0,489.0,393.0,0.9283371359817074,0.9081104099932507,78109.25600000005,525.1912841796875,524.291748046875,0.6644259095191954,0.2160714864730835,0.4965157210826873,0.2256554216146469,0.0,0.0,1.0,0.2748868778280542,0.3367633302151543,518.0,367.0,524.741516113281,9.06987099512971,83.2118244249224,115.0,114.0,520.971428571429,374.128571428571,77883.61885,78466.5312,582.912349999999,1.03150597790354,,,,,,,,,,
4751,78108.4551,,,,,,Frage 1,,,,,,1.0,554.0,355.0,494.0,373.0,0.9245952301309542,0.9040474379439272,78125.91099999996,524.5958251953125,523.7156982421875,0.6650360226631165,0.2160612195730209,0.497031033039093,0.2256954759359359,0.0,0.0,1.0,0.2782805429864253,0.33395696913002804,524.0,364.0,524.15576171875,9.31632914277758,14.7986470387398,115.0,114.0,520.971428571429,374.128571428571,77883.61885,78466.5312,582.912349999999,1.03150597790354,,,,,,,,,,
4752,78125.112,,,,,,Frage 1,,,,,,1.0,562.0,355.0,491.0,370.0,0.9234719094953046,0.8991113420395744,78142.56599999998,524.4512329101562,523.593505859375,0.665567636489868,0.2160731554031372,0.4974866807460784,0.2256853133440017,0.0,0.0,1.0,0.27969457013574656,0.33255378858746487,526.5,362.5,524.022369384766,6.83010862897394,-149.260697597125,115.0,114.0,520.971428571429,374.128571428571,77883.61885,78466.5312,582.912349999999,1.03150597790354,,,,,,,,,,
4753,78141.766,,,,,,Frage 1,,,,,,1.0,556.0,355.0,485.0,385.0,0.8940078514353716,0.894745722764428,78159.21999999997,523.9984130859375,523.1676025390625,0.6662208437919616,0.2160442918539047,0.4980699121952056,0.2256034314632415,0.0,0.0,1.0,0.2763009049773755,0.3395696913002806,520.5,370.0,523.5830078125,14.3431774772647,451.126987407615,115.0,114.0,520.971428571429,374.128571428571,77883.61885,78466.5312,582.912349999999,1.03150597790354,,,,,,,,,,
4754,78158.4197,,,,,,Frage 1,,,,,,1.0,563.0,357.0,482.0,396.0,0.8922504427128473,0.8931092851097564,78175.875,524.11181640625,523.309814453125,0.6668168306350708,0.2160116732120513,0.4986163079738616,0.2255184352397918,0.0,0.0,1.0,0.27743212669683254,0.3456501403180542,522.5,376.5,523.710815429688,14.9502138365847,36.4505400793917,115.0,114.0,520.971428571429,374.128571428571,77883.61885,78466.5312,582.912349999999,1.03150597790354,,,,,,,,,,
4755,78175.0754,,,,,,Frage 1,,,,,,1.0,575.0,367.0,483.0,399.0,0.9172711795865183,0.8904631306043302,78192.53000000003,523.7123413085938,522.9462280273438,0.6676251292228698,0.2160295993089675,0.4993608295917511,0.2254518419504165,0.0,0.0,1.0,0.2811085972850678,0.35173058933582785,529.0,383.0,523.329284667969,10.3837636159882,-274.167415395067,115.0,114.0,520.971428571429,374.128571428571,77883.61885,78466.5312,582.912349999999,1.03150597790354,,,,,,,,,,
4756,78191.7284,,,,,,Frage 1,,,,,,1.0,569.0,378.0,486.0,394.0,0.8883712420613659,0.8893409254041544,78209.184,523.4996337890625,522.7698974609375,0.6683694124221801,0.216039091348648,0.5000681281089782,0.2253417074680328,0.0,0.0,1.0,0.28026018099547506,0.3545369504209541,527.5,386.0,523.134765625,5.49412228228503,-293.619247805291,115.0,114.0,520.971428571429,374.128571428571,77883.61885,78466.5312,582.912349999999,1.03150597790354,,,,,,,,,,
4757,78208.3845,,,,,,Frage 1,,,,,,1.0,560.0,382.0,487.0,387.0,0.9141832959725211,0.8857252284584812,78225.83900000004,523.1707153320312,522.4774169921875,0.6691224575042723,0.2161609977483749,0.5008078813552856,0.2253564596176147,0.0,0.0,1.0,0.27799773755656104,0.35313376987839096,523.5,384.5,522.824066162109,0.0,-329.856465936647,115.0,114.0,520.971428571429,374.128571428571,77883.61885,78466.5312,582.912349999999,1.03150597790354,,,,,,,,,,
4758,78225.0382,,,,,,Frage 1,,,,,,1.0,566.0,388.0,489.0,384.0,0.912740453022731,0.882789818197401,78242.49400000006,523.107421875,522.4527587890625,0.6698922514915466,0.2162777334451675,0.5015804767608641,0.2253746390342712,0.0,0.0,1.0,0.3457541927057207,0.3545369504209541,527.5,386.0,522.780090332031,13.1222986276651,787.950943494164,115.0,114.0,520.971428571429,374.128571428571,77883.61885,78466.5312,582.912349999999,1.03150597790354,,,,,,,,,,
4759,78241.7005,,,,,,Frage 1,,,,,,1.0,574.0,402.0,489.0,389.0,0.9085641965261935,0.8795972917090731,78259.14800000003,523.0042724609375,522.38720703125,0.6706288456916809,0.2164207100868225,0.5023198127746582,0.2254037410020828,0.0,0.0,1.0,0.3500130752506926,0.363423760523854,531.5,395.5,522.695739746094,7.28419091509181,-350.378261858773,115.0,114.0,520.971428571429,374.128571428571,77883.61885,78466.5312,582.912349999999,1.03150597790354,,,,,,,,,,
4760,78258.349,,,,,,Frage 1,,,,,,1.0,575.0,399.0,469.0,383.0,0.9048971787178168,0.8923935568222311,78275.80300000006,523.0885009765625,522.5130004882812,0.6714069247245787,0.2167238444089889,0.5031111240386962,0.225585401058197,0.0,0.0,1.0,0.2771493212669683,0.3592142188961646,522.0,391.0,522.800750732422,17.0219921180881,584.905619304969,115.0,114.0,520.971428571429,374.128571428571,77883.61885,78466.5312,582.912349999999,1.03150597790354,,,,,,,,,,
4761,78275.0025,,,,,,Frage 1,,,,,,1.0,563.0,396.0,466.0,384.0,0.9037563842056128,0.8755477111299187,78292.45799999998,522.9722900390625,522.4393310546875,0.6722103953361511,0.2170899361371994,0.5039570331573486,0.2258193045854568,0.0,0.0,1.0,0.2729072398190045,0.3582787652011225,514.5,390.0,522.705810546875,4.21912390211271,-768.779428707184,115.0,114.0,520.971428571429,374.128571428571,77883.61885,78466.5312,582.912349999999,1.03150597790354,,,,,,,,,,
4762,78291.658,,,,,,Frage 1,,,,,,1.0,561.0,399.0,480.0,391.0,0.9029001642544395,0.8756843041256441,78309.11199999996,522.1857299804688,521.6937866210938,0.6730740070343016,0.2176120579242706,0.5048438906669616,0.2261809110641479,0.0,0.0,1.0,0.2763009049773755,0.36295603367633295,520.5,395.0,521.939758300781,10.5380081220492,379.387242648915,115.0,114.0,520.971428571429,374.128571428571,77883.61885,78466.5312,582.912349999999,1.03150597790354,,,,,,,,,,
4763,78308.3111,,,,,,Frage 1,,,,,,1.0,566.0,402.0,478.0,394.0,0.8996849709684023,0.8723016187609142,78325.76699999998,522.154052734375,521.6893310546875,0.6734681129455566,0.2180883437395095,0.5052903890609741,0.2264620959758758,0.0,0.0,1.0,0.2771493212669683,0.3657623947614593,522.0,398.0,521.921691894531,11.13421097443,35.801313411938,115.0,114.0,520.971428571429,374.128571428571,77883.61885,78466.5312,582.912349999999,1.03150597790354,,,,,,,,,,
4764,78324.9674,,,,,,Frage 1,,,,,,1.0,567.0,414.0,483.0,397.0,0.9004463327325648,0.8726846148077521,78342.42200000002,521.6160888671875,521.181640625,0.6740608811378479,0.2185657322406768,0.505911111831665,0.2267829924821853,0.0,0.0,1.0,0.2788461538461538,0.372778297474275,525.0,405.5,521.398864746094,9.28536708129251,-110.999675386418,115.0,114.0,520.971428571429,374.128571428571,77883.61885,78466.5312,582.912349999999,1.03150597790354,,,,,,,,,,
4765,78341.6218,,,,,,Frage 1,,,,,,1.0,566.0,422.0,484.0,392.0,0.8977803184239563,0.8701563052398144,78359.076,521.9190673828125,521.5015869140625,0.6742039322853088,0.2190620452165603,0.5061416625976562,0.2271365821361541,0.0,0.0,1.0,0.2788461538461538,0.3741814780168381,525.0,407.0,521.710327148438,8.46607839663488,-49.1935275157114,115.0,114.0,520.971428571429,374.128571428571,77883.61885,78466.5312,582.912349999999,1.03150597790354,,,,,,,,,,
4766,78358.2756,,,,,,Frage 1,,,,,,1.0,575.0,413.0,477.0,381.0,0.8956510017523802,0.8674431933835424,78375.73100000003,521.2423095703125,520.8406982421875,0.6745626926422119,0.2195640206336975,0.5065178275108337,0.2275420725345611,0.0,0.0,1.0,0.2794117647058823,0.36482694106641717,526.0,397.0,521.04150390625,8.92464303623521,27.5351355006265,115.0,114.0,520.971428571429,374.128571428571,77883.61885,78466.5312,582.912349999999,1.03150597790354,,,,,,,,,,
4767,78374.9318,,,,,,Frage 1,,,,,,1.0,565.0,416.0,470.0,387.0,0.8936889350421121,0.8823640760873804,78392.38600000004,521.297607421875,520.8997802734375,0.6745226979255676,0.2198924273252487,0.506555438041687,0.2277909219264984,0.0,0.0,1.0,0.27460407239819,0.3690364826941066,517.5,401.5,521.098693847656,9.96566318852975,62.5004594261464,115.0,114.0,520.971428571429,374.128571428571,77883.61885,78466.5312,582.912349999999,1.03150597790354,,,,,,,,,,
4768,78391.5852,,,,,,Frage 1,,,,,,1.0,560.0,417.0,483.0,395.0,0.8650628451011768,0.8648372132886236,78409.04099999997,521.2352294921875,520.84521484375,0.6745942234992981,0.2202415913343429,0.5067079067230223,0.2280697971582412,0.0,0.0,1.0,0.3559326819491916,0.37324602432179604,521.5,406.0,521.040222167969,11.4300943232497,87.9358650317829,115.0,114.0,520.971428571429,374.128571428571,77883.61885,78466.5312,582.912349999999,1.03150597790354,,,,,,,,,,
4769,78408.2408,,,,,,Frage 1,,,,,,1.0,561.0,426.0,488.0,396.0,0.8894902121328614,0.8783233562181914,78425.69500000007,521.7559814453125,521.3656005859375,0.674395740032196,0.2206435054540634,0.5065885782241821,0.2284085899591445,0.0,0.0,1.0,0.27856334841628955,0.3779232927970065,524.5,411.0,521.560791015625,8.89325241871026,-152.311649207454,115.0,114.0,520.971428571429,374.128571428571,77883.61885,78466.5312,582.912349999999,1.03150597790354,,,,,,,,,,
4770,78424.8956,,,,,,Frage 1,,,,,,1.0,567.0,433.0,477.0,397.0,0.8897298538684666,0.8617598534437505,78442.34999999996,521.7498168945312,521.3567504882812,0.6743044257164001,0.2212069183588028,0.5065381526947021,0.2289718836545944,0.0,0.0,1.0,0.2771493212669683,0.38166510757717487,522.0,415.0,521.553283691406,0.98815673919275,-474.643687076138,115.0,114.0,520.971428571429,374.128571428571,77883.61885,78466.5312,582.912349999999,1.03150597790354,,,,,,,,,,
4771,78441.5492,,,,,,Frage 1,,,,,,1.0,577.0,428.0,472.0,392.0,0.8879050819025557,0.8597484546243425,78459.005,521.7546997070312,521.3589477539064,0.6742336153984069,0.2217731177806854,0.5064970850944519,0.2295517474412918,0.0,0.0,1.0,0.27856334841628955,0.37698783910196443,524.5,410.0,521.556823730469,13.5731962209823,755.694833657389,115.0,114.0,520.971428571429,374.128571428571,77883.61885,78466.5312,582.912349999999,1.03150597790354,,,,,,,,,,
4772,78458.2039,,,,,,Frage 1,,,,,,1.0,583.0,418.0,482.0,394.0,0.8578861068707075,0.858240575083295,78475.65899999999,521.29345703125,520.89208984375,0.6741643548011779,0.222375750541687,0.5064467787742614,0.2301516085863113,0.0,0.0,1.0,0.2830882352941176,0.37324602432179604,532.5,406.0,521.0927734375,28.6474479385166,905.104968419432,115.0,114.0,520.971428571429,374.128571428571,77883.61885,78466.5312,582.912349999999,1.03150597790354,,,,,,,,,,
4773,78474.8585,,,,,,Frage 1,,,,,,1.0,596.0,421.0,512.0,393.0,0.8550992966422882,0.8552301725892675,78492.31400000001,520.8306274414064,520.4241333007812,0.6741287112236022,0.22288578748703,0.50644451379776,0.2306928932666778,0.0,0.0,1.0,0.2952488687782805,0.3741814780168381,554.0,407.0,520.627380371094,31.6087513127678,177.80693467568,,,,,,,,,151.0,151.0,78466.5312,78483.1868,16.6555999999982,,31.6087513127678,177.80693467568,,
4774,78491.5151,,,,,,Frage 1,,,,,,1.0,614.0,437.0,516.0,383.0,0.8873808656059193,0.8507467083766326,78508.96900000003,521.1114501953125,520.703369140625,0.6740396618843078,0.2232666015625,0.506416380405426,0.2311114370822906,0.0,0.0,1.0,0.30147058823529405,0.37698783910196443,565.0,410.0,520.907409667969,11.3802211401808,-1214.44533533762,116.0,115.0,557.336956521739,389.760869565217,78483.1868,79249.3018,766.115000000005,0.377154945323551,,,,,,,,,,
4775,78508.1689,,,,,,Frage 1,,,,,,1.0,611.0,433.0,520.0,386.0,0.8852690228108977,0.8481728678101197,78525.62300000002,521.1639404296875,520.7576904296875,0.6740561723709106,0.2235759794712066,0.5064795613288879,0.2314342558383941,0.0,0.0,1.0,0.3017533936651583,0.33909025002856563,565.5,409.5,520.960815429688,11.6707645745276,17.4460744302729,116.0,115.0,557.336956521739,389.760869565217,78483.1868,79249.3018,766.115000000005,0.377154945323551,,,,,,,,,,
4776,78524.8228,,,,,,Frage 1,,,,,,1.0,599.0,408.0,518.0,392.0,0.8782245542913344,0.8486737087944464,78542.27800000005,521.3030395507812,520.8991088867188,0.6740486025810241,0.2239832878112793,0.5065122842788696,0.2318326830863952,0.0,0.0,1.0,0.29779411764705876,0.36763330215154344,558.5,400.0,521.10107421875,15.4740066588041,228.369456060064,116.0,115.0,557.336956521739,389.760869565217,78483.1868,79249.3018,766.115000000005,0.377154945323551,,,,,,,,,,
4777,78541.4786,,,,,,Frage 1,,,,,,1.0,595.0,403.0,512.0,395.0,0.8465147076175565,0.8460570155233922,78558.93299999996,521.4454956054688,521.0448608398438,0.6740502715110778,0.2244346886873245,0.5065378546714782,0.2322500199079513,0.0,0.0,1.0,0.29496606334841624,0.36669784845650133,553.5,399.0,521.245178222656,14.3210514961644,-69.2224427910503,116.0,115.0,557.336956521739,389.760869565217,78483.1868,79249.3018,766.115000000005,0.377154945323551,,,,,,,,,,
4778,78558.1313,,,,,,Frage 1,,,,,,1.0,588.0,385.0,512.0,391.0,0.8721885780757768,0.843732256302026,78575.58700000006,521.4287719726562,521.0300903320312,0.6740672588348388,0.225021868944168,0.5065593719482421,0.2328196614980697,0.0,0.0,1.0,0.2929864253393665,0.3564078578110383,550.0,388.0,521.229431152344,14.8837855355405,33.7923603605647,116.0,115.0,557.336956521739,389.760869565217,78483.1868,79249.3018,766.115000000005,0.377154945323551,,,,,,,,,,
4779,78574.7872,,,,,,Frage 1,,,,,,1.0,594.0,393.0,514.0,375.0,0.8711151828017114,0.8442813065789615,78592.24199999998,521.4190063476562,521.0200805664064,0.6740856766700744,0.2257147878408432,0.506578505039215,0.2335535585880279,0.0,0.0,1.0,0.2952488687782805,0.3526660430308699,554.0,384.0,521.219543457031,3.9553633587318,-656.129190064811,116.0,115.0,557.336956521739,389.760869565217,78483.1868,79249.3018,766.115000000005,0.377154945323551,,,,,,,,,,
4780,78591.4425,,,,,,Frage 1,,,,,,1.0,590.0,397.0,517.0,375.0,0.8701341494465773,0.8437001167736199,78608.89699999998,521.210693359375,520.8104248046875,0.6741187572479248,0.2265599220991134,0.5065992474555969,0.2344413101673126,0.0,0.0,1.0,0.29496606334841624,0.3545369504209541,553.5,386.0,521.010559082031,3.15986484415573,-47.7624848892627,116.0,115.0,557.336956521739,389.760869565217,78483.1868,79249.3018,766.115000000005,0.377154945323551,,,,,,,,,,
4781,78608.0955,,,,,,Frage 1,,,,,,1.0,590.0,386.0,523.0,378.0,0.8695225637671681,0.8424975627524294,78625.55099999996,520.9974365234375,520.5953369140625,0.6741514205932617,0.2272487729787826,0.5066099166870117,0.2351706773042678,0.0,0.0,1.0,0.29666289592760176,0.35079513564078574,556.5,382.0,520.79638671875,4.83966585536236,100.870774707711,116.0,115.0,557.336956521739,389.760869565217,78483.1868,79249.3018,766.115000000005,0.377154945323551,,,,,,,,,,
4782,78624.7514,,,,,,Frage 1,,,,,,1.0,589.0,373.0,528.0,399.0,0.8671536053599868,0.8509502587232037,78642.206,521.089111328125,520.6856689453125,0.6741707921028137,0.2278745621442794,0.5066152215003967,0.2358771115541458,0.0,0.0,1.0,0.29779411764705876,0.3545369504209541,558.5,386.0,520.887390136719,10.0754343247045,314.349177729384,116.0,115.0,557.336956521739,389.760869565217,78483.1868,79249.3018,766.115000000005,0.377154945323551,,,,,,,,,,
4783,78641.4062,,,,,,Frage 1,,,,,,1.0,590.0,369.0,516.0,414.0,0.865735725090989,0.8481863331398366,78658.86100000003,520.8375854492188,520.4371948242188,0.6743486523628234,0.2282381057739257,0.5067375302314758,0.2362922728061676,0.0,0.0,1.0,0.35231261120038426,0.3596819457436856,553.0,391.5,520.637390136719,12.7196133959179,158.763784087036,116.0,115.0,557.336956521739,389.760869565217,78483.1868,79249.3018,766.115000000005,0.377154945323551,,,,,,,,,,
4784,78658.0618,,,,,,Frage 1,,,,,,1.0,594.0,383.0,499.0,399.0,0.8636039121513338,0.8419217295351553,78675.51600000006,521.225341796875,520.829833984375,0.6744639873504638,0.2284565418958663,0.5068243145942688,0.2365834563970565,0.0,0.0,1.0,0.2910067873303167,0.3592142188961646,546.5,391.0,521.027587890625,12.3214010107493,-23.9086184327605,116.0,115.0,557.336956521739,389.760869565217,78483.1868,79249.3018,766.115000000005,0.377154945323551,,,,,,,,,,
4785,78674.7162,,,,,,Frage 1,,,,,,1.0,591.0,388.0,491.0,386.0,0.8630572294419845,0.8409977180934833,78692.17000000003,521.15478515625,520.77001953125,0.6748043298721313,0.2286296337842941,0.507121205329895,0.2368384152650833,0.0,0.0,1.0,0.28789592760180993,0.35547240411599623,541.0,387.0,520.96240234375,11.0050684704595,-79.0381244770059,116.0,115.0,557.336956521739,389.760869565217,78483.1868,79249.3018,766.115000000005,0.377154945323551,,,,,,,,,,
4786,78691.3697,,,,,,Frage 1,,,,,,1.0,583.0,381.0,502.0,380.0,0.8442795949589795,0.8432260587296316,78708.82500000007,521.6467895507812,521.2769165039064,0.675058364868164,0.2286984771490097,0.507362961769104,0.2369102090597152,0.0,0.0,1.0,0.2887443438914027,0.3493919550982226,542.5,380.5,521.461853027344,11.8698792099396,51.9296688071614,116.0,115.0,557.336956521739,389.760869565217,78483.1868,79249.3018,766.115000000005,0.377154945323551,,,,,,,,,,
4787,78708.0255,,,,,,Frage 1,,,,,,1.0,591.0,381.0,509.0,377.0,0.8677776723797922,0.8553391632726647,78725.47999999998,521.3128051757812,520.9691772460938,0.6757160425186157,0.2285913825035095,0.5079666972160339,0.2367933839559555,0.0,0.0,1.0,0.2929864253393665,0.34798877455565946,550.0,379.0,521.140991210938,11.7890910880683,-4.85044980554709,116.0,115.0,557.336956521739,389.760869565217,78483.1868,79249.3018,766.115000000005,0.377154945323551,,,,,,,,,,
4788,78724.6785,,,,,,Frage 1,,,,,,1.0,604.0,393.0,505.0,373.0,0.8664646353701217,0.8404031368179724,78742.13399999996,521.2305908203125,520.9119873046875,0.6762717366218566,0.2284302860498428,0.5084795355796814,0.2365885227918624,0.0,0.0,1.0,0.29553167420814475,0.33707299897567156,554.5,383.0,521.0712890625,9.59728051326742,-131.616560067377,116.0,115.0,557.336956521739,389.760869565217,78483.1868,79249.3018,766.115000000005,0.377154945323551,,,,,,,,,,
4789,78741.3343,,,,,,Frage 1,,,,,,1.0,599.0,389.0,494.0,387.0,0.866512064463627,0.839420202907556,78758.78899999999,521.1680297851562,520.8743286132812,0.6767694354057312,0.2283895015716552,0.5089430212974548,0.2364543825387954,0.0,0.0,1.0,0.2910067873303167,0.3564078578110383,546.5,388.0,521.021179199219,10.6885782450708,65.5205833285014,116.0,115.0,557.336956521739,389.760869565217,78483.1868,79249.3018,766.115000000005,0.377154945323551,,,,,,,,,,
4790,78757.9904,,,,,,Frage 1,,,,,,1.0,593.0,381.0,494.0,387.0,0.8652664266920953,0.8412200164982913,78775.44400000003,521.20458984375,520.939453125,0.677322268486023,0.2284852266311645,0.5094679594039917,0.2364460825920105,0.0,0.0,1.0,0.2893099547511312,0.3526660430308699,543.5,384.0,521.072021484375,11.1158539016433,25.6528032716344,116.0,115.0,557.336956521739,389.760869565217,78483.1868,79249.3018,766.115000000005,0.377154945323551,,,,,,,,,,
4791,78774.643,,,,,,Frage 1,,,,,,1.0,600.0,396.0,516.0,380.0,0.8643003709454365,0.8424252488135158,78792.098,521.3667602539064,521.1250610351562,0.6777472496032714,0.2285851091146469,0.5099076628684996,0.2364819645881652,0.0,0.0,1.0,0.2975113122171945,0.3564078578110383,558.0,388.0,521.245910644531,17.9945231935911,413.068787573553,116.0,115.0,557.336956521739,389.760869565217,78483.1868,79249.3018,766.115000000005,0.377154945323551,,,,,,,,,,
4792,78791.298,,,,,,Frage 1,,,,,,1.0,602.0,396.0,522.0,377.0,0.8644850947832989,0.8414878459016746,78808.75300000001,521.0146484375,520.7955322265625,0.6782418489456176,0.2287717908620834,0.5104007720947265,0.2365925014019012,0.0,0.0,1.0,0.29977375565610853,0.3384474684292114,562.0,386.5,520.905090332031,5.27023625110881,-763.992010956663,116.0,115.0,557.336956521739,389.760869565217,78483.1868,79249.3018,766.115000000005,0.377154945323551,,,,,,,,,,
4793,78807.953,,,,,,Frage 1,,,,,,1.0,598.0,390.0,512.0,377.0,0.8656857997294045,0.8416324737795015,78825.40800000005,521.3333740234375,521.1275634765625,0.6783689856529235,0.2289760261774063,0.510539174079895,0.2366760373115539,0.0,0.0,1.0,0.295814479638009,0.3521983161833489,555.0,383.5,521.23046875,12.0433360956854,406.67066013672,116.0,115.0,557.336956521739,389.760869565217,78483.1868,79249.3018,766.115000000005,0.377154945323551,,,,,,,,,,
4794,78824.607,,,,,,Frage 1,,,,,,1.0,599.0,396.0,501.0,383.0,0.8445548859031607,0.8430439347353312,78842.06200000003,521.0870361328125,520.89599609375,0.678626537322998,0.2291510254144668,0.510787844657898,0.2367167025804519,0.0,0.0,1.0,0.35202805949420385,0.35781103835360145,550.0,389.5,520.991516113281,7.33993537016651,-282.418681729086,116.0,115.0,557.336956521739,389.760869565217,78483.1868,79249.3018,766.115000000005,0.377154945323551,,,,,,,,,,
4795,78841.2633,,,,,,Frage 1,,,,,,1.0,599.0,394.0,504.0,386.0,0.869882026370576,0.844372368576112,78858.71700000006,521.52197265625,521.3360595703125,0.678550124168396,0.2293675988912582,0.5107380151748657,0.2368203997611999,0.0,0.0,1.0,0.29383484162895923,0.3582787652011225,551.5,390.0,521.429016113281,6.64114226376223,-41.9536815741895,116.0,115.0,557.336956521739,389.760869565217,78483.1868,79249.3018,766.115000000005,0.377154945323551,,,,,,,,,,
4796,78857.9166,,,,,,Frage 1,,,,,,1.0,598.0,386.0,512.0,384.0,0.8687686908072433,0.8452508490192088,78875.37199999997,521.8749389648438,521.6970825195312,0.6785609722137451,0.2296180576086044,0.5107704997062683,0.236964076757431,0.0,0.0,1.0,0.295814479638009,0.353601496725912,555.0,385.0,521.786010742188,13.0752682208193,386.357416071328,116.0,115.0,557.336956521739,389.760869565217,78483.1868,79249.3018,766.115000000005,0.377154945323551,,,,,,,,,,
4797,78874.5718,,,,,,Frage 1,,,,,,1.0,607.0,393.0,523.0,386.0,0.8697397390900604,0.8463087751625725,78892.02600000007,522.0323486328125,521.865234375,0.6786867976188659,0.229753777384758,0.51089608669281,0.2370062172412872,0.0,0.0,1.0,0.30147058823529405,0.35781103835360145,565.0,389.5,521.948791503906,23.4619963124444,623.632744825631,116.0,115.0,557.336956521739,389.760869565217,78483.1868,79249.3018,766.115000000005,0.377154945323551,,,,,,,,,,
4798,78891.2258,,,,,,Frage 1,,,,,,1.0,614.0,400.0,527.0,407.0,0.8508662654473245,0.84957093729578,78908.68099999998,521.7849731445312,521.6233520507812,0.6788083910942077,0.2299274951219558,0.5109963417053222,0.237122431397438,0.0,0.0,1.0,0.3045814479638008,0.340005535288577,570.5,403.5,521.704162597656,16.5764851129972,-413.44489008342,116.0,115.0,557.336956521739,389.760869565217,78483.1868,79249.3018,766.115000000005,0.377154945323551,,,,,,,,,,
4799,78907.8817,,,,,,Frage 1,,,,,,1.0,611.0,399.0,525.0,413.0,0.8715695035921297,0.8502726503326442,78925.33600000001,521.9830932617188,521.8204956054688,0.6787011623382568,0.2302300781011581,0.510896325111389,0.2373737394809722,0.0,0.0,1.0,0.3031674208144796,0.37324602432179604,568.0,406.0,521.901794433594,7.17925552240726,-564.198247503353,116.0,115.0,557.336956521739,389.760869565217,78483.1868,79249.3018,766.115000000005,0.377154945323551,,,,,,,,,,
4800,78924.5366,,,,,,Frage 1,,,,,,1.0,608.0,391.0,529.0,402.0,0.8729199846229887,0.8498307318170618,78941.99100000004,521.8125610351562,521.6504516601562,0.6786754131317138,0.2306762784719467,0.5108796954154968,0.2377535253763198,0.0,0.0,1.0,0.3034502262443438,0.3643592142188961,568.5,396.5,521.731506347656,16.6480320237081,568.527970825157,116.0,115.0,557.336956521739,389.760869565217,78483.1868,79249.3018,766.115000000005,0.377154945323551,,,,,,,,,,
4801,78941.189,,,,,,Frage 1,,,,,,1.0,600.0,386.0,520.0,396.0,0.8737762045741617,0.8510627470726247,78958.64500000003,522.1475830078125,521.9776611328125,0.6783841252326965,0.2311339825391769,0.510610818862915,0.2381623387336731,0.0,0.0,1.0,0.3517835003813176,0.3592142188961646,560.0,391.0,522.062622070313,7.92206604584884,-524.00650824287,116.0,115.0,557.336956521739,389.760869565217,78483.1868,79249.3018,766.115000000005,0.377154945323551,,,,,,,,,,
4802,78954.4251,,,,,,Frage 1,1.0,1.94597113132477,29.4025591947548,1.35380160808563,202.71484375,,,,,,0.6585048574425887,0.6495113533451946,,,,,,,,,,,0.37959439571535225,0.3642823432120883,,,,,,,,,,,,,,,,,,,,,,,
4803,78957.8454,,,,,,Frage 1,,,,,,1.0,608.0,402.0,515.0,399.0,0.8768041777542573,0.8639768771694716,78975.30000000003,522.30712890625,522.1302490234375,0.6781976222991943,0.2315892726182937,0.5104299783706665,0.2386220097541809,0.0,0.0,1.0,0.2994909502262443,0.3681010289990645,561.5,400.5,522.218688964844,9.93926339242138,121.106442362796,116.0,115.0,557.336956521739,389.760869565217,78483.1868,79249.3018,766.115000000005,0.377154945323551,,,,,,,,,,
4804,78974.4994,,,,,,Frage 1,,,,,,1.0,609.0,408.0,518.0,393.0,0.8512713824224728,0.8509823982516098,78991.95500000006,522.6463012695312,522.4590454101562,0.6779192090034484,0.2319579869508743,0.5101686120033264,0.2390178591012954,0.0,0.0,1.0,0.3006221719457013,0.3681010289990645,563.5,400.5,522.552673339844,9.64111395673637,-17.9025720958988,116.0,115.0,557.336956521739,389.760869565217,78483.1868,79249.3018,766.115000000005,0.377154945323551,,,,,,,,,,
4805,78991.1542,,,,,,Frage 1,,,,,,1.0,595.0,399.0,520.0,384.0,0.8757457600886674,0.8499914294590919,79008.60900000005,522.78369140625,522.5853271484375,0.6776577234268188,0.232327789068222,0.5099191069602966,0.2394106984138488,0.0,0.0,1.0,0.29722850678733026,0.3596819457436856,557.5,391.5,522.684509277344,6.46436000389199,-190.741044794512,116.0,115.0,557.336956521739,389.760869565217,78483.1868,79249.3018,766.115000000005,0.377154945323551,,,,,,,,,,
4806,79007.8107,,,,,,Frage 1,,,,,,1.0,601.0,397.0,527.0,391.0,0.8770737747068132,0.8510627470726247,79025.26399999997,522.7154541015625,522.5091552734375,0.6775007247924804,0.232509359717369,0.509755253791809,0.2395998984575271,0.0,0.0,1.0,0.30090497737556554,0.3620205799812909,564.0,394.0,522.6123046875,10.9986476214382,272.223313273914,116.0,115.0,557.336956521739,389.760869565217,78483.1868,79249.3018,766.115000000005,0.377154945323551,,,,,,,,,,
4807,79024.4633,,,,,,Frage 1,,,,,,1.0,601.0,405.0,529.0,395.0,0.8790483227574777,0.8523911809134055,79041.91899999998,522.6392211914064,522.4220581054688,0.6772987246513366,0.2325605899095535,0.509548544883728,0.2396769523620605,0.0,0.0,1.0,0.30147058823529405,0.33899885383819806,565.0,400.0,522.530639648438,4.19371556012257,-408.640816528058,116.0,115.0,557.336956521739,389.760869565217,78483.1868,79249.3018,766.115000000005,0.377154945323551,,,,,,,,,,
4808,79041.1187,,,,,,Frage 1,,,,,,1.0,598.0,401.0,524.0,393.0,0.8789509683023878,0.8520510375711088,79058.57299999997,522.4620971679688,522.2366333007812,0.6771602630615234,0.2326920330524444,0.5093967318534851,0.2398214787244796,0.0,0.0,1.0,0.29920814479638,0.36482694106641717,561.0,397.0,522.349365234375,9.00658659044138,288.967603919321,116.0,115.0,557.336956521739,389.760869565217,78483.1868,79249.3018,766.115000000005,0.377154945323551,,,,,,,,,,
4809,79057.7728,,,,,,Frage 1,,,,,,1.0,604.0,394.0,523.0,388.0,0.8794926584755791,0.8523563630909656,79075.228,522.6929931640625,522.4613037109375,0.6769898533821106,0.2328713238239288,0.5092161297798156,0.2400088906288147,0.0,0.0,1.0,0.3006221719457013,0.3592142188961646,563.5,391.0,522.5771484375,7.03894824138395,-118.147384071037,116.0,115.0,557.336956521739,389.760869565217,78483.1868,79249.3018,766.115000000005,0.377154945323551,,,,,,,,,,
4810,79074.4282,,,,,,Frage 1,,,,,,1.0,607.0,396.0,524.0,387.0,0.8796524196326493,0.8527366808437697,79091.88300000003,522.72119140625,522.4862060546875,0.6769336462020874,0.2330836057662963,0.5091486573219299,0.240243062376976,0.0,0.0,1.0,0.3017533936651583,0.3596819457436856,565.5,391.5,522.603698730469,3.54450931810957,-209.808165716629,116.0,115.0,557.336956521739,389.760869565217,78483.1868,79249.3018,766.115000000005,0.377154945323551,,,,,,,,,,
4811,79091.0822,,,,,,Frage 1,,,,,,1.0,601.0,399.0,519.0,385.0,0.8802040948781571,0.8528330994289878,79108.53700000001,522.7813720703125,522.54296875,0.6768295764923095,0.2334559112787246,0.5090463161468505,0.2405994832515716,0.0,0.0,1.0,0.2986425339366515,0.36014967259120667,560.0,392.0,522.662170410156,9.66571097718625,367.551438637755,116.0,115.0,557.336956521739,389.760869565217,78483.1868,79249.3018,766.115000000005,0.377154945323551,,,,,,,,,,
4812,79107.736,,,,,,Frage 1,,,,,,1.0,594.0,404.0,517.0,378.0,0.8806309567197043,0.8530768241860666,79125.19200000005,522.7108764648438,522.4711303710938,0.6768078804016113,0.2338547706604003,0.5090090632438659,0.240988940000534,0.0,0.0,1.0,0.29609728506787325,0.3592142188961646,555.5,391.0,522.591003417969,4.36698111944956,-318.169418255093,116.0,115.0,557.336956521739,389.760869565217,78483.1868,79249.3018,766.115000000005,0.377154945323551,,,,,,,,,,
4813,79124.3926,,,,,,Frage 1,,,,,,1.0,596.0,398.0,520.0,378.0,0.8803189232098014,0.8510707819547262,79141.84700000007,522.7600708007812,522.5188598632812,0.6767706274986267,0.2343198806047439,0.5089513659477233,0.2414569556713104,0.0,0.0,1.0,0.2975113122171945,0.3564078578110383,558.0,388.0,522.639465332031,6.39936187462425,122.016543302621,116.0,115.0,557.336956521739,389.760869565217,78483.1868,79249.3018,766.115000000005,0.377154945323551,,,,,,,,,,
4814,79141.0454,,,,,,Frage 1,,,,,,1.0,596.0,394.0,526.0,381.0,0.8800068896998988,0.8525759832017399,79158.50100000003,522.7510375976562,522.5094604492188,0.6767606139183044,0.2347858697175979,0.5089347958564758,0.2419240623712539,0.0,0.0,1.0,0.29920814479638,0.3559401309635173,561.0,387.5,522.630249023438,2.04545382371597,-261.452011127814,116.0,115.0,557.336956521739,389.760869565217,78483.1868,79249.3018,766.115000000005,0.377154945323551,,,,,,,,,,
4815,79157.7013,,,,,,Frage 1,,,,,,1.0,601.0,399.0,516.0,373.0,0.8799644531425519,0.8531919908295212,79175.15600000006,522.7078247070312,522.4634399414064,0.6767413020133972,0.2352618128061294,0.5088929533958435,0.2424361556768417,0.0,0.0,1.0,0.29779411764705876,0.3545369504209541,558.5,386.0,522.585632324219,11.177697804173,548.288833413872,116.0,115.0,557.336956521739,389.760869565217,78483.1868,79249.3018,766.115000000005,0.377154945323551,,,,,,,,,,
4816,79174.3568,,,,,,Frage 1,,,,,,1.0,602.0,386.0,507.0,370.0,0.8799669494106312,0.853676762049645,79191.81099999999,522.7835693359375,522.5355224609375,0.6766641736030578,0.2356343865394592,0.508779227733612,0.2428110539913177,0.0,0.0,1.0,0.29553167420814475,0.34705332086061735,554.5,378.0,522.659545898438,11.1688960933282,-0.52845671668636,116.0,115.0,557.336956521739,389.760869565217,78483.1868,79249.3018,766.115000000005,0.377154945323551,,,,,,,,,,
4817,79191.0106,,,,,,Frage 1,,,,,,1.0,594.0,374.0,510.0,379.0,0.8791132257275375,0.8534946380553443,79208.46600000001,522.7887573242188,522.5380249023438,0.6765989661216735,0.2359119653701782,0.5086714029312133,0.243063747882843,0.0,0.0,1.0,0.2941176470588235,0.3456501403180542,552.0,376.5,522.663391113281,8.3763277540946,-167.683552056202,116.0,115.0,557.336956521739,389.760869565217,78483.1868,79249.3018,766.115000000005,0.377154945323551,,,,,,,,,,
4818,79207.6656,,,,,,Frage 1,,,,,,1.0,602.0,379.0,519.0,365.0,0.8800168747722156,0.8661378785174138,79225.11999999998,522.7203369140625,522.4664306640625,0.676578402519226,0.2361166030168533,0.5086078643798828,0.2432889491319656,0.0,0.0,1.0,0.2989253393665158,0.3414405986903648,560.5,372.0,522.593383789063,10.0615825258405,101.186116586372,116.0,115.0,557.336956521739,389.760869565217,78483.1868,79249.3018,766.115000000005,0.377154945323551,,,,,,,,,,
4819,79224.3191,,,,,,Frage 1,,,,,,1.0,605.0,390.0,518.0,355.0,0.8807083410301599,0.8555729942255981,79241.77500000001,522.2578125,521.9967041015625,0.6765244603157043,0.2363281697034835,0.5085024237632751,0.2435097247362136,0.0,0.0,1.0,0.2994909502262443,0.3419083255378858,561.5,372.5,522.127258300781,10.1171005796261,3.33371686346004,116.0,115.0,557.336956521739,389.760869565217,78483.1868,79249.3018,766.115000000005,0.377154945323551,,,,,,,,,,
4820,79240.974,,,,,,Frage 1,,,,,,1.0,603.0,392.0,514.0,372.0,0.8800668001338,0.8544695370836592,79258.43000000005,522.2785034179688,522.0072631835938,0.6762550473213195,0.236476793885231,0.5082074403762817,0.2435932904481887,0.0,0.0,1.0,0.3493260599863766,0.3545041413676562,558.5,382.0,522.142883300781,11.9879326405383,112.329228089705,116.0,115.0,557.336956521739,389.760869565217,78483.1868,79249.3018,766.115000000005,0.377154945323551,,,,,,,,,,
4821,79257.6296,,,,,,Frage 1,,,,,,1.0,605.0,388.0,515.0,381.0,0.8793254085142712,0.8659201369840396,79275.08400000003,521.8131103515625,521.53125,0.676043689250946,0.2366162240505218,0.5079512000083923,0.2436419129371643,0.0,0.0,1.0,0.2986425339366515,0.35313376987839096,560.0,384.5,521.672180175781,71.5145798165861,3573.97194793667,,,,,,,,,152.0,152.0,79249.3018,79315.92065,66.6188499999989,7.01614493281081,121.022158891101,3573.97194793667,-1799.31287955439,172.857658045484
4822,79274.2854,,,,,,Frage 1,,,,,,1.0,524.0,408.0,446.0,379.0,0.8812250685225588,0.8596145399226508,79291.73900000006,519.9688110351562,519.6974487304688,0.6766461133956909,0.2367668598890304,0.5084653496742249,0.2438081353902816,0.0,0.0,1.0,0.25622171945701355,0.36155285313376984,485.0,393.5,519.833129882813,119.603609688873,2887.22426255761,,,,,,,,,152.0,152.0,79249.3018,79315.92065,66.6188499999989,7.01614493281081,121.022158891101,3573.97194793667,-1799.31287955439,172.857658045484
4823,79290.9398,,,,,,Frage 1,,,,,,1.0,459.0,413.0,412.0,381.0,0.8813224229776484,0.857806691449814,79308.39399999997,519.797607421875,519.53759765625,0.6769284605979919,0.2368916273117065,0.5088024139404296,0.243966594338417,0.0,0.0,1.0,0.22822398190045243,0.36482694106641717,435.5,397.0,519.667602539063,121.022158891101,85.1756414057357,,,,,,,,,152.0,152.0,79249.3018,79315.92065,66.6188499999989,7.01614493281081,121.022158891101,3573.97194793667,-1799.31287955439,172.857658045484
4824,79307.5924,,,,,,Frage 1,,,,,,1.0,410.0,419.0,303.0,401.0,0.8772759724212303,0.8524259987358452,79325.04800000007,521.9707641601562,521.6878051757812,0.6760034561157225,0.2369351983070373,0.5080558061599731,0.2440657764673233,0.0,0.0,1.0,0.18354072398190038,0.37698783910196443,356.5,410.0,521.829284667969,91.0589212330313,-1799.31287955439,,,,,,,,,152.0,152.0,79249.3018,79315.92065,66.6188499999989,7.01614493281081,121.022158891101,3573.97194793667,-1799.31287955439,172.857658045484
4825,79324.2489,,,,,,Frage 1,,,,,,1.0,394.0,423.0,280.0,392.0,0.7325471689784264,0.7369101530801319,79341.70299999998,521.9618530273438,521.6550903320312,0.6755436062812805,0.2370924800634384,0.5076279640197753,0.2443248033523559,0.0,0.0,1.0,0.17251131221719454,0.2971995491420826,337.0,407.5,521.808471679688,20.4228896330385,-4240.74875273572,117.0,116.0,372.380952380952,415.309523809524,79315.92065,79665.6689,349.74824999999,0.876904914779761,,,,,,,,,,
4826,79340.9034,,,,,,Frage 1,,,,,,1.0,390.0,413.0,281.0,390.0,0.8774781701356472,0.8567621567766196,79358.358,521.0751953125,520.7608642578125,0.675593912601471,0.2373835742473602,0.5076655745506286,0.2446935325860977,0.0,0.0,1.0,0.3553033127119811,0.3690364826941066,335.5,401.5,520.918029785156,6.51388801006833,-835.149756701119,117.0,116.0,372.380952380952,415.309523809524,79315.92065,79665.6689,349.74824999999,0.876904914779761,,,,,,,,,,
4827,79357.5564,,,,,,Frage 1,,,,,,1.0,401.0,414.0,287.0,398.0,0.8777702335009163,0.8569603505351231,79375.012,521.284423828125,520.963623046875,0.6754405498504638,0.23765230178833,0.507567286491394,0.2450312077999115,0.0,0.0,1.0,0.17647058823529407,0.37324602432179604,344.0,406.0,521.1240234375,17.170354460911,639.91271547703,117.0,116.0,372.380952380952,415.309523809524,79315.92065,79665.6689,349.74824999999,0.876904914779761,,,,,,,,,,
4828,79374.2123,,,,,,Frage 1,,,,,,1.0,402.0,424.0,289.0,410.0,0.8565996209505148,0.8556586996346807,79391.66700000002,520.7930297851562,520.4750366210938,0.6756460666656494,0.2379085719585418,0.5077930688858032,0.2453772574663162,0.0,0.0,1.0,0.17731900452488683,0.2987736858818868,345.5,417.0,520.634033203125,6.58044394315472,-635.805361328872,117.0,116.0,372.380952380952,415.309523809524,79315.92065,79665.6689,349.74824999999,0.876904914779761,,,,,,,,,,
4829,79390.8665,,,,,,Frage 1,,,,,,1.0,400.0,420.0,293.0,405.0,0.8782669908486812,0.8566469901331647,79408.32200000003,521.2102661132812,520.8987426757812,0.6757270693778991,0.238318458199501,0.5079665780067443,0.2458616197109222,0.0,0.0,1.0,0.17788461538461534,0.37932647333956965,346.5,412.5,521.054504394531,10.2051717554575,217.646468296392,117.0,116.0,372.380952380952,415.309523809524,79315.92065,79665.6689,349.74824999999,0.876904914779761,,,,,,,,,,
4830,79407.5218,,,,,,Frage 1,,,,,,1.0,402.0,412.0,292.0,401.0,0.8786239571840099,0.8570915869427809,79424.97600000001,520.7818603515625,520.488037109375,0.6762220859527587,0.2387220710515976,0.5084987878799438,0.2463288158178329,0.0,0.0,1.0,0.17816742081447962,0.3737137511693171,347.0,406.5,520.634948730469,5.86404437665751,-260.645402892794,117.0,116.0,372.380952380952,415.309523809524,79315.92065,79665.6689,349.74824999999,0.876904914779761,,,,,,,,,,
4831,79424.1767,,,,,,Frage 1,,,,,,1.0,408.0,412.0,295.0,421.0,0.8755710213231219,0.8594833035149931,79441.63100000005,521.2543334960938,520.9796752929688,0.6765707731246948,0.2391351461410522,0.508932054042816,0.2468059509992599,0.0,0.0,1.0,0.18071266968325786,0.38306828811973803,351.5,416.5,521.117004394531,8.31503756029531,147.16348844116,117.0,116.0,372.380952380952,415.309523809524,79315.92065,79665.6689,349.74824999999,0.876904914779761,,,,,,,,,,
4832,79440.8317,,,,,,Frage 1,,,,,,1.0,406.0,413.0,305.0,407.0,0.8752415139366646,0.8711877577046098,79458.28599999996,520.8509521484375,520.606689453125,0.6773298978805542,0.2395945787429809,0.5097603797912597,0.2473321408033371,0.0,0.0,1.0,0.18297511312217188,0.3006084816358955,355.5,410.0,520.728820800781,4.64739907210403,-220.212458012101,117.0,116.0,372.380952380952,415.309523809524,79315.92065,79665.6689,349.74824999999,0.876904914779761,,,,,,,,,,
4833,79457.4853,,,,,,Frage 1,,,,,,1.0,404.0,417.0,295.0,407.0,0.8786164683797723,0.8590467415874784,79474.94099999998,520.9254150390625,520.715087890625,0.6779927611351013,0.2400400638580322,0.5105318427085876,0.2477561831474304,0.0,0.0,1.0,0.17958144796380085,0.3788587464920486,349.5,412.0,520.820251464844,13.071003968296,505.812851046583,117.0,116.0,372.380952380952,415.309523809524,79315.92065,79665.6689,349.74824999999,0.876904914779761,,,,,,,,,,
4834,79474.1408,,,,,,Frage 1,,,,,,1.0,426.0,415.0,310.0,419.0,0.877825151398659,0.8730441356943702,79491.59499999997,520.7019653320312,520.5294799804688,0.6787495613098145,0.2404960393905639,0.5113614201545715,0.2481119185686111,0.0,0.0,1.0,0.19004524886877824,0.30289946432373893,368.0,417.0,520.61572265625,23.766757881061,642.175492346022,117.0,116.0,372.380952380952,415.309523809524,79315.92065,79665.6689,349.74824999999,0.876904914779761,,,,,,,,,,
4835,79490.7939,,,,,,Frage 1,,,,,,1.0,432.0,417.0,319.0,413.0,0.8575866054117641,0.8592663616982527,79508.25,520.2755737304688,520.1403198242188,0.6795211434364318,0.2409308850765228,0.512191355228424,0.2484268695116043,0.0,0.0,1.0,0.19428733031674203,0.38166510757717487,375.5,415.0,520.207946777344,15.3145501486199,-507.545606069489,117.0,116.0,372.380952380952,415.309523809524,79315.92065,79665.6689,349.74824999999,0.876904914779761,,,,,,,,,,
4836,79507.4493,,,,,,Frage 1,,,,,,1.0,446.0,423.0,323.0,417.0,0.875291439298249,0.8578013348617464,79524.90500000003,519.4736938476562,519.3781127929688,0.6804025173187255,0.2413723766803741,0.5131303071975708,0.2487332969903945,0.0,0.0,1.0,0.3626584530193445,0.38634237605238536,384.5,420.0,519.425903320313,21.9406616593711,397.835627529553,117.0,116.0,372.380952380952,415.309523809524,79315.92065,79665.6689,349.74824999999,0.876904914779761,,,,,,,,,,
4837,79524.1054,,,,,,Frage 1,,,,,,1.0,460.0,427.0,337.0,416.0,0.8535536648341548,0.8551230408279142,79541.559,518.8289794921875,518.7774047851562,0.6813180446624755,0.2418590486049652,0.5141133666038513,0.2490410655736923,0.0,0.0,1.0,0.2072963800904977,0.38774555659494847,398.5,421.5,518.803192138672,15.8589662733902,-365.133217618663,117.0,116.0,372.380952380952,415.309523809524,79315.92065,79665.6689,349.74824999999,0.876904914779761,,,,,,,,,,
4838,79540.7582,,,,,,Frage 1,,,,,,1.0,459.0,425.0,344.0,411.0,0.8754836519403492,0.8535803434644269,79558.21400000004,518.8975219726562,518.8764038085938,0.681775152683258,0.2422985434532165,0.5146867036819458,0.2492973059415817,0.0,0.0,1.0,0.2089932126696832,0.38447146866230114,401.5,418.0,518.886962890625,8.175824904999,-461.372343893695,117.0,116.0,372.380952380952,415.309523809524,79315.92065,79665.6689,349.74824999999,0.876904914779761,,,,,,,,,,
4839,79557.4151,,,,,,Frage 1,,,,,,1.0,463.0,416.0,339.0,411.0,0.8742455029730553,0.8527313242557022,79574.86900000006,518.2734375,518.2852172851562,0.6824152469635009,0.2427177876234054,0.5154176354408264,0.2495161443948745,0.0,0.0,1.0,0.20871040723981896,0.38026192703461176,401.0,413.5,518.279327392578,8.87524905743393,41.9900553185076,117.0,116.0,372.380952380952,415.309523809524,79315.92065,79665.6689,349.74824999999,0.876904914779761,,,,,,,,,,
4840,79574.0668,,,,,,Frage 1,,,,,,1.0,456.0,421.0,328.0,412.0,0.8734691636004174,0.8523269018565935,79591.52300000003,518.4217529296875,518.453369140625,0.6826393008232116,0.2429745495319366,0.5157474875450134,0.2495992630720138,0.0,0.0,1.0,0.20361990950226241,0.38306828811973803,392.0,416.5,518.437561035156,10.5453204521826,100.294348009422,117.0,116.0,372.380952380952,415.309523809524,79315.92065,79665.6689,349.74824999999,0.876904914779761,,,,,,,,,,
4841,79590.7233,,,,,,Frage 1,,,,,,1.0,447.0,428.0,334.0,407.0,0.8725380556068679,0.8696746534973724,79608.17800000006,518.2555541992188,518.3111572265625,0.683038055896759,0.243144616484642,0.5162340998649597,0.2496134042739868,0.0,0.0,1.0,0.20277149321266966,0.38400374181478014,390.5,417.5,518.283355712891,3.41829507105376,-427.882531211841,117.0,116.0,372.380952380952,415.309523809524,79315.92065,79665.6689,349.74824999999,0.876904914779761,,,,,,,,,,
4842,79607.3788,,,,,,Frage 1,,,,,,1.0,455.0,428.0,333.0,411.0,0.8718840333701119,0.8506556463794822,79624.83299999998,518.5087890625,518.5809936523438,0.6831759810447692,0.2432231307029724,0.5164600610733032,0.2495162338018417,0.0,0.0,1.0,0.20475113122171942,0.3858746492048643,394.0,419.5,518.544891357422,5.99924428322788,154.960776450595,117.0,116.0,372.380952380952,415.309523809524,79315.92065,79665.6689,349.74824999999,0.876904914779761,,,,,,,,,,
4843,79624.038,,,,,,Frage 1,,,,,,1.0,461.0,426.0,332.0,414.0,0.873059775635425,0.8498039488767236,79641.48699999996,518.3081665039064,518.3995361328125,0.6834535002708435,0.2432629615068435,0.516797363758087,0.249356985092163,0.0,0.0,1.0,0.20616515837104069,0.38634237605238536,396.5,420.0,518.353851318359,10.7237818133233,283.599304294139,117.0,116.0,372.380952380952,415.309523809524,79315.92065,79665.6689,349.74824999999,0.876904914779761,,,,,,,,,,
4844,79640.6871,,,,,,Frage 1,,,,,,1.0,463.0,431.0,344.0,421.0,0.8726428988661952,0.8693550580518163,79658.14199999998,518.03857421875,518.1492919921875,0.6837522983551025,0.2431218177080154,0.5171610713005065,0.2490249425172805,0.0,0.0,1.0,0.21012443438914022,0.3919550982226379,403.5,426.0,518.093933105469,9.08985677924167,-98.1389404881999,117.0,116.0,372.380952380952,415.309523809524,79315.92065,79665.6689,349.74824999999,0.876904914779761,,,,,,,,,,
4845,79657.341,,,,,,Frage 1,,,,,,1.0,462.0,431.0,343.0,424.0,0.8696299032945746,0.8517105209044062,79674.79700000002,517.8212280273438,517.950927734375,0.6840358972549438,0.242873340845108,0.517504870891571,0.2485821545124054,0.0,0.0,1.0,0.36648704369647844,0.3933582787652011,402.5,427.5,517.886077880859,24.6405164091822,933.754833999008,117.0,116.0,372.380952380952,415.309523809524,79315.92065,79665.6689,349.74824999999,0.876904914779761,,,,,,,,,,
4846,79673.9968,,,,,,Frage 1,,,,,,1.0,480.0,432.0,379.0,412.0,0.8689733847897393,0.8512770105953313,79691.451,518.71044921875,518.8433227539064,0.6837575435638427,0.2426837235689163,0.5173482298851013,0.2482395470142364,0.0,0.0,1.0,0.2248303167420814,0.3882132834424695,429.5,422.0,518.776885986328,45.0527493375197,1225.5330232319,,,,,,,,,153.0,153.0,79665.6689,79682.32445,16.6555500000104,,45.0527493375197,1225.5330232319,,
4847,79690.6521,,,,,,Frage 1,,,,,,1.0,494.0,434.0,407.0,414.0,0.8697197689454266,0.8639975511376891,79708.10600000003,519.5863037109375,519.7301025390625,0.683689534664154,0.2424075901508331,0.5173675417900085,0.2478314787149429,0.0,0.0,1.0,0.23670814479638005,0.39008419083255375,450.5,424.0,519.658203125,19.2200967001413,-1551.01695180261,118.0,117.0,447.454545454545,414.090909090909,79682.32445,79865.5256,183.201149999994,0.303406614245992,,,,,,,,,,
4848,79707.3055,,,,,,Frage 1,,,,,,1.0,499.0,429.0,401.0,417.0,0.8702290076335877,0.8537303279303216,79724.76100000004,519.9280395507812,520.0888061523438,0.6838752627372741,0.2420859038829803,0.5175702571868896,0.24735988676548,0.0,0.0,1.0,0.2364253393665158,0.38914873713751164,450.0,423.0,520.008422851563,5.85875338657538,-802.319244933135,118.0,117.0,447.454545454545,414.090909090909,79682.32445,79865.5256,183.201149999994,0.303406614245992,,,,,,,,,,
4849,79723.9611,,,,,,Frage 1,,,,,,1.0,500.0,428.0,409.0,411.0,0.8710477835635724,0.8543490138521368,79741.41599999997,519.9299926757812,520.1017456054688,0.6840244531631469,0.2416828870773315,0.517703890800476,0.2468286752700805,0.0,0.0,1.0,0.23897058823529407,0.31874896828073324,454.5,419.5,520.015869140625,5.04248959780379,-49.0083688832393,118.0,117.0,447.454545454545,414.090909090909,79682.32445,79865.5256,183.201149999994,0.303406614245992,,,,,,,,,,
4850,79740.6144,,,,,,Frage 1,,,,,,1.0,497.0,426.0,408.0,411.0,0.8714896230135947,0.8544909634359299,79758.07000000007,520.279541015625,520.4552001953125,0.6839995384216307,0.2412264645099639,0.5176740288734436,0.2463104724884033,0.0,0.0,1.0,0.23783936651583706,0.3849391955098222,452.5,418.5,520.367370605469,2.87334517457149,-130.253128402875,118.0,117.0,447.454545454545,414.090909090909,79682.32445,79865.5256,183.201149999994,0.303406614245992,,,,,,,,,,
4851,79757.2706,,,,,,Frage 1,,,,,,1.0,498.0,432.0,405.0,408.0,0.8514451634274858,0.8525277739091309,79774.72499999996,520.3375854492188,520.5156860351562,0.6840476393699646,0.2407875806093215,0.5177050232887268,0.2458642423152923,0.0,0.0,1.0,0.23727375565610856,0.38634237605238536,451.5,420.0,520.426635742188,8.88479153221954,360.913435096175,118.0,117.0,447.454545454545,414.090909090909,79682.32445,79865.5256,183.201149999994,0.303406614245992,,,,,,,,,,
4852,79773.9252,,,,,,Frage 1,,,,,,1.0,492.0,425.0,402.0,397.0,0.8752065661835556,0.852734002549736,79791.38,520.7135009765625,520.888427734375,0.6839262247085571,0.2403159737586975,0.5175551176071167,0.2453995794057846,0.0,0.0,1.0,0.2347285067873303,0.3779232927970065,447.0,411.0,520.800964355469,17.7696608988563,533.478400360249,118.0,117.0,447.454545454545,414.090909090909,79682.32445,79865.5256,183.201149999994,0.303406614245992,,,,,,,,,,
4853,79790.5784,,,,,,Frage 1,,,,,,1.0,486.0,413.0,411.0,391.0,0.8751366706773374,0.8564729010209656,79808.03399999999,520.7362670898438,520.9075317382812,0.6839033961296082,0.2397580742835998,0.5174779295921325,0.244883194565773,0.0,0.0,1.0,0.23557692307692304,0.36950420954162766,448.5,402.0,520.821899414063,5.03250269703711,-764.847488880139,118.0,117.0,447.454545454545,414.090909090909,79682.32445,79865.5256,183.201149999994,0.303406614245992,,,,,,,,,,
4854,79807.2345,,,,,,Frage 1,,,,,,1.0,492.0,410.0,407.0,403.0,0.8751516482858127,0.8566282420749282,79824.68900000001,521.0179443359375,521.181396484375,0.6837457418441772,0.2392627894878387,0.5172473788261412,0.2444300353527069,0.0,0.0,1.0,0.23614253393665155,0.3178330597352424,449.5,406.5,521.099670410156,14.7889064871318,585.755596453575,118.0,117.0,447.454545454545,414.090909090909,79682.32445,79865.5256,183.201149999994,0.303406614245992,,,,,,,,,,
4855,79823.8885,,,,,,Frage 1,,,,,,1.0,491.0,414.0,381.0,408.0,0.8729424510357018,0.8530553978337959,79841.34400000003,521.1234741210938,521.2781372070312,0.683650553226471,0.2386956661939621,0.5170535445213317,0.2439499497413635,0.0,0.0,1.0,0.22850678733031668,0.3779232927970065,436.0,411.0,521.200805664063,11.0950183957582,-221.801854892204,118.0,117.0,447.454545454545,414.090909090909,79682.32445,79865.5256,183.201149999994,0.303406614245992,,,,,,,,,,
4856,79840.5432,,,,,,Frage 1,,,,,,1.0,494.0,418.0,383.0,403.0,0.8726553802065912,0.8532910877087732,79857.99800000002,521.0286865234375,521.176025390625,0.683664560317993,0.2381812930107116,0.5169755220413208,0.2435721307992935,0.0,0.0,1.0,0.22992081447963794,0.3774555659494854,438.5,410.5,521.102355957031,7.32031566310135,-226.644894994028,118.0,117.0,447.454545454545,414.090909090909,79682.32445,79865.5256,183.201149999994,0.303406614245992,,,,,,,,,,
4857,79857.199,,,,,,Frage 1,,,,,,1.0,492.0,419.0,395.0,399.0,0.8716818356556947,0.8534812465851751,79874.65300000005,521.1761474609375,521.315673828125,0.6836263537406921,0.2376981526613235,0.5168555378913879,0.2432328164577484,0.0,0.0,1.0,0.2327488687782805,0.3760523854069223,443.5,409.0,521.245910644531,29.3527548738602,1322.80882399932,118.0,117.0,447.454545454545,414.090909090909,79682.32445,79865.5256,183.201149999994,0.303406614245992,,,,,,,,,,
4858,79873.8522,,,,,,Frage 1,,,,,,1.0,454.0,411.0,364.0,387.0,0.8726603727427495,0.8540302968621107,79891.30799999996,519.8579711914064,520.0126342773438,0.6843857765197753,0.2373562902212142,0.5175025463104248,0.2430331856012344,0.0,0.0,1.0,0.213235294117647,0.36669784845650133,409.0,399.0,519.935302734375,55.3656901678808,1562.03824454276,,,,,,,,,154.0,154.0,79865.5256,79898.83455,33.308950000006,0.841203407588931,55.3656901678808,1562.03824454276,-1486.33664092188,180.0
4859,79890.5079,,,,,,Frage 1,,,,,,1.0,434.0,402.0,335.0,396.0,0.8725056041218379,0.8530902156562357,79907.96200000006,518.9732666015625,519.1351928710938,0.6848204135894775,0.2368992865085601,0.5178340077400208,0.2426390796899795,0.0,0.0,1.0,0.3547469062876767,0.36669784845650133,384.5,399.0,519.054229736328,30.6097129776738,-1486.33664092188,,,,,,,,,154.0,154.0,79865.5256,79898.83455,33.308950000006,0.841203407588931,55.3656901678808,1562.03824454276,-1486.33664092188,180.0
4860,79907.1612,,,,,,Frage 1,,,,,,1.0,432.0,409.0,324.0,410.0,0.8693253585889096,0.8507975959632752,79924.61699999998,518.9231567382812,519.0833740234375,0.684869647026062,0.2365073561668396,0.5178059339523315,0.2422922700643539,0.0,0.0,1.0,0.1957013574660633,0.30472943342710734,378.0,409.5,519.003265380859,20.3760887340388,-614.51029187198,119.0,118.0,375.764705882353,413.705882352941,79898.83455,80181.9643,283.129749999993,0.208126902416676,,,,,,,,,,
4861,79923.817,,,,,,Frage 1,,,,,,1.0,432.0,417.0,319.0,419.0,0.8687811721476393,0.8669380748335738,79941.27199999998,518.755615234375,518.9203491210938,0.6850517988204956,0.2361023724079132,0.5178975462913513,0.2418935298919677,0.0,0.0,1.0,0.19428733031674203,0.38447146866230114,375.5,418.0,518.837982177734,14.1586506857441,-373.289667761214,119.0,118.0,375.764705882353,413.705882352941,79898.83455,80181.9643,283.129749999993,0.208126902416676,,,,,,,,,,
4862,79940.471,,,,,,Frage 1,,,,,,1.0,431.0,423.0,322.0,425.0,0.8686089296501731,0.8532535915922994,79957.92599999996,518.3265380859375,518.4998779296875,0.6853565573692321,0.2356896251440048,0.5181085467338562,0.2414642423391342,0.0,0.0,1.0,0.19485294117647053,0.39008419083255375,376.5,424.0,518.413208007813,2.45772310961468,-702.589622680603,119.0,118.0,375.764705882353,413.705882352941,79898.83455,80181.9643,283.129749999993,0.208126902416676,,,,,,,,,,
4863,79957.1254,,,,,,Frage 1,,,,,,1.0,430.0,424.0,322.0,417.0,0.8695600077883564,0.8504601309150124,79974.581,517.8910522460938,518.0741577148438,0.6856674551963806,0.2352653890848159,0.5183312892913818,0.2409985959529876,0.0,0.0,1.0,0.19457013574660628,0.3868101028999064,376.0,420.5,517.982604980469,3.41932462945587,57.7385867903508,119.0,118.0,375.764705882353,413.705882352941,79898.83455,80181.9643,283.129749999993,0.208126902416676,,,,,,,,,,
4864,79971.0341,,,,,,Frage 1,1.0,3.17037534713745,29.4013244827888,1.34539866447449,202.71484375,,,,,,0.6585048574425887,0.6495113533451946,,,,,,,,,,,0.37959439571535225,0.3642823432120883,,,,,,,,,,,,,,,,,,,,,,,
4865,79973.7814,,,,,,Frage 1,,,,,,1.0,432.0,421.0,320.0,420.0,0.8689958512024524,0.8500717782801069,79991.23600000003,517.4851684570312,517.6776733398438,0.6859242916107177,0.2350037693977356,0.5184994935989379,0.2406504601240158,0.0,0.0,1.0,0.19457013574660628,0.3868101028999064,376.0,420.5,517.581420898438,1.74159995838611,-100.727946149705,119.0,118.0,375.764705882353,413.705882352941,79898.83455,80181.9643,283.129749999993,0.208126902416676,,,,,,,,,,
4866,79990.4357,,,,,,Frage 1,,,,,,1.0,431.0,422.0,323.0,416.0,0.86858646323746,0.8537222930482201,80007.89100000006,517.0197143554688,517.2222900390625,0.6861903071403503,0.2348916232585907,0.5186743140220642,0.2404297739267349,0.0,0.0,1.0,0.1951357466063348,0.38540692235734325,377.0,419.0,517.121002197266,9.85804782734612,487.348484713413,119.0,118.0,375.764705882353,413.705882352941,79898.83455,80181.9643,283.129749999993,0.208126902416676,,,,,,,,,,
4867,80007.0901,,,,,,Frage 1,,,,,,1.0,428.0,422.0,331.0,400.0,0.8677901537201885,0.8531223551846416,80024.54500000003,516.7384033203125,516.9473876953125,0.6863601803779602,0.2348364144563674,0.5187897682189941,0.240313172340393,0.0,0.0,1.0,0.19654977375565605,0.3779232927970065,379.5,411.0,516.842895507813,11.7378190726376,112.869346556558,119.0,118.0,375.764705882353,413.705882352941,79898.83455,80181.9643,283.129749999993,0.208126902416676,,,,,,,,,,
4868,80023.7456,,,,,,Frage 1,,,,,,1.0,435.0,419.0,331.0,398.0,0.8527952024963343,0.8540302968621107,80041.20000000007,516.3624877929688,516.5773315429688,0.6865607500076293,0.2348765432834625,0.5189337730407714,0.2403209805488586,0.0,0.0,1.0,0.19852941176470582,0.37558465855940126,383.0,408.5,516.469909667969,5.0057842721562,-404.192897270213,119.0,118.0,375.764705882353,413.705882352941,79898.83455,80181.9643,283.129749999993,0.208126902416676,,,,,,,,,,
4869,80040.3991,,,,,,Frage 1,,,,,,1.0,428.0,413.0,322.0,403.0,0.8526581579520267,0.8539258433947913,80057.85499999998,516.369873046875,516.58544921875,0.6865571141242981,0.235037013888359,0.5188822150230407,0.2404345870018005,0.0,0.0,1.0,0.19400452488687778,0.3751169317118802,375.0,408.0,516.477661132813,11.0643545240161,363.801618390113,119.0,118.0,375.764705882353,413.705882352941,79898.83455,80181.9643,283.129749999993,0.208126902416676,,,,,,,,,,
4870,80057.0548,,,,,,Frage 1,,,,,,1.0,420.0,419.0,322.0,396.0,0.8669713777902038,0.8496593209988965,80074.50899999996,516.5250854492188,516.7442016601562,0.6866132616996765,0.2352142482995986,0.5188896656036377,0.2405964285135269,0.0,0.0,1.0,0.19174208144796376,0.37464920486435915,371.0,407.5,516.634643554688,2.96348101832442,-486.372443409175,119.0,118.0,375.764705882353,413.705882352941,79898.83455,80181.9643,283.129749999993,0.208126902416676,,,,,,,,,,
4871,80073.7175,,,,,,Frage 1,,,,,,1.0,430.0,422.0,319.0,400.0,0.8676803179247026,0.850036960457667,80091.16399999999,516.3524169921875,516.5784912109375,0.6868179440498352,0.2354785203933715,0.5190200209617614,0.2408419102430343,0.0,0.0,1.0,0.19372171945701352,0.3779232927970065,374.5,411.0,516.465454101563,3.08468503741817,7.27397235104388,119.0,118.0,375.764705882353,413.705882352941,79898.83455,80181.9643,283.129749999993,0.208126902416676,,,,,,,,,,
4872,80090.3634,,,,,,Frage 1,,,,,,1.0,432.0,419.0,316.0,399.0,0.8665694786294489,0.8507226037303279,80107.81900000003,516.3939208984375,516.6288452148438,0.6869816184043884,0.2358322143554687,0.5191269516944885,0.2411372810602188,0.0,0.0,1.0,0.19343891402714927,0.3760523854069223,374.0,409.0,516.511383056641,5.0898999466614,120.462991441908,119.0,118.0,375.764705882353,413.705882352941,79898.83455,80181.9643,283.129749999993,0.208126902416676,,,,,,,,,,
4873,80107.0185,,,,,,Frage 1,,,,,,1.0,436.0,421.0,316.0,391.0,0.8657457101633058,0.8519358709276539,80124.473,516.1090087890625,516.3558349609375,0.6872844696044921,0.236081451177597,0.5193631052970886,0.2413311749696731,0.0,0.0,1.0,0.19457013574660628,0.3043629202933358,376.0,406.0,516.232421875,3.70628592109497,-83.0744952336596,119.0,118.0,375.764705882353,413.705882352941,79898.83455,80181.9643,283.129749999993,0.208126902416676,,,,,,,,,,
4874,80123.6719,,,,,,Frage 1,,,,,,1.0,430.0,423.0,315.0,402.0,0.8674806164783648,0.8656867839498155,80141.12800000001,516.0909423828125,516.350830078125,0.6875459551811218,0.2362838238477706,0.5195736289024353,0.2414679676294326,0.0,0.0,1.0,0.19259049773755652,0.37932647333956965,372.5,412.5,516.220886230469,11.7552844012785,483.324635220777,119.0,118.0,375.764705882353,413.705882352941,79898.83455,80181.9643,283.129749999993,0.208126902416676,,,,,,,,,,
4875,80140.3283,,,,,,Frage 1,,,,,,1.0,417.0,424.0,325.0,410.0,0.8686214109905691,0.8534999946434122,80157.78300000005,515.8505249023438,516.1256103515625,0.6878765225410461,0.2365139871835708,0.5198885798454284,0.2416243404150009,0.0,0.0,1.0,0.19174208144796376,0.3034468966718004,371.0,417.0,515.988067626953,4.79427016142952,-417.918292059035,119.0,118.0,375.764705882353,413.705882352941,79898.83455,80181.9643,283.129749999993,0.208126902416676,,,,,,,,,,
4876,80156.9821,,,,,,Frage 1,,,,,,1.0,426.0,423.0,329.0,405.0,0.869138138482968,0.8486388909720065,80174.43700000003,515.8533325195312,516.1456909179688,0.688177466392517,0.2368194013833999,0.5201908946037292,0.2418303489685058,0.0,0.0,1.0,0.19541855203619904,0.30463757470253405,377.5,414.0,515.99951171875,3.68081866811718,-66.8587045186288,119.0,118.0,375.764705882353,413.705882352941,79898.83455,80181.9643,283.129749999993,0.208126902416676,,,,,,,,,,
4877,80173.636,,,,,,Frage 1,,,,,,1.0,435.0,426.0,315.0,408.0,0.8688286012411447,0.8491477668384346,80191.09200000006,515.6783447265625,515.98974609375,0.6885619163513182,0.2371308058500289,0.5205358266830444,0.2420335561037063,0.0,0.0,1.0,0.19400452488687778,0.3835360149672591,375.0,417.0,515.834045410156,20.5030934139277,1010.11022918389,119.0,118.0,375.764705882353,413.705882352941,79898.83455,80181.9643,283.129749999993,0.208126902416676,,,,,,,,,,
4878,80190.2926,,,,,,Frage 1,,,,,,1.0,454.0,421.0,345.0,413.0,0.8688086310965109,0.8563550560834771,80207.74699999997,514.7880859375,515.1116943359375,0.6889344453811646,0.237636849284172,0.5208564400672911,0.2424219101667404,0.0,0.0,1.0,0.2078619909502262,0.3835360149672591,399.5,417.0,514.949890136719,61.1567881839564,2440.69586650479,,,,,,,,,155.0,155.0,80181.9643,80215.27305,33.3087499999965,1.42085197855916,61.1567881839564,2440.69586650479,-1300.99516110021,359.301305617017
4879,80206.9451,,,,,,Frage 1,,,,,,1.0,490.0,420.0,391.0,413.0,0.8686563587436782,0.8551176842398466,80224.40100000007,514.3197631835938,514.650634765625,0.6890841722488403,0.2381345778703689,0.5210064053535461,0.2427933812141418,0.0,0.0,1.0,0.23105203619909495,0.38306828811973803,440.5,416.5,514.485198974609,39.4919662637397,-1300.99516110021,,,,,,,,,155.0,155.0,80181.9643,80215.27305,33.3087499999965,1.42085197855916,61.1567881839564,2440.69586650479,-1300.99516110021,359.301305617017
4880,80223.601,,,,,,Frage 1,,,,,,1.0,493.0,432.0,390.0,409.0,0.8672809150320271,0.8521929871549019,80241.05599999998,514.8714599609375,515.2223510742188,0.6892948150634765,0.2386976480484008,0.5212607979774475,0.2432311028242111,0.0,0.0,1.0,0.23161764705882346,0.3868101028999064,441.5,420.5,515.046905517578,1.888998480125,-2257.63650019629,120.0,119.0,444.1875,414.9375,80215.27305,80348.5113,133.238250000009,0.186534021241716,,,,,,,,,,
4881,80240.2571,,,,,,Frage 1,,,,,,1.0,491.0,433.0,394.0,400.0,0.8663697771831113,0.851951940691857,80257.71100000001,515.2442626953125,515.6141967773438,0.6895358562469482,0.2392238229513168,0.521535813808441,0.2436452209949493,0.0,0.0,1.0,0.23218325791855196,0.38306828811973803,442.5,416.5,515.429229736328,11.6949383702506,588.729648004108,120.0,119.0,444.1875,414.9375,80215.27305,80348.5113,133.238250000009,0.186534021241716,,,,,,,,,,
4882,80256.9104,,,,,,Frage 1,,,,,,1.0,496.0,423.0,398.0,397.0,0.8675455194484247,0.8528947001917658,80274.36600000004,515.2999267578125,515.6859130859375,0.6897979378700256,0.2396455407142639,0.5218098759651184,0.243971511721611,0.0,0.0,1.0,0.2347285067873303,0.37698783910196443,447.0,410.0,515.492919921875,4.96499574138145,-404.120662503698,120.0,119.0,444.1875,414.9375,80215.27305,80348.5113,133.238250000009,0.186534021241716,,,,,,,,,,
4883,80273.5658,,,,,,Frage 1,,,,,,1.0,496.0,425.0,390.0,398.0,0.8674232023125428,0.8618147047646633,80291.02000000003,515.67919921875,516.0752563476562,0.6898663640022277,0.2399459481239318,0.5219124555587769,0.2441937327384948,0.0,0.0,1.0,0.2324660633484162,0.37839101964452754,443.0,411.5,515.877227783203,12.7116910692964,465.116138184219,120.0,119.0,444.1875,414.9375,80215.27305,80348.5113,133.238250000009,0.186534021241716,,,,,,,,,,
4884,80290.219,,,,,,Frage 1,,,,,,1.0,497.0,437.0,391.0,408.0,0.8690757317809874,0.8503985301522344,80307.67500000003,515.734375,516.140869140625,0.6900346875190734,0.2401714771986007,0.5220855474472045,0.2443566620349884,0.0,0.0,1.0,0.23303167420814475,0.3886810102899906,444.0,422.5,515.937622070313,7.87608064730827,-290.371245285468,120.0,119.0,444.1875,414.9375,80215.27305,80348.5113,133.238250000009,0.186534021241716,,,,,,,,,,
4885,80306.8747,,,,,,Frage 1,,,,,,1.0,501.0,436.0,395.0,400.0,0.8693827727547319,0.8507413517885648,80324.33000000006,515.8157958984375,516.2308349609375,0.6901728510856628,0.2403537034988403,0.5222327709197998,0.2445007860660553,0.0,0.0,1.0,0.2352941176470588,0.38447146866230114,448.0,418.0,516.023315429688,14.8192635099,416.865269102497,120.0,119.0,444.1875,414.9375,80215.27305,80348.5113,133.238250000009,0.186534021241716,,,,,,,,,,
4886,80323.53,,,,,,Frage 1,,,,,,1.0,494.0,428.0,391.0,387.0,0.8675355343761078,0.8480094918740559,80340.98400000005,515.7758178710938,516.198486328125,0.6903275251388549,0.2405261695384979,0.5223971009254454,0.2446485608816146,0.0,0.0,1.0,0.23218325791855196,0.37464920486435915,442.5,407.5,515.987152099609,5.63309995690275,-551.545967529737,120.0,119.0,444.1875,414.9375,80215.27305,80348.5113,133.238250000009,0.186534021241716,,,,,,,,,,
4887,80340.1831,,,,,,Frage 1,,,,,,1.0,500.0,425.0,390.0,401.0,0.8671960419173336,0.8462069999892868,80357.63899999997,515.68359375,516.1154174804688,0.6904979348182678,0.2406839281320571,0.5225642919540405,0.2447414547204971,0.0,0.0,1.0,0.3613261828851097,0.3797942001870907,445.0,413.0,515.899505615234,17.3593503060337,704.148197580861,120.0,119.0,444.1875,414.9375,80215.27305,80348.5113,133.238250000009,0.186534021241716,,,,,,,,,,
4888,80356.8395,,,,,,Frage 1,,,,,,1.0,506.0,428.0,413.0,401.0,0.8661725720048529,0.8472515346624814,80374.29399999998,514.7910766601562,515.2251586914064,0.6906828880310057,0.2408936470746994,0.522709310054779,0.2448728829622268,0.0,0.0,1.0,0.2417986425339366,0.3811973807296538,459.5,414.5,515.008117675781,71.9207956974163,3275.70455748897,,,,,,,,,156.0,156.0,80348.5113,80381.82035,33.3090499999962,2.10068393662988,78.0287757093722,3275.70455748897,,355.746163563881
4889,80373.4926,,,,,,Frage 1,,,,,,1.0,562.0,430.0,478.0,390.0,0.8651091618031045,0.8459472054680053,80390.94799999997,514.92529296875,515.3465576171875,0.6903032064437866,0.241143524646759,0.5223697423934937,0.2450667023658752,0.0,0.0,1.0,0.2760180995475113,0.3307511870862395,520.0,410.0,515.135925292969,78.0287757093722,366.777357486439,,,,,,,,,156.0,156.0,80348.5113,80381.82035,33.3090499999962,2.10068393662988,78.0287757093722,3275.70455748897,,355.746163563881
4890,80390.1481,,,,,,Frage 1,,,,,,1.0,586.0,436.0,495.0,403.0,0.864495079855616,0.8451303257876863,80407.603,516.0782470703125,516.5003662109375,0.6900376677513121,0.2413051426410675,0.5221931338310241,0.245215892791748,0.0,0.0,1.0,0.2876131221719457,0.3858746492048643,540.5,419.5,516.289306640625,16.4394600121326,-3697.83649228242,121.0,120.0,533.5,411.75,80381.82035,80581.67725,199.856900000013,0.238341556986995,,,,,,,,,,
4891,80406.8032,,,,,,Frage 1,,,,,,1.0,578.0,432.0,493.0,402.0,0.8452080831267367,0.8453847637209005,80424.25800000003,516.4166870117188,516.8497924804688,0.6901841163635253,0.2414822876453399,0.5223683714866638,0.2453707605600357,0.0,0.0,1.0,0.2847850678733031,0.3835360149672591,535.5,417.0,516.633239746094,15.689253089663,-45.0436756591108,121.0,120.0,533.5,411.75,80381.82035,80581.67725,199.856900000013,0.238341556986995,,,,,,,,,,
4892,80423.4561,,,,,,Frage 1,,,,,,1.0,578.0,419.0,490.0,391.0,0.8635240315727988,0.8461453992265087,80440.91200000001,516.6043701171875,517.042236328125,0.6902230978012085,0.2417399734258651,0.5224325656890869,0.2456061691045761,0.0,0.0,1.0,0.28393665158371034,0.37231057062675393,534.0,405.0,516.823303222656,6.97194066286944,-523.471132763248,121.0,120.0,533.5,411.75,80381.82035,80581.67725,199.856900000013,0.238341556986995,,,,,,,,,,
4893,80440.1122,,,,,,Frage 1,,,,,,1.0,588.0,421.0,488.0,400.0,0.8623832370605945,0.8454624342478815,80457.56700000005,516.7716064453125,517.2147827148438,0.6902760863304138,0.241801917552948,0.5224789381027221,0.2456273436546325,0.0,0.0,1.0,0.28619909502262436,0.3340496600342371,538.0,410.5,516.993194580078,13.3466809046816,382.727063466794,121.0,120.0,533.5,411.75,80381.82035,80581.67725,199.856900000013,0.238341556986995,,,,,,,,,,
4894,80456.7666,,,,,,Frage 1,,,,,,1.0,589.0,432.0,486.0,404.0,0.8640707142821483,0.8537794681327252,80474.22200000007,516.8883056640625,517.3372802734375,0.6903428435325621,0.2418715357780456,0.522534668445587,0.2456447929143905,0.0,0.0,1.0,0.2859162895927601,0.38447146866230114,537.5,418.0,517.11279296875,10.2621019191721,-185.211054466662,121.0,120.0,533.5,411.75,80381.82035,80581.67725,199.856900000013,0.238341556986995,,,,,,,,,,
4895,80473.4216,,,,,,Frage 1,,,,,,1.0,578.0,436.0,485.0,401.0,0.8638884867123651,0.8452454924311411,80490.87600000003,517.0637817382812,517.51611328125,0.690364420413971,0.2419620752334594,0.5225681066513062,0.245719775557518,0.0,0.0,1.0,0.3636640786137836,0.3849391955098222,531.5,418.5,517.289947509766,13.9223430941268,219.76830831312,121.0,120.0,533.5,411.75,80381.82035,80581.67725,199.856900000013,0.238341556986995,,,,,,,,,,
4896,80490.0769,,,,,,Frage 1,,,,,,1.0,579.0,421.0,485.0,389.0,0.8615694536667683,0.8456177753018438,80507.53100000006,517.4708862304688,517.9295043945312,0.6904008388519287,0.2421548664569854,0.5226136445999146,0.2458904385566711,0.0,0.0,1.0,0.350547567737293,0.3548983726500254,532.0,405.0,517.7001953125,15.4942110498956,94.3764420796297,121.0,120.0,533.5,411.75,80381.82035,80581.67725,199.856900000013,0.238341556986995,,,,,,,,,,
4897,80506.7303,,,,,,Frage 1,,,,,,1.0,590.0,415.0,484.0,393.0,0.8620587222102958,0.8463328798088771,80524.18599999999,517.6962890625,518.1633911132812,0.6905165910720825,0.2423419505357742,0.5227107405662536,0.2460359930992126,0.0,0.0,1.0,0.28563348416289586,0.3713751169317118,537.0,404.0,517.929840087891,4.21076465034412,-677.546110677365,121.0,120.0,533.5,411.75,80381.82035,80581.67725,199.856900000013,0.238341556986995,,,,,,,,,,
4898,80523.3865,,,,,,Frage 1,,,,,,1.0,582.0,419.0,485.0,399.0,0.8628175877063792,0.8510090680410359,80540.84100000001,517.6800537109375,518.1534423828125,0.690635859966278,0.2426241636276245,0.5228148698806762,0.2462819814682006,0.0,0.0,1.0,0.2836538461538461,0.3332255974540906,533.5,409.0,517.916748046875,13.4122842278776,552.43810578252,121.0,120.0,533.5,411.75,80381.82035,80581.67725,199.856900000013,0.238341556986995,,,,,,,,,,
4899,80540.0395,,,,,,Frage 1,,,,,,1.0,569.0,421.0,483.0,403.0,0.8621960169546529,0.8457543682975693,80557.49499999998,517.881591796875,518.35791015625,0.6906316876411438,0.2429816126823425,0.5228238701820374,0.2466121912002563,0.0,0.0,1.0,0.2794117647058823,0.3788587464920486,526.0,412.0,518.119750976563,7.70352007995757,-342.806950574557,121.0,120.0,533.5,411.75,80381.82035,80581.67725,199.856900000013,0.238341556986995,,,,,,,,,,
4900,80556.6949,,,,,,Frage 1,,,,,,1.0,568.0,430.0,488.0,399.0,0.8481924748521003,0.8484594452717398,80574.15000000001,517.9871215820312,518.4658813476562,0.6906813383102417,0.2433966696262359,0.5228849053382874,0.2470515966415405,0.0,0.0,1.0,0.2805429864253393,0.3811973807296538,528.0,414.5,518.226501464844,4.69233413432674,-180.793373058002,121.0,120.0,533.5,411.75,80381.82035,80581.67725,199.856900000013,0.238341556986995,,,,,,,,,,
4901,80573.3516,,,,,,Frage 1,,,,,,1.0,567.0,425.0,490.0,391.0,0.8601016480361862,0.8483523135103864,80590.80500000005,518.4967651367188,518.972900390625,0.69052255153656,0.2438440918922424,0.5227487683296203,0.2475151717662811,0.0,0.0,1.0,0.28082579185520357,0.3751169317118802,528.5,408.0,518.734832763672,18.0163621123585,799.920030860734,121.0,120.0,533.5,411.75,80381.82035,80581.67725,199.856900000013,0.238341556986995,,,,,,,,,,
4902,80590.0029,,,,,,Frage 1,,,,,,1.0,587.0,433.0,504.0,409.0,0.8654561430661162,0.8493459605969382,80607.45900000003,517.5341796875,517.9984741210938,0.6904906630516052,0.2446090728044509,0.5226776003837585,0.2483048290014267,0.0,0.0,1.0,0.364134667224237,0.38727782974742747,545.5,421.0,517.766326904297,191.396815306459,10412.427449747,,,,,,,,,157.0,157.0,80581.67725,80631.6406,49.9633499999909,16.9467626969548,704.368586435865,18592.8002812807,,45.9378542580839
4903,80606.6595,,,,,,Frage 1,,,,,,1.0,648.0,463.0,714.0,590.0,0.8750043684691386,0.8594324159283502,80624.11400000006,519.8028564453125,520.228271484375,0.6883048415184021,0.2486995756626129,0.520658254623413,0.2514311969280242,0.0,0.0,1.0,0.3670814479638008,0.4859681945743685,681.0,526.5,520.015563964844,501.089652471408,18592.8002812807,,,,,,,,,157.0,157.0,80581.67725,80631.6406,49.9633499999909,16.9467626969548,704.368586435865,18592.8002812807,,45.9378542580839
4904,80623.3129,,,,,,Frage 1,,,,,,1.0,-1.0,-1.0,891.0,778.0,0.0,0.855939920508233,80640.76899999997,-1.0,519.493896484375,-1.0,-1.0,0.5192356705665588,0.2535783350467681,4.0,0.0,1.0,0.48585972850678727,0.7212347988774555,891.0,778.0,519.493896484375,704.368586435865,12206.4523739497,,,,,,,,,157.0,157.0,80581.67725,80631.6406,49.9633499999909,16.9467626969548,704.368586435865,18592.8002812807,,45.9378542580839
4905,80639.9683,,,,,,Frage 1,,,,,,1.0,1290.0,-1.0,1091.0,1009.0,0.8692978996400381,0.8518019562259623,80657.42300000007,518.7276611328125,519.0155639648438,0.6849056482315063,0.2556315958499908,0.5168566107749939,0.2574305236339569,0.0,0.0,1.0,0.655260180995475,0.9373246024321795,1190.5,1009.0,518.871612548828,,,,,,,,,,,,,,,,,,,,
4906,80656.6239,,,,,,Frage 1,,,,,,1.0,1329.0,-1.0,1337.0,-1.0,0.8694501719928707,0.8587414160676216,80674.07799999998,519.4261474609375,519.515869140625,0.6808326244354248,0.2539326846599578,0.5136962532997131,0.2568875253200531,0.0,0.0,1.0,0.7358597285067872,0.47974005028009586,1333.0,,519.471008300781,,,,,,,,,,,,,,,,,,,,
4907,80673.2777,,,,,,Frage 1,,,,,,1.0,1408.0,-1.0,1310.0,-1.0,0.8747197939081075,0.8554390795239064,80690.733,518.2779541015625,518.2760009765625,0.6793983578681945,0.2540831565856933,0.5126599669456481,0.2577907443046569,0.0,0.0,1.0,0.7505656108597284,0.48450454630585305,1359.0,,518.276977539063,,,,,,,,,,,,,,,,,,,,
4908,80689.9329,,,,,,Frage 1,,,,,,1.0,1412.0,-1.0,1296.0,-1.0,0.8765021293166716,0.8543275874998661,80707.387,518.6316528320312,518.5309448242188,0.6775730848312377,0.2539550065994262,0.5110437273979187,0.2583709955215454,0.0,0.0,1.0,0.3493142750897071,0.35450019004906536,1354.0,,518.581298828125,,,,,,,,,,,,,,,,,,,,
4909,80706.5861,,,,,,Frage 1,,,,,,1.0,1406.0,-1.0,1297.0,-1.0,0.8744477006874722,0.855701552339222,80724.04200000002,518.6475830078125,518.4758911132812,0.6759545803070068,0.2532089948654174,0.5094278454780578,0.2575999796390533,0.0,0.0,1.0,0.7463235294117645,0.4831301421429526,1351.5,,518.561737060547,,,,,,,,,,,,,,,,,,,,
4910,80723.2423,,,,,,Frage 1,,,,,,1.0,1406.0,-1.0,1306.0,-1.0,0.8740208388459255,0.855972060036639,80740.69700000003,519.287109375,519.0384521484375,0.6745832562446594,0.2545106410980224,0.508190929889679,0.2595925033092498,0.0,0.0,1.0,0.7488687782805429,0.4839548095382702,1356.0,,519.162780761719,,,,,,,,,,,,,,,,,,,,
4911,80739.8966,,,,,,Frage 1,,,,,,1.0,1388.0,-1.0,1297.0,-1.0,0.8749794057883465,0.8500798131622083,80757.35100000001,519.183837890625,518.8678588867188,0.6734602451324462,0.2546332478523254,0.5071261525154113,0.2602278590202331,0.0,0.0,1.0,0.7412330316742081,0.48148026863432286,1342.5,,519.025848388672,,,,,,,,,,,,,,,,,,,,
4912,80756.5508,,,,,,Frage 1,,,,,,1.0,1382.0,-1.0,1297.0,-1.0,0.8760528010624119,0.8502351542161705,80774.00600000005,519.809814453125,519.4273681640625,0.6721025109291076,0.2547183334827423,0.5058154463768005,0.2606546282768249,0.0,0.0,1.0,0.7395361990950224,0.4809305514342637,1339.5,,519.618591308594,,,,,,,,,,,,,,,,,,,,
4913,80773.212,,,,,,Frage 1,,,,,,1.0,1411.0,-1.0,1307.0,-1.0,0.8782694871167605,0.8266348364577902,80790.66099999996,520.1551513671875,519.7183837890625,0.6708415746688842,0.2539863288402557,0.5045604705810546,0.2599400281906127,0.0,0.0,1.0,0.7505656108597284,0.4845016705204446,1359.0,,519.936767578125,,,,,,,,,,,,,,,,,,,,
4914,80789.8601,,,,,,Frage 1,,,,,,1.0,1427.0,-1.0,1367.0,-1.0,0.8803363970863558,0.8609349388813301,80807.31599999998,521.2493896484375,520.7457275390625,0.6694411635398864,0.2541930675506591,0.5032326579093933,0.260552704334259,0.0,0.0,1.0,0.7720588235294117,0.4914690440883258,1397.0,,520.99755859375,,,,,,,,,,,,,,,,,,,,
4915,80806.5156,,,,,,Frage 1,,,,,,1.0,1439.0,-1.0,1360.0,-1.0,0.8817667586957498,0.8558435019230151,80823.96999999997,520.5044555664064,519.9624633789064,0.6690293550491333,0.2541801929473877,0.5027267932891845,0.2608960568904876,0.0,0.0,1.0,0.773472850678733,0.4919267032132244,1399.5,,520.233459472656,,,,,,,,,,,,,,,,,,,,
4916,80823.1709,,,,,,Frage 1,,,,,,1.0,1442.0,-1.0,1358.0,-1.0,0.8808156805575664,0.855447114406008,80840.625,520.519775390625,519.930419921875,0.6682731509208679,0.2540197372436523,0.5019031763076782,0.2610811293125152,0.0,0.0,1.0,0.7737556561085972,0.49201825861677206,1400.0,,520.22509765625,,,,,,,,,,,,,,,,,,,,
4917,80839.8242,,,,,,Frage 1,,,,,,1.0,1431.0,-1.0,1361.0,-1.0,0.8798121807897196,0.8597082802138349,80857.28000000003,520.3391723632812,519.7261352539064,0.6677731871604919,0.2532569766044616,0.5013906955718994,0.2602952420711517,0.0,0.0,1.0,0.7714932126696832,0.49128564288597365,1396.0,,520.032653808594,,,,,,,,,,,,,,,,,,,,
4918,80856.4794,,,,,,Frage 1,,,,,,1.0,1433.0,-1.0,1360.0,-1.0,0.8791906100379931,0.8554256880537373,80873.934,520.9431762695312,520.2882690429688,0.6670559644699096,0.2535584568977356,0.5006642937660217,0.2610036730766296,0.0,0.0,1.0,0.7717760180995474,0.4913768053368136,1396.5,,520.61572265625,,,,,,,,,,,,,,,,,,,,
4919,80873.1335,,,,,,Frage 1,,,,,,1.0,1439.0,-1.0,1358.0,-1.0,0.8535847831810788,0.8519305143395863,80890.58900000004,520.6163940429688,519.9400024414064,0.6669038534164428,0.2533573806285858,0.5004661083221436,0.2611194550991058,0.0,0.0,1.0,0.7729072398190044,0.4917421050087425,1398.5,,520.278198242188,,,,,,,,,,,,,,,,,,,,
4920,80889.7896,,,,,,Frage 1,,,,,,1.0,1437.0,-1.0,1347.0,-1.0,0.8783518639633747,0.8544373975552532,80907.24400000006,520.89990234375,520.2001953125,0.6665535569190979,0.2531827092170715,0.5001033544540405,0.2612081468105316,0.0,0.0,1.0,0.7692307692307692,0.49055202134452963,1392.0,,520.550048828125,,,,,,,,,,,,,,,,,,,,
4921,80906.4434,,,,,,Frage 1,,,,,,1.0,1427.0,-1.0,1338.0,-1.0,0.8548589813640572,0.8532643047684347,80923.89800000003,520.3930053710938,519.6849975585938,0.6666156649589537,0.2530683279037475,0.5001348853111267,0.2612867653369903,0.0,0.0,1.0,0.7638574660633483,0.48881018476601074,1382.5,,520.039001464844,,,,,,,,,,,,,,,,,,,,
4922,80923.0974,,,,,,Frage 1,,,,,,1.0,1426.0,-1.0,1350.0,-1.0,0.876564536018652,0.84944505747619,80940.55300000006,520.8944091796875,520.178955078125,0.6664993166923522,0.2528848946094512,0.5000318884849548,0.2612725794315338,0.0,0.0,1.0,0.7669683257918551,0.48981841789980685,1388.0,,520.536682128906,,,,,,,,,,,,,,,,,,,,
4923,80939.7534,,,,,,Frage 1,,,,,,1.0,1429.0,-1.0,1362.0,-1.0,0.8756184504166273,0.8516278671137633,80957.20799999998,520.8438110351562,520.135498046875,0.6666775941848754,0.2525409460067749,0.5001975297927856,0.2609249055385589,0.0,0.0,1.0,0.7712104072398189,0.491193035772219,1395.5,,520.489654541016,,,,,,,,,,,,,,,,,,,,
4924,80956.4062,,,,,,Frage 1,,,,,,1.0,1428.0,-1.0,1350.0,-1.0,0.8747697192696918,0.8649148838156048,80973.86199999996,521.0061645507812,520.2998046875,0.6668443083763121,0.2526297867298126,0.500366985797882,0.2612009346485137,0.0,0.0,1.0,0.7675339366515836,0.49000322241633487,1389.0,,520.652984619141,,,,,,,,,,,,,,,,,,,,
4925,80973.0614,,,,,,Frage 1,,,,,,1.0,1439.0,-1.0,1362.0,-1.0,0.8516254908207421,0.84989233257984,80990.51699999998,520.5894165039064,519.8950805664064,0.6672635674476624,0.252520203590393,0.500759482383728,0.2611792981624603,0.0,0.0,1.0,0.7740384615384615,0.4921083408081598,1400.5,,520.242248535156,,,,,,,,,,,,,,,,,,,,
4926,80980.1943,,,,,,Frage 1,1.0,1.29442763328552,29.4038423267978,1.16076791286469,202.71484375,,,,,,0.6585048574425887,0.6495113533451946,,,,,,,,,,,0.37959439571535225,0.3642823432120883,,,,,,,,,,,,,,,,,,,,,,,
4927,80989.7179,,,,,,Frage 1,,,,,,1.0,1433.0,-1.0,1360.0,-1.0,0.8713673058777128,0.8462927053983694,81007.17200000002,520.3966674804688,519.7152709960938,0.6676032543182373,0.2525847554206848,0.5010840892791748,0.2612601816654205,0.0,0.0,1.0,0.7717760180995474,0.4913755965453755,1396.5,,520.055969238281,,,,,,,,,,,,,,,,,,,,
4928,81006.3702,,,,,,Frage 1,,,,,,1.0,1423.0,-1.0,1352.0,-1.0,0.868721261713738,0.8444500391030929,81023.826,520.109130859375,519.4412841796875,0.6679545044898986,0.2527491152286529,0.5014297366142272,0.2614264190196991,0.0,0.0,1.0,0.7666855203619909,0.48972601033719426,1387.5,,519.775207519531,,,,,,,,,,,,,,,,,,,,
4929,81023.0266,,,,,,Frage 1,,,,,,1.0,1424.0,-1.0,1349.0,-1.0,0.8677976425244259,0.8442384538744202,81040.48100000003,520.0114135742188,519.359130859375,0.6683135032653807,0.2530397474765777,0.5017876029014587,0.2617183625698089,0.0,0.0,1.0,0.7661199095022623,0.4895427013757903,1386.5,,519.685272216797,,,,,,,,,,,,,,,,,,,,
4930,81039.6805,,,,,,Frage 1,,,,,,1.0,1417.0,-1.0,1335.0,-1.0,0.8659678780223566,0.8534250024104647,81057.13600000004,520.2155151367188,519.5742797851562,0.6685361266136169,0.2533612847328186,0.5020105838775634,0.2620563507080078,0.0,0.0,1.0,0.760180995475113,0.48761940402276427,1376.0,,519.894897460938,,,,,,,,,,,,,,,,,,,,
4931,81056.3363,,,,,,Frage 1,,,,,,1.0,1419.0,-1.0,1366.0,-1.0,0.8654985796234629,0.8437108299497552,81073.79099999997,520.192626953125,519.566650390625,0.6688271760940551,0.2533566951751709,0.5022695660591125,0.2619581222534179,0.0,0.0,1.0,0.7695135746606334,0.49064210817635456,1392.5,,519.879638671875,,,,,,,,,,,,,,,,,,,,
4932,81072.9902,,,,,,Frage 1,,,,,,1.0,1421.0,-1.0,1366.0,-1.0,0.8636563337809976,0.8437108299497552,81090.44500000007,520.6007690429688,519.9822387695312,0.6689465641975402,0.253655195236206,0.5024048089981079,0.2622977793216705,0.0,0.0,1.0,0.7700791855203619,0.4908253033634651,1393.5,,520.29150390625,,,,,,,,,,,,,,,,,,,,
4933,81089.6444,,,,,,Frage 1,,,,,,1.0,1449.0,-1.0,1423.0,-1.0,0.86460990818726,0.8100586086189895,81107.09999999996,519.464111328125,518.84765625,0.6690698862075805,0.2535594999790191,0.5024539828300476,0.2620184123516082,0.0,0.0,1.0,0.7941176470588234,0.4986102312512142,1436.0,,519.155883789063,,,,,,,,,,,,,,,,,,,,
4934,81106.3004,,,,,,Frage 1,,,,,,1.0,1509.0,-1.0,1413.0,-1.0,0.8623258228947723,0.8334877816226179,81123.755,519.1709594726562,518.549560546875,0.6689007878303527,0.2535986304283142,0.5022463202476501,0.2618982195854187,0.0,0.0,1.0,0.8082579185520361,0.5031939984525106,1461.0,,518.860260009766,,,,,,,,,,,,,,,,,,,,
4935,81122.9534,,,,,,Frage 1,,,,,,1.0,1517.0,-1.0,1419.0,-1.0,0.8591605549703195,0.8314656696270744,81140.40899999999,520.0699462890625,519.4521484375,0.668789267539978,0.2536635398864746,0.502116858959198,0.261887103319168,0.0,0.0,1.0,0.8122171945701355,0.5044764775099946,1468.0,,519.761047363281,,,,,,,,,,,,,,,,,,,,
4936,81139.6096,,,,,,Frage 1,,,,,,1.0,1512.0,-1.0,1424.0,-1.0,0.8582594021937204,0.8312781890447061,81157.06400000001,520.4832153320312,519.8726196289064,0.6688489317893981,0.2537330389022827,0.5021553635597229,0.2618945240974426,0.0,0.0,1.0,0.8122171945701355,0.5044764281208861,1468.0,,520.177917480469,,,,,,,,,,,,,,,,,,,,
4937,81156.2643,,,,,,Frage 1,,,,,,1.0,1505.0,-1.0,1419.0,-1.0,0.8587037379118221,0.8305737977138085,81173.71900000003,520.7483520507812,520.1422729492188,0.6688700318336486,0.2537289559841156,0.5021502375602722,0.2618252336978912,0.0,0.0,1.0,0.8088235294117646,0.503376831730179,1462.0,,520.4453125,,,,,,,,,,,,,,,,,,,,
4938,81172.9173,,,,,,Frage 1,,,,,,1.0,1517.0,-1.0,1427.0,-1.0,0.8584665924442958,0.8329628359919866,81190.37300000002,520.7072143554688,520.1095581054688,0.6690446138381958,0.2537261247634887,0.502288281917572,0.2617710828781127,0.0,0.0,1.0,0.8144796380090498,0.505209635365611,1472.0,,520.408386230469,,,,,,,,,,,,,,,,,,,,
4939,81189.5731,,,,,,Frage 1,,,,,,1.0,1523.0,-1.0,1433.0,-1.0,0.8364997133995196,0.834122537308636,81207.02800000005,520.7356567382812,520.1438598632812,0.669175386428833,0.253700852394104,0.5023893117904663,0.2617296874523162,0.0,0.0,1.0,0.8178733031674207,0.5063085648555921,1478.0,,520.439758300781,,,,,,,,,,,,,,,,,,,,
4940,81206.227,,,,,,Frage 1,,,,,,1.0,1514.0,-1.0,1442.0,-1.0,0.8577551560417177,0.8334368940359749,81223.68299999996,520.4647827148438,519.8815307617188,0.6694341897964478,0.2535796165466308,0.5026237368583679,0.261617362499237,0.0,0.0,1.0,0.8178733031674207,0.5063091989544587,1478.0,,520.173156738281,,,,,,,,,,,,,,,,,,,,
4941,81222.8819,,,,,,Frage 1,,,,,,1.0,1516.0,-1.0,1440.0,-1.0,0.8583467715764932,0.833723471497595,81240.33700000006,521.2678833007812,520.6985473632812,0.6696063876152037,0.2532383501529693,0.5028185248374939,0.261271595954895,0.0,0.0,1.0,0.8178733031674207,0.5063092483706364,1478.0,,520.983215332031,,,,,,,,,,,,,,,,,,,,
4942,81239.5374,,,,,,Frage 1,,,,,,1.0,1344.0,-1.0,1440.0,-1.0,0.8677427246266831,0.8389113270411279,81256.99199999998,517.3832397460938,516.9065551757812,0.6725187301635742,0.2515175938606262,0.5055181384086608,0.2596258819103241,0.0,0.0,1.0,0.7692307692307692,0.4905500556819386,1392.0,,517.144897460938,,,,,,,,,,,,,,,,,,,,
4943,81256.1913,,,,,,Frage 1,,,,,,1.0,1235.0,-1.0,-1.0,-1.0,0.8714197275073766,0.0,81273.64699999998,517.31689453125,-1.0,0.6746777892112731,0.2508838176727294,-1.0,-1.0,0.0,4.0,1.0,0.6804298642533936,0.46169174843543287,1235.0,,517.31689453125,,,,,,,,,,,,,,,,,,,,
4944,81272.847,,,,,,Frage 1,,,,,,1.0,620.0,573.0,-1.0,-1.0,0.8487336432034112,0.8399121270841938,81290.30099999996,517.3045043945312,-1.0,0.6762481331825256,0.251112163066864,-1.0,-1.0,0.0,4.0,1.0,0.3325791855203619,0.5294667913938259,620.0,573.0,517.304504394531,,,,,,,,,,,,,,,,,,,,
4945,81289.5008,,,,,,Frage 1,,,,,,1.0,620.0,573.0,476.0,537.0,0.856241611186742,0.8611063496994954,81306.956,517.3120727539064,516.8970947265625,0.6754333972930908,0.2506733238697052,0.5076326727867126,0.2601661682128906,0.0,0.0,1.0,0.29185520361990946,0.5126286248830683,548.0,555.0,517.104583740234,168.629760758282,,,,,,,,,,158.0,158.0,81281.1739,81331.13835,49.9644499999995,4.04632619051402,168.629760758282,,-4671.33320417992,240.164460899738
4946,81306.1571,,,,,,Frage 1,,,,,,1.0,524.0,446.0,462.0,472.0,0.8524455938372134,0.8430991645353293,81323.61100000003,518.5953979492188,518.4851684570312,0.6807324886322021,0.2456761449575424,0.51376873254776,0.2539139688014984,0.0,0.0,1.0,0.2607466063348416,0.3258025501732103,493.0,459.0,518.540283203125,116.057965691686,-3156.27090449789,,,,,,,,,158.0,158.0,81281.1739,81331.13835,49.9644499999995,4.04632619051402,168.629760758282,,-4671.33320417992,240.164460899738
4947,81322.8124,,,,,,Frage 1,,,,,,1.0,524.0,446.0,455.0,460.0,0.8524455938372134,0.8464947400247346,81340.26600000006,518.7279663085938,518.7332153320312,0.6826183795928955,0.2452441602945327,0.5158697962760925,0.2527563273906707,0.0,0.0,1.0,0.2587669683257918,0.4172123479887745,489.5,453.0,518.730590820313,38.255509776115,-4671.33320417992,,,,,,,,,158.0,158.0,81281.1739,81331.13835,49.9644499999995,4.04632619051402,168.629760758282,,-4671.33320417992,240.164460899738
4948,81339.4643,,,,,,Frage 1,,,,,,1.0,-1.0,-1.0,453.0,454.0,0.0,0.8474416935388835,81356.92000000003,-1.0,518.7100830078125,-1.0,-1.0,0.5173513293266296,0.2521142959594726,4.0,0.0,1.0,0.23812217194570132,0.4181478016838166,453.0,454.0,518.710083007813,15.7161910829544,-1353.55837430833,,,,,,,,,,,,,,,,,,
4949,81356.1203,,,,,,Frage 1,,,,,,1.0,548.0,434.0,446.0,444.0,0.8565719249721667,0.8495407273601356,81373.57500000007,518.4342041015625,518.609375,0.6855113506317138,0.2451511174440383,0.5189297795295715,0.251549869775772,0.0,0.0,1.0,0.2630090497737556,0.4041159962581852,497.0,439.0,518.521789550781,41.5624749288154,1551.7701636575,,,,,,,,,159.0,159.0,81347.7923,81364.4472,16.6548999999941,,41.5624749288154,1551.7701636575,,
4950,81372.7741,,,,,,Frage 1,,,,,,1.0,546.0,444.0,446.0,450.0,0.85001922126421,0.8402986833506529,81390.22999999998,518.5435791015625,518.8045654296875,0.6873836517333984,0.2445138841867446,0.520516812801361,0.2507091760635376,0.0,0.0,1.0,0.2624434389140271,0.41159962581852194,496.0,447.0,518.674072265625,13.3928483856881,-1691.48341778616,122.0,121.0,506.5,452.1,81364.4472,81447.72055,83.2733500000031,0.245906656000948,,,,,,,,,,
4951,81389.4304,,,,,,Frage 1,,,,,,1.0,552.0,452.0,457.0,449.0,0.851359717222752,0.8437483260662288,81406.88399999996,517.72265625,518.0494384765625,0.6890303492546082,0.2442730963230133,0.521902322769165,0.2503373920917511,0.0,0.0,1.0,0.2672511312217194,0.32791002930335383,504.5,450.5,517.886047363281,13.7141703538755,19.2913172905988,122.0,121.0,506.5,452.1,81364.4472,81447.72055,83.2733500000031,0.245906656000948,,,,,,,,,,
4952,81406.0837,,,,,,Frage 1,,,,,,1.0,548.0,460.0,465.0,453.0,0.8492279042830968,0.8412387645565281,81423.53899999999,518.2958374023438,518.6650390625,0.6898167729377745,0.2441171705722808,0.5225586295127868,0.2500525414943695,0.0,0.0,1.0,0.2683823529411764,0.4204864359214218,506.5,456.5,518.480438232422,7.63208577835173,-365.217979350749,122.0,121.0,506.5,452.1,81364.4472,81447.72055,83.2733500000031,0.245906656000948,,,,,,,,,,
4953,81422.7395,,,,,,Frage 1,,,,,,1.0,547.0,459.0,475.0,451.0,0.8453586887603034,0.8361741105385514,81440.19400000003,517.7739868164064,518.1932983398438,0.6909974813461303,0.2440244853496551,0.5235935449600219,0.2498258352279663,0.0,0.0,1.0,0.2709276018099547,0.4190832553788587,511.0,455.0,517.983642578125,9.22426639336845,95.5931636437378,122.0,121.0,506.5,452.1,81364.4472,81447.72055,83.2733500000031,0.245906656000948,,,,,,,,,,
4954,81439.3927,,,,,,Frage 1,,,,,,1.0,551.0,461.0,478.0,442.0,0.8441430062057226,0.8359839516621493,81456.848,517.8112182617188,518.2703247070312,0.6918213367462158,0.2439344078302383,0.5243195295333862,0.2496134489774704,0.0,0.0,1.0,0.2729072398190045,0.4158091674462114,514.5,451.5,518.040771484375,22.0217117992204,768.467646209225,122.0,121.0,506.5,452.1,81364.4472,81447.72055,83.2733500000031,0.245906656000948,,,,,,,,,,
4955,81456.0484,,,,,,Frage 1,,,,,,1.0,538.0,446.0,466.0,423.0,0.843855935376612,0.8370807913367435,81473.50300000001,517.569580078125,518.0726928710938,0.6927850842475891,0.2436963617801666,0.5251978635787963,0.2492421716451644,0.0,0.0,1.0,0.26583710407239813,0.39990645463049573,502.0,434.5,517.821136474609,48.5191934668481,1590.89570943418,,,,,,,,,160.0,160.0,81447.72055,81481.03035,33.3097999999882,1.03130154292619,48.5191934668481,1590.89570943418,-523.260745868121,213.424811182604
4956,81472.7039,,,,,,Frage 1,,,,,,1.0,520.0,419.0,434.0,417.0,0.8427600736898337,0.8368410057529757,81490.15800000005,518.0366821289064,518.5762939453125,0.6933417320251464,0.2435472756624221,0.5256956815719604,0.2488652020692825,0.0,0.0,1.0,0.2516968325791855,0.38447146866230114,477.0,418.0,518.306488037109,39.804024114045,-523.260745868121,,,,,,,,,160.0,160.0,81447.72055,81481.03035,33.3097999999882,1.03130154292619,48.5191934668481,1590.89570943418,-523.260745868121,213.424811182604
4957,81489.3568,,,,,,Frage 1,,,,,,1.0,518.0,415.0,418.0,406.0,0.8443676703328525,0.8325985880033855,81506.81200000003,517.8649291992188,518.4420776367188,0.6940827369689941,0.2435990571975708,0.5263459682464598,0.2487105578184127,0.0,0.0,1.0,0.2466063348416289,0.3774555659494854,468.0,410.5,518.153503417969,16.4996347163349,-1399.41928419127,123.0,122.0,469.40625,396.5,81481.03035,82013.98135,532.951000000016,0.556939177778219,,,,,,,,,,
4958,81506.0127,,,,,,Frage 1,,,,,,1.0,515.0,409.0,421.0,398.0,0.8441330211334056,0.8331342468101519,81523.46700000006,518.0035400390625,518.6110229492188,0.694610595703125,0.243580624461174,0.5268118381500244,0.2485172748565673,0.0,0.0,1.0,0.2466063348416289,0.37090739008419077,468.0,403.5,518.307281494141,7.0656303008979,-566.406163307292,123.0,122.0,469.40625,396.5,81481.03035,82013.98135,532.951000000016,0.556939177778219,,,,,,,,,,
4959,81522.6667,,,,,,Frage 1,,,,,,1.0,516.0,407.0,426.0,401.0,0.8432992675949457,0.8339002389038279,81540.12199999997,517.8203125,518.4591674804688,0.6952412724494934,0.2435410767793655,0.5273815393447876,0.2483123540878295,0.0,0.0,1.0,0.2483031674208144,0.3713751169317118,471.0,404.0,518.139739990234,6.32070540746363,-44.7294880169626,123.0,122.0,469.40625,396.5,81481.03035,82013.98135,532.951000000016,0.556939177778219,,,,,,,,,,
4960,81539.3213,,,,,,Frage 1,,,,,,1.0,522.0,402.0,425.0,398.0,0.8428923758980325,0.8339109520799631,81556.77600000007,518.13134765625,518.7945556640625,0.6956024765968322,0.2435281425714492,0.5276811718940734,0.2481306046247482,0.0,0.0,1.0,0.2497171945701357,0.36763330215154344,473.5,400.0,518.462951660156,8.90344105890269,155.076414410429,123.0,122.0,469.40625,396.5,81481.03035,82013.98135,532.951000000016,0.556939177778219,,,,,,,,,,
4961,81555.9763,,,,,,Frage 1,,,,,,1.0,525.0,408.0,434.0,408.0,0.8419712529767998,0.8361660756564498,81573.43099999998,517.9393310546875,518.6275634765625,0.6960843205451965,0.2434817999601364,0.5280950665473938,0.2479077726602554,0.0,0.0,1.0,0.2531108597285068,0.3751169317118802,479.5,408.0,518.283447265625,15.4544034796194,393.333078397906,123.0,122.0,469.40625,396.5,81481.03035,82013.98135,532.951000000016,0.556939177778219,,,,,,,,,,
4962,81572.6309,,,,,,Frage 1,,,,,,1.0,522.0,411.0,438.0,418.0,0.8408404435369123,0.8358071842559165,81590.08600000001,518.4872436523438,519.1887817382812,0.6961637139320374,0.2434832155704498,0.5281644463539124,0.2477824538946151,0.0,0.0,1.0,0.25339366515837103,0.3811973807296538,480.0,414.5,518.838012695313,8.61975151277811,-410.376230401065,123.0,122.0,469.40625,396.5,81481.03035,82013.98135,532.951000000016,0.556939177778219,,,,,,,,,,
4963,81589.286,,,,,,Frage 1,,,,,,1.0,519.0,412.0,431.0,419.0,0.837103440326622,0.8373177420909977,81606.74100000004,518.4115600585938,519.1240844726562,0.6964150667190551,0.2434096187353134,0.5283672213554382,0.2476730346679687,0.0,0.0,1.0,0.2505656108597285,0.3821328344246959,475.0,415.5,518.767822265625,4.7660222272364,-231.384337863132,123.0,122.0,469.40625,396.5,81481.03035,82013.98135,532.951000000016,0.556939177778219,,,,,,,,,,
4964,81605.9391,,,,,,Frage 1,,,,,,1.0,519.0,414.0,431.0,414.0,0.8372260345721321,0.8373980909120129,81623.39500000003,518.6382446289064,519.3562622070312,0.6964814662933348,0.2433000802993774,0.5284189581871032,0.2475470155477523,0.0,0.0,1.0,0.2505656108597285,0.38072965388213276,475.0,414.0,518.997253417969,2.95726872815354,-108.61362143275,123.0,122.0,469.40625,396.5,81481.03035,82013.98135,532.951000000016,0.556939177778219,,,,,,,,,,
4965,81622.5956,,,,,,Frage 1,,,,,,1.0,518.0,409.0,432.0,428.0,0.8408429398049916,0.8406736445153895,81640.05000000003,519.0829467773438,519.8112182617188,0.6965607404708862,0.2431528866291046,0.528504192829132,0.2473390847444534,0.0,0.0,1.0,0.2505656108597285,0.3849391955098222,475.0,418.5,519.447082519531,11.6603283525573,522.502303869667,123.0,122.0,469.40625,396.5,81481.03035,82013.98135,532.951000000016,0.556939177778219,,,,,,,,,,
4966,81639.2506,,,,,,Frage 1,,,,,,1.0,507.0,403.0,420.0,416.0,0.841085077808676,0.8405236600494949,81656.70500000006,519.5962524414064,520.3347778320312,0.6966484189033508,0.2430104315280914,0.5285897850990295,0.247155025601387,0.0,0.0,1.0,0.36046603116493114,0.3765201122544434,463.5,409.5,519.965515136719,26.8952394307594,914.734979177618,123.0,122.0,469.40625,396.5,81481.03035,82013.98135,532.951000000016,0.556939177778219,,,,,,,,,,
4967,81655.9037,,,,,,Frage 1,,,,,,1.0,505.0,400.0,413.0,391.0,0.8405708465843565,0.8358714633127284,81673.35900000005,519.502197265625,520.2452392578125,0.6967561244964598,0.2429289072751998,0.5286570191383361,0.2470453381538391,0.0,0.0,1.0,0.24151583710407235,0.363423760523854,459.0,395.5,519.873718261719,16.6323705284182,-616.27378099836,123.0,122.0,469.40625,396.5,81481.03035,82013.98135,532.951000000016,0.556939177778219,,,,,,,,,,
4968,81672.5591,,,,,,Frage 1,,,,,,1.0,505.0,401.0,413.0,385.0,0.839529902795321,0.8339296578408095,81690.01399999997,519.2325439453125,519.9818115234375,0.6969587802886962,0.2428366392850875,0.5288260579109191,0.2469405233860015,0.0,0.0,1.0,0.24151583710407235,0.3610851262862488,459.0,393.0,519.607177734375,5.05732424310574,-694.97257858173,123.0,122.0,469.40625,396.5,81481.03035,82013.98135,532.951000000016,0.556939177778219,,,,,,,,,,
4969,81689.2133,,,,,,Frage 1,,,,,,1.0,504.0,406.0,407.0,377.0,0.8387660447630793,0.8339966574890458,81706.66899999998,519.2509765625,520.0079345703125,0.6971105933189392,0.2427207380533218,0.5289665460586547,0.2468021512031555,0.0,0.0,1.0,0.3540236654687869,0.3596819457436856,455.5,391.5,519.629455566406,4.96723001909135,-5.40969989638437,123.0,122.0,469.40625,396.5,81481.03035,82013.98135,532.951000000016,0.556939177778219,,,,,,,,,,
4970,81705.868,,,,,,Frage 1,,,,,,1.0,502.0,402.0,406.0,387.0,0.833032206557465,0.8325664484749794,81723.32299999997,519.0609130859375,519.82861328125,0.6973538398742675,0.242699310183525,0.5291926264762878,0.2467302680015564,0.0,0.0,1.0,0.23868778280542982,0.36248830682881195,454.0,394.5,519.444763183594,9.8237815418856,291.60246193534,123.0,122.0,469.40625,396.5,81481.03035,82013.98135,532.951000000016,0.556939177778219,,,,,,,,,,
4971,81722.5237,,,,,,Frage 1,,,,,,1.0,509.0,407.0,404.0,396.0,0.8380246531435505,0.834743901524485,81739.978,519.039306640625,519.8176879882812,0.697567880153656,0.2427018582820892,0.5293993949890136,0.2466936111450195,0.0,0.0,1.0,0.357977757560327,0.3690364826941066,456.5,401.5,519.428497314453,3.67672602366932,-369.066176637138,123.0,122.0,469.40625,396.5,81481.03035,82013.98135,532.951000000016,0.556939177778219,,,,,,,,,,
4972,81739.1778,,,,,,Frage 1,,,,,,1.0,512.0,405.0,399.0,391.0,0.8353436612264665,0.8303167457481025,81756.63300000003,518.7090454101562,519.50146484375,0.69792240858078,0.2426941096782684,0.5297321081161499,0.2466402947902679,0.0,0.0,1.0,0.23953619909502258,0.3657623947614593,455.5,398.0,519.105255126953,7.814686244814,248.464955845392,123.0,122.0,469.40625,396.5,81481.03035,82013.98135,532.951000000016,0.556939177778219,,,,,,,,,,
4973,81755.8329,,,,,,Frage 1,,,,,,1.0,509.0,399.0,398.0,389.0,0.8330570796658996,0.8264090504911992,81773.28700000001,518.6088256835938,519.4169311523438,0.698244571685791,0.2427301555871963,0.5300394296646118,0.2466097772121429,0.0,0.0,1.0,0.23840497737556557,0.3620205799812909,453.5,394.0,519.012878417969,6.53504574247061,-76.8317513761091,123.0,122.0,469.40625,396.5,81481.03035,82013.98135,532.951000000016,0.556939177778219,,,,,,,,,,
4974,81772.4868,,,,,,Frage 1,,,,,,1.0,499.0,404.0,400.0,385.0,0.8314419942186432,0.8265001124883494,81789.94200000005,518.5313720703125,519.3527221679688,0.6985252499580383,0.2427371740341186,0.5303281545639038,0.2465841770172119,0.0,0.0,1.0,0.23614253393665155,0.36248830682881195,449.5,394.5,518.942047119141,6.89764309772396,21.7725190647988,123.0,122.0,469.40625,396.5,81481.03035,82013.98135,532.951000000016,0.556939177778219,,,,,,,,,,
4975,81789.1428,,,,,,Frage 1,,,,,,1.0,500.0,403.0,399.0,373.0,0.8318039530901304,0.8273357402269051,81806.59700000007,518.6611938476562,519.498779296875,0.6988304853439331,0.2428053468465805,0.53064626455307,0.2466231882572174,0.0,0.0,1.0,0.23614253393665155,0.317828576927341,449.5,388.0,519.079986572266,4.83677483767343,-123.731283624532,123.0,122.0,469.40625,396.5,81481.03035,82013.98135,532.951000000016,0.556939177778219,,,,,,,,,,
4976,81805.7975,,,,,,Frage 1,,,,,,1.0,504.0,405.0,399.0,375.0,0.8299592109795856,0.8237146866931639,81823.25100000003,518.752197265625,519.60546875,0.6991170644760131,0.2428936958312988,0.5309342741966246,0.2466603815555572,0.0,0.0,1.0,0.23727375565610856,0.3582787652011225,451.5,390.0,519.178833007813,3.86579090390105,-58.3008960697238,123.0,122.0,469.40625,396.5,81481.03035,82013.98135,532.951000000016,0.556939177778219,,,,,,,,,,
4977,81822.4507,,,,,,Frage 1,,,,,,1.0,501.0,405.0,402.0,378.0,0.8291254574411255,0.8221907373879135,81839.90600000006,518.72119140625,519.591796875,0.699444591999054,0.2430154830217361,0.5312607288360595,0.2467027604579925,0.0,0.0,1.0,0.23727375565610856,0.3596819457436856,451.5,391.5,519.156494140625,16.8414197723659,779.167299285684,123.0,122.0,469.40625,396.5,81481.03035,82013.98135,532.951000000016,0.556939177778219,,,,,,,,,,
4978,81839.1072,,,,,,Frage 1,,,,,,1.0,516.0,399.0,422.0,375.0,0.8278224055037718,0.8216818615214854,81856.56099999999,519.3119506835938,520.1898803710938,0.6994102001190186,0.2431641966104507,0.5312488675117492,0.2467806190252304,0.0,0.0,1.0,0.2471719457013574,0.35547240411599623,469.0,387.0,519.750915527344,27.4238105673663,635.330999609885,123.0,122.0,469.40625,396.5,81481.03035,82013.98135,532.951000000016,0.556939177778219,,,,,,,,,,
4979,81855.76,,,,,,Frage 1,,,,,,1.0,524.0,402.0,437.0,379.0,0.8278898047419111,0.8221612761535413,81873.21600000001,519.5750122070312,520.4635620117188,0.6995245814323425,0.2432134300470352,0.5313813090324401,0.2467601597309112,0.0,0.0,1.0,0.2536764705882353,0.35874649204864356,480.5,390.5,520.019287109375,12.2637177256008,-910.362992515907,123.0,122.0,469.40625,396.5,81481.03035,82013.98135,532.951000000016,0.556939177778219,,,,,,,,,,
4980,81872.4156,,,,,,Frage 1,,,,,,1.0,522.0,400.0,441.0,368.0,0.8284963978851617,0.8227585357230859,81889.86999999998,519.4290771484375,520.3323974609375,0.6998300552368164,0.243356630206108,0.5316871404647827,0.2468383163213729,0.0,0.0,1.0,0.2542420814479638,0.3236921937560243,481.5,384.0,519.880737304688,4.67859809640155,-455.409569706289,123.0,122.0,469.40625,396.5,81481.03035,82013.98135,532.951000000016,0.556939177778219,,,,,,,,,,
4981,81889.071,,,,,,Frage 1,,,,,,1.0,521.0,399.0,443.0,373.0,0.829434994682949,0.822903829099596,81906.52500000001,519.2402954101562,520.1553955078125,0.7000775933265686,0.2434135228395462,0.5319344997406005,0.2468255907297134,0.0,0.0,1.0,0.25452488687782804,0.3545369504209541,482.0,386.0,519.697845458984,4.12967506653728,-32.9576611708012,123.0,122.0,469.40625,396.5,81481.03035,82013.98135,532.951000000016,0.556939177778219,,,,,,,,,,
4982,81905.724,,,,,,Frage 1,,,,,,1.0,527.0,399.0,441.0,376.0,0.8281194614051993,0.8215774080541659,81923.18000000005,519.3515014648438,520.2742919921875,0.700166642665863,0.2434367388486862,0.5320279598236084,0.2467813491821289,0.0,0.0,1.0,0.3540014172553953,0.3559401309635173,484.0,387.5,519.812896728516,5.6861139100946,93.4629702490113,123.0,122.0,469.40625,396.5,81481.03035,82013.98135,532.951000000016,0.556939177778219,,,,,,,,,,
4983,81922.3794,,,,,,Frage 1,,,,,,1.0,530.0,402.0,438.0,381.0,0.8253860478584517,0.8191420932786458,81939.83400000003,519.1843872070312,520.1139526367188,0.7003247141838073,0.2433968037366867,0.5321713089942932,0.246696725487709,0.0,0.0,1.0,0.25565610859728505,0.3596819457436856,484.0,391.5,519.649169921875,7.06523493013189,82.803236189886,123.0,122.0,469.40625,396.5,81481.03035,82013.98135,532.951000000016,0.556939177778219,,,,,,,,,,
4984,81939.033,,,,,,Frage 1,,,,,,1.0,525.0,405.0,440.0,384.0,0.8249866449657762,0.8197588464051938,81956.48900000006,519.3272094726562,520.2581176757812,0.7003058195114135,0.2433332502841949,0.5321680903434753,0.2466215193271637,0.0,0.0,1.0,0.2548076923076923,0.36248830682881195,482.5,394.5,519.792663574219,0.675003081496826,-383.714743277051,123.0,122.0,469.40625,396.5,81481.03035,82013.98135,532.951000000016,0.556939177778219,,,,,,,,,,
4985,81955.6896,,,,,,Frage 1,,,,,,1.0,520.0,400.0,447.0,382.0,0.8254071114324164,0.8243306943209454,81973.14399999997,519.2433471679688,520.1752319335938,0.7003524303436279,0.2433283776044845,0.5322282910346984,0.246630921959877,0.0,0.0,1.0,0.2553733031674208,0.3592142188961646,483.5,391.0,519.709289550781,6.87388519152458,372.157709858373,123.0,122.0,469.40625,396.5,81481.03035,82013.98135,532.951000000016,0.556939177778219,,,,,,,,,,
4986,81972.3433,,,,,,Frage 1,,,,,,1.0,524.0,399.0,446.0,377.0,0.8263071707796845,0.8234066828792733,81989.79800000007,519.297119140625,520.22900390625,0.7003335356712341,0.2432857453823089,0.5322099924087524,0.2465797364711761,0.0,0.0,1.0,0.3539411191928563,0.3564078578110383,485.0,388.0,519.763061523438,10.8105787501773,236.385521454925,123.0,122.0,469.40625,396.5,81481.03035,82013.98135,532.951000000016,0.556939177778219,,,,,,,,,,
4987,81988.9977,,,,,,Frage 1,,,,,,1.0,530.0,398.0,436.0,362.0,0.8262946894392884,0.8182616800402815,82006.45299999998,519.2201538085938,520.1521606445312,0.7003466486930847,0.2432821094989776,0.5322135686874389,0.2465638369321823,0.0,0.0,1.0,0.25509049773755654,0.3489242282507015,483.0,380.0,519.686157226563,10.0512423278727,-45.5937423325966,123.0,122.0,469.40625,396.5,81481.03035,82013.98135,532.951000000016,0.556939177778219,,,,,,,,,,
4988,82003.65,,,,,,Frage 1,1.0,3.8181471824646,29.4009613322106,0.955117225646973,202.71484375,,,,,,0.6585048574425887,0.6495113533451946,,,,,,,,,,,0.37959439571535225,0.3642823432120883,,,,,,,,,,,,,,,,,,,,,,,
4989,82005.6535,,,,,,Frage 1,,,,,,1.0,529.0,395.0,436.0,361.0,0.826052551435604,0.8176376375303988,82023.108,519.0755004882812,520.0081787109375,0.7003910541534423,0.2432806342840194,0.5322451591491699,0.2465530335903167,0.0,0.0,1.0,0.2548076923076923,0.34705332086061735,482.5,378.0,519.541839599609,6.27840396742875,-226.517991357095,123.0,122.0,469.40625,396.5,81481.03035,82013.98135,532.951000000016,0.556939177778219,,,,,,,,,,
4990,82022.3092,,,,,,Frage 1,,,,,,1.0,531.0,398.0,448.0,360.0,0.8252487531140946,0.8195258348242503,82039.762,518.2142944335938,519.1387329101562,0.7004136443138121,0.2433168143033981,0.5322266221046447,0.246585801243782,0.0,0.0,1.0,0.2587669683257918,0.34798877455565946,489.5,379.0,518.676513671875,52.7726849953614,2791.49366450671,,,,,,,,,161.0,161.0,82013.98135,82047.2893,33.3079500000022,1.65638570406031,62.2157474703204,2791.49366450671,,9.5600964808863
4991,82038.961,,,,,,Frage 1,,,,,,1.0,575.0,406.0,499.0,368.0,0.8272158123605211,0.8203480710926369,82056.41700000002,518.2296752929688,519.1376953125,0.7000313997268676,0.243275910615921,0.5318562984466552,0.2465357482433319,0.0,0.0,1.0,0.28563348416289586,0.35547240411599623,537.0,387.0,518.683685302734,62.2157474703204,567.089592414233,,,,,,,,,161.0,161.0,82013.98135,82047.2893,33.3079500000022,1.65638570406031,62.2157474703204,2791.49366450671,,9.5600964808863
4992,82055.6176,,,,,,Frage 1,,,,,,1.0,592.0,401.0,516.0,370.0,0.820832780668713,0.8189285752547059,82073.07200000003,519.255126953125,520.1615600585938,0.6997405290603637,0.2433193922042846,0.5316147804260253,0.246567279100418,0.0,0.0,1.0,0.2952488687782805,0.35406922357343307,554.0,385.5,519.708343505859,16.6776465796289,-2733.93735160152,124.0,123.0,554.666666666667,377.291666666667,82047.2893,82646.85805,599.568749999991,0.264145109467785,,,,,,,,,,
4993,82072.2703,,,,,,Frage 1,,,,,,1.0,593.0,395.0,515.0,374.0,0.8290880134199374,0.8182241839238079,82089.72600000001,519.449951171875,520.3624877929688,0.6998224854469299,0.2433652877807617,0.5316800475120544,0.2465954273939132,0.0,0.0,1.0,0.2952488687782805,0.35313376987839096,554.0,384.5,519.906219482422,9.44648981777248,-434.23329321094,124.0,123.0,554.666666666667,377.291666666667,82047.2893,82646.85805,599.568749999991,0.264145109467785,,,,,,,,,,
4994,82088.9269,,,,,,Frage 1,,,,,,1.0,581.0,390.0,508.0,385.0,0.8300915131877844,0.8204766292062609,82106.38100000005,519.333251953125,520.2448120117188,0.6998175978660583,0.2434412837028503,0.5316385626792907,0.2466447055339813,0.0,0.0,1.0,0.2898755656108597,0.3559401309635173,544.5,387.5,519.789031982422,9.75649221465082,18.6113850892923,124.0,123.0,554.666666666667,377.291666666667,82047.2893,82646.85805,599.568749999991,0.264145109467785,,,,,,,,,,
4995,82105.5818,,,,,,Frage 1,,,,,,1.0,583.0,387.0,505.0,379.0,0.8300790318473883,0.8212961871806135,82123.03599999996,519.3488159179688,520.2572631835938,0.6997526288032531,0.24354287981987,0.5315531492233276,0.246744617819786,0.0,0.0,1.0,0.28959276018099545,0.35173058933582785,544.0,383.0,519.803039550781,14.2594479557879,270.368224434771,124.0,123.0,554.666666666667,377.291666666667,82047.2893,82646.85805,599.568749999991,0.264145109467785,,,,,,,,,,
4996,82122.2356,,,,,,Frage 1,,,,,,1.0,592.0,386.0,511.0,364.0,0.8260225962186531,0.8199650750457989,82139.69099999998,519.2108154296875,520.114501953125,0.699706494808197,0.2436438053846359,0.5314817428588867,0.2468701750040054,0.0,0.0,1.0,0.29383484162895923,0.3442469597754911,551.5,375.0,519.662658691406,12.0222361848567,-134.336413967453,124.0,123.0,554.666666666667,377.291666666667,82047.2893,82646.85805,599.568749999991,0.264145109467785,,,,,,,,,,
4997,82138.8906,,,,,,Frage 1,,,,,,1.0,589.0,385.0,514.0,362.0,0.8262497566138624,0.8201471990400995,82156.34499999997,519.43017578125,520.3251342773438,0.699483036994934,0.2437129765748977,0.531257688999176,0.2469613701105117,0.0,0.0,1.0,0.29383484162895923,0.3428437792329279,551.5,373.5,519.877655029297,10.54509523878,-88.6905401427115,124.0,123.0,554.666666666667,377.291666666667,82047.2893,82646.85805,599.568749999991,0.264145109467785,,,,,,,,,,
4998,82155.5446,,,,,,Frage 1,,,,,,1.0,594.0,391.0,521.0,377.0,0.8274454690238096,0.8169005181585709,82173.0,519.4678955078125,520.3544311523438,0.699316382408142,0.2437788844108581,0.531075119972229,0.2470583915710449,0.0,0.0,1.0,0.29722850678733026,0.3526660430308699,557.5,384.0,519.911163330078,13.0295141144292,149.178508205234,124.0,123.0,554.666666666667,377.291666666667,82047.2893,82646.85805,599.568749999991,0.264145109467785,,,,,,,,,,
4999,82172.199,,,,,,Frage 1,,,,,,1.0,604.0,398.0,519.0,367.0,0.8272457675774718,0.8240414385652914,82189.65500000003,519.6148681640625,520.4912109375,0.6991172432899475,0.2438867688179016,0.5308539271354675,0.2472226172685623,0.0,0.0,1.0,0.2994909502262443,0.3512628624883068,561.5,382.5,520.053039550781,10.6418457993547,-143.365615997848,124.0,123.0,554.666666666667,377.291666666667,82047.2893,82646.85805,599.568749999991,0.264145109467785,,,,,,,,,,
5000,82188.855,,,,,,Frage 1,,,,,,1.0,605.0,397.0,514.0,350.0,0.8281494166221501,0.8205409082630728,82206.309,519.6121215820312,520.4777221679688,0.6989152431488037,0.244035467505455,0.5306311249732971,0.2474086433649063,0.0,0.0,1.0,0.29835972850678727,0.3428437792329279,559.5,373.5,520.044921875,2.4362250912271,-492.652540113249,124.0,123.0,554.666666666667,377.291666666667,82047.2893,82646.85805,599.568749999991,0.264145109467785,,,,,,,,,,
5001,82205.5087,,,,,,Frage 1,,,,,,1.0,604.0,400.0,516.0,361.0,0.8284414799874189,0.8175947697523761,82222.96400000004,519.4735107421875,520.330810546875,0.6988001465797424,0.2440981864929199,0.5304821729660034,0.2475017756223678,0.0,0.0,1.0,0.2986425339366515,0.3493919550982226,560.0,380.5,519.902160644531,15.1426964210137,762.981879689141,124.0,123.0,554.666666666667,377.291666666667,82047.2893,82646.85805,599.568749999991,0.264145109467785,,,,,,,,,,
5002,82222.1643,,,,,,Frage 1,,,,,,1.0,595.0,397.0,519.0,380.0,0.8299367445668726,0.8224826714376012,82239.61900000006,519.4343872070312,520.2825317382812,0.698641300201416,0.2442193329334259,0.5303012728691101,0.2476575076580047,0.0,0.0,1.0,0.296945701357466,0.35687558465855934,557.0,388.5,519.858459472656,3.44131464658071,-702.549399267166,124.0,123.0,554.666666666667,377.291666666667,82047.2893,82646.85805,599.568749999991,0.264145109467785,,,,,,,,,,
5003,82238.8183,,,,,,Frage 1,,,,,,1.0,597.0,395.0,516.0,367.0,0.8303336511914688,0.8225282024361764,82256.27300000003,519.1823120117188,520.0247192382812,0.6986142992973327,0.2443396002054214,0.530238389968872,0.2478149533271789,0.0,0.0,1.0,0.29666289592760176,0.34985968194574363,556.5,381.0,519.603515625,14.9512535507085,691.121586653733,124.0,123.0,554.666666666667,377.291666666667,82047.2893,82646.85805,599.568749999991,0.264145109467785,,,,,,,,,,
5004,82255.4735,,,,,,Frage 1,,,,,,1.0,593.0,396.0,512.0,352.0,0.8295173715295634,0.8224505319091951,82272.92800000006,519.1430053710938,519.9779663085938,0.6985087990760803,0.2444269955158233,0.530113399028778,0.2479568570852279,0.0,0.0,1.0,0.29440045248868774,0.34331150608044897,552.5,374.0,519.560485839844,9.49552238500897,-327.569237577548,124.0,123.0,554.666666666667,377.291666666667,82047.2893,82646.85805,599.568749999991,0.264145109467785,,,,,,,,,,
5005,82272.1282,,,,,,Frage 1,,,,,,1.0,587.0,392.0,508.0,362.0,0.8296272073250492,0.8229245899531834,82289.58299999998,518.9487915039064,519.780517578125,0.6985012292861938,0.2445415705442428,0.5300741791725158,0.2480841428041458,0.0,0.0,1.0,0.2915723981900452,0.34611786716557524,547.5,377.0,519.364654541016,12.2572877228965,165.824982610632,124.0,123.0,554.666666666667,377.291666666667,82047.2893,82646.85805,599.568749999991,0.264145109467785,,,,,,,,,,
5006,82288.7816,,,,,,Frage 1,,,,,,1.0,590.0,392.0,504.0,378.0,0.8285712859275384,0.8230049387741983,82306.23699999996,518.719482421875,519.5474853515625,0.6984646916389465,0.2446831613779068,0.5300045013427734,0.2482047975063324,0.0,0.0,1.0,0.29128959276018096,0.353601496725912,547.0,385.0,519.133483886719,8.61689406305917,-218.597623298445,124.0,123.0,554.666666666667,377.291666666667,82047.2893,82646.85805,599.568749999991,0.264145109467785,,,,,,,,,,
5007,82305.4374,,,,,,Frage 1,,,,,,1.0,591.0,390.0,508.0,381.0,0.8293251588874633,0.8237736091619082,82322.89199999998,518.6067504882812,519.4287719726562,0.698374032974243,0.2448677420616149,0.5298924446105957,0.2484017610549926,0.0,0.0,1.0,0.2927036199095022,0.35406922357343307,549.5,385.5,519.017761230469,6.66556939578526,-117.155865660894,124.0,123.0,554.666666666667,377.291666666667,82047.2893,82646.85805,599.568749999991,0.264145109467785,,,,,,,,,,
5008,82322.0918,,,,,,Frage 1,,,,,,1.0,590.0,387.0,514.0,374.0,0.8312997069381276,0.8251448957072303,82339.54700000002,518.3345947265625,519.1480102539064,0.6982977390289306,0.245169922709465,0.5297839641571044,0.2487570792436599,0.0,0.0,1.0,0.2941176470588235,0.3493919550982226,552.0,380.5,518.741302490234,9.17658305868258,150.771787809672,124.0,123.0,554.666666666667,377.291666666667,82047.2893,82646.85805,599.568749999991,0.264145109467785,,,,,,,,,,
5009,82338.7473,,,,,,Frage 1,,,,,,1.0,590.0,388.0,516.0,366.0,0.8319137888856161,0.8260715854429362,82356.201,518.5021362304688,519.3008422851562,0.698010504245758,0.2454241216182708,0.5294855237007141,0.2490974813699722,0.0,0.0,1.0,0.294683257918552,0.34611786716557524,553.0,377.0,518.901489257813,2.74438940820061,-386.190366574337,124.0,123.0,554.666666666667,377.291666666667,82047.2893,82646.85805,599.568749999991,0.264145109467785,,,,,,,,,,
5010,82355.4016,,,,,,Frage 1,,,,,,1.0,595.0,398.0,505.0,359.0,0.8335163929924765,0.8249467019487268,82372.85600000003,518.3524780273438,519.1346435546875,0.697780966758728,0.2456592321395874,0.5292133092880249,0.2494419813156127,0.0,0.0,1.0,0.2929864253393665,0.3475210477081384,550.0,378.5,518.743560791016,4.20002840500642,87.4031929775657,124.0,123.0,554.666666666667,377.291666666667,82047.2893,82646.85805,599.568749999991,0.264145109467785,,,,,,,,,,
5011,82372.055,,,,,,Frage 1,,,,,,1.0,601.0,390.0,502.0,356.0,0.8353236910818327,0.8259430273293124,82389.51100000004,518.184814453125,518.9530029296875,0.6975951194763182,0.2459301203489303,0.528973877429962,0.2497993260622024,0.0,0.0,1.0,0.29383484162895923,0.34237605238540686,551.5,373.0,518.568908691406,9.17551431694593,298.766973227138,124.0,123.0,554.666666666667,377.291666666667,82047.2893,82646.85805,599.568749999991,0.264145109467785,,,,,,,,,,
5012,82388.7114,,,,,,Frage 1,,,,,,1.0,606.0,386.0,506.0,357.0,0.8360975341863915,0.8266661667184471,82406.16599999997,517.9478759765625,518.7007446289064,0.6973835229873657,0.2461967319250106,0.5287035703659057,0.2501315474510192,0.0,0.0,1.0,0.2963800904977375,0.34097287184284375,556.0,371.5,518.324310302734,3.88278239530824,-317.759655245757,124.0,123.0,554.666666666667,377.291666666667,82047.2893,82646.85805,599.568749999991,0.264145109467785,,,,,,,,,,
5013,82405.3639,,,,,,Frage 1,,,,,,1.0,604.0,387.0,507.0,359.0,0.8371235003669515,0.8258132246987997,82422.82000000007,517.7181396484375,518.4573364257812,0.6971979737281799,0.2463820129632949,0.528462529182434,0.2503779828548431,0.0,0.0,1.0,0.29609728506787325,0.34237605238540686,555.5,373.0,518.087738037109,2.69148421457913,-71.5386987376887,124.0,123.0,554.666666666667,377.291666666667,82047.2893,82646.85805,599.568749999991,0.264145109467785,,,,,,,,,,
5014,82422.0212,,,,,,Frage 1,,,,,,1.0,598.0,385.0,512.0,363.0,0.8345972770707792,0.8240601866235285,82439.47499999996,517.5993041992188,518.3236083984375,0.6969674229621887,0.2464960664510726,0.5281866788864135,0.2505617439746856,0.0,0.0,1.0,0.295814479638009,0.34331150608044897,555.0,374.0,517.961456298828,1.74490518014341,-56.8266786595287,124.0,123.0,554.666666666667,377.291666666667,82047.2893,82646.85805,599.568749999991,0.264145109467785,,,,,,,,,,
5015,82438.6759,,,,,,Frage 1,,,,,,1.0,594.0,387.0,514.0,357.0,0.82735617072148,0.8252868452910236,82456.13,517.3942260742188,518.1058349609375,0.696810245513916,0.246634230017662,0.5279754996299743,0.2507743537425994,0.0,0.0,1.0,0.2952488687782805,0.3414405986903648,554.0,372.0,517.750030517578,8.12536995798493,383.102954591908,124.0,123.0,554.666666666667,377.291666666667,82047.2893,82646.85805,599.568749999991,0.264145109467785,,,,,,,,,,
5016,82455.3282,,,,,,Frage 1,,,,,,1.0,593.0,385.0,510.0,348.0,0.8378574031822427,0.8269581007681348,82472.78399999999,517.416748046875,518.1161499023438,0.6966034770011901,0.2467949837446212,0.5277198553085327,0.2509982883930206,0.0,0.0,1.0,0.29383484162895923,0.33629560336763326,551.5,366.5,517.766448974609,3.78506790702107,-260.64279714895,124.0,123.0,554.666666666667,377.291666666667,82047.2893,82646.85805,599.568749999991,0.264145109467785,,,,,,,,,,
5017,82471.9842,,,,,,Frage 1,,,,,,1.0,594.0,380.0,508.0,359.0,0.8397595594586095,0.8284311624867428,82489.43900000001,517.3313598632812,518.02099609375,0.6964691281318665,0.2468537092208862,0.5275370478630065,0.251115083694458,0.0,0.0,1.0,0.293552036199095,0.33910196445275953,551.0,369.5,517.676177978516,10.9108628898358,427.821504731844,124.0,123.0,554.666666666667,377.291666666667,82047.2893,82646.85805,599.568749999991,0.264145109467785,,,,,,,,,,
5018,82488.6388,,,,,,Frage 1,,,,,,1.0,599.0,388.0,511.0,366.0,0.8302230106350742,0.8284177710165733,82506.09400000003,517.32861328125,518.0067749023438,0.6963022947311401,0.2469625324010849,0.5273270606994628,0.2513109743595123,0.0,0.0,1.0,0.295814479638009,0.34611786716557524,555.0,377.0,517.667694091797,16.9652350744207,363.525523554269,124.0,123.0,554.666666666667,377.291666666667,82047.2893,82646.85805,599.568749999991,0.264145109467785,,,,,,,,,,
5019,82505.2933,,,,,,Frage 1,,,,,,1.0,604.0,400.0,517.0,368.0,0.8393002461320327,0.8277830153305551,82522.74800000002,517.200439453125,517.8692626953125,0.696210205554962,0.2470934689044952,0.5271821022033691,0.2515242397785186,0.0,0.0,1.0,0.2989253393665158,0.3526660430308699,560.5,384.0,517.534851074219,7.34722091904688,-577.502426093332,124.0,123.0,554.666666666667,377.291666666667,82047.2893,82646.85805,599.568749999991,0.264145109467785,,,,,,,,,,
5020,82521.9484,,,,,,Frage 1,,,,,,1.0,610.0,395.0,515.0,361.0,0.8425004618095947,0.830694273402118,82539.40300000005,516.9747924804688,517.6334838867188,0.6960780024528503,0.247367039322853,0.5269988775253295,0.2518300414085388,0.0,0.0,1.0,0.3000565610859728,0.34705332086061735,562.5,378.0,517.304138183594,9.13087921313936,107.093820757225,124.0,123.0,554.666666666667,377.291666666667,82047.2893,82646.85805,599.568749999991,0.264145109467785,,,,,,,,,,
5021,82538.6019,,,,,,Frage 1,,,,,,1.0,611.0,390.0,513.0,360.0,0.8436512413941158,0.8299283288516547,82556.05799999996,516.822509765625,517.4712524414064,0.6959433555603027,0.2475841790437698,0.5268107056617736,0.2520892024040222,0.0,0.0,1.0,0.29977375565610853,0.3442469597754911,562.0,375.0,517.146881103516,3.75513123227621,-322.799890765487,124.0,123.0,554.666666666667,377.291666666667,82047.2893,82646.85805,599.568749999991,0.264145109467785,,,,,,,,,,
5022,82555.2577,,,,,,Frage 1,,,,,,1.0,606.0,393.0,516.0,356.0,0.8437485958492055,0.8297113870349143,82572.71200000006,516.5596313476562,517.1956787109375,0.6957959532737731,0.2477689683437347,0.5266135334968566,0.2523473799228668,0.0,0.0,1.0,0.29920814479638,0.34377923292797,561.0,374.5,516.877655029297,4.50538367383551,45.0445155176547,124.0,123.0,554.666666666667,377.291666666667,82047.2893,82646.85805,599.568749999991,0.264145109467785,,,,,,,,,,
5023,82571.9117,,,,,,Frage 1,,,,,,1.0,606.0,386.0,517.0,355.0,0.8438184913554236,0.8303059683104251,82589.36699999998,516.4683837890625,517.0908203125,0.6955860257148742,0.2479779124259948,0.5263677239418029,0.2526324093341827,0.0,0.0,1.0,0.2994909502262443,0.34003741814780164,561.5,370.5,516.779602050781,3.89910252411188,-36.4045364311164,124.0,123.0,554.666666666667,377.291666666667,82047.2893,82646.85805,599.568749999991,0.264145109467785,,,,,,,,,,
5024,82588.5675,,,,,,Frage 1,,,,,,1.0,601.0,384.0,513.0,365.0,0.8424180849629804,0.8304613093643873,82606.02199999998,516.3185424804688,516.9259033203125,0.6953813433647155,0.2481458932161331,0.5261228680610656,0.2529030740261077,0.0,0.0,1.0,0.296945701357466,0.34377923292797,557.0,374.5,516.622222900391,11.2930620827234,443.927013929567,124.0,123.0,554.666666666667,377.291666666667,82047.2893,82646.85805,599.568749999991,0.264145109467785,,,,,,,,,,
5025,82605.222,,,,,,Frage 1,,,,,,1.0,596.0,394.0,510.0,362.0,0.8425553797073376,0.8313692510418564,82622.67599999996,516.1782836914064,516.7709350585938,0.6951913833618164,0.2482323497533798,0.5259009599685668,0.2531094849109649,0.0,0.0,1.0,0.294683257918552,0.34705332086061735,553.0,378.0,516.474609375,4.50540307032448,-407.557057396087,124.0,123.0,554.666666666667,377.291666666667,82047.2893,82646.85805,599.568749999991,0.264145109467785,,,,,,,,,,
5026,82621.8757,,,,,,Frage 1,,,,,,1.0,599.0,388.0,514.0,352.0,0.8429747527446468,0.8319075881426568,82639.331,516.2492065429688,516.828369140625,0.6949644684791564,0.2483943551778793,0.5256511569023132,0.253370314836502,0.0,0.0,1.0,0.29666289592760176,0.3395696913002806,556.5,370.0,516.538787841797,15.5555577463499,663.525503402781,124.0,123.0,554.666666666667,377.291666666667,82047.2893,82646.85805,599.568749999991,0.264145109467785,,,,,,,,,,
5027,82638.5312,,,,,,Frage 1,,,,,,1.0,605.0,380.0,518.0,350.0,0.8438983719339588,0.831966510611401,82655.98600000003,516.0641479492188,516.6350708007812,0.6948898434638977,0.2485041618347168,0.5255382657051086,0.2535492479801178,0.0,0.0,1.0,0.2994909502262443,0.3348924228250701,561.5,365.0,516.349609375,5.52252124354726,-602.385788646788,124.0,123.0,554.666666666667,377.291666666667,82047.2893,82646.85805,599.568749999991,0.264145109467785,,,,,,,,,,
5028,82655.1849,,,,,,Frage 1,,,,,,1.0,599.0,383.0,513.0,368.0,0.8434740063604912,0.8315540533301908,82672.64100000006,515.9994506835938,516.5614624023438,0.6947482824325562,0.2486527264118194,0.5253642797470092,0.2537364363670349,0.0,0.0,1.0,0.2963800904977375,0.34471468662301213,556.0,375.5,516.280456542969,84.649903034114,4751.33944952708,,,,,,,,,162.0,162.0,82646.85805,82696.8224,49.9643500000093,5.68229844034912,387.52656554757,13343.4191174937,,85.2941890032493
5029,82671.841,,,,,,Frage 1,,,,,,1.0,589.0,448.0,510.0,449.0,0.8464021288174182,0.8352822386252853,82689.29500000003,515.9572143554688,516.5072021484375,0.6945475935935974,0.2495608329772949,0.5252323746681213,0.2547586560249328,0.0,0.0,1.0,0.2927036199095022,0.4130028063610851,549.5,448.5,516.232208251953,165.297257513434,4841.91104035661,,,,,,,,,162.0,162.0,82646.85805,82696.8224,49.9643500000093,5.68229844034912,387.52656554757,13343.4191174937,,85.2941890032493
5030,82688.4956,,,,,,Frage 1,,,,,,1.0,585.0,483.0,554.0,596.0,0.8455783603512751,0.8426234425720194,82705.95000000007,515.5894165039064,516.12890625,0.6942645907402037,0.2517918348312377,0.5251986384391784,0.2569711804389953,0.0,0.0,1.0,0.3040158371040724,0.4981290926099158,569.5,539.5,515.859161376953,387.52656554757,13343.4191174937,,,,,,,,,162.0,162.0,82646.85805,82696.8224,49.9643500000093,5.68229844034912,387.52656554757,13343.4191174937,,85.2941890032493
5031,82705.1492,,,,,,Frage 1,,,,,,1.0,-1.0,-1.0,629.0,825.0,0.0,0.8614947023344011,82722.60499999998,-1.0,516.142578125,-1.0,-1.0,0.5231411457061766,0.2577509880065918,4.0,0.0,1.0,0.5195717280962052,0.765201122544434,629.0,825.0,516.142578125,,,,,,,,,,,,,,,,,,,,
5032,82721.8047,,,,,,Frage 1,,,,,,1.0,693.0,-1.0,636.0,-1.0,0.8401190220620174,0.841096814972735,82739.25899999996,515.6846313476562,516.1526489257812,0.6917588114738464,0.2532596886157989,0.5232293009757994,0.2575997710227966,0.0,0.0,1.0,0.3577488687782805,0.3572303921710789,664.5,,515.918640136719,,,,,,,,,,,,,,,,,,,,
5033,82738.4584,,,,,,Frage 1,,,,,,1.0,712.0,-1.0,631.0,-1.0,0.8449218418464397,0.8370017033950058,82755.91399999999,514.5857543945312,515.100830078125,0.6931009888648986,0.2566751539707183,0.5249781608581543,0.2613190710544586,0.0,0.0,1.0,0.36170814479638,0.3585129202039382,671.5,,514.843292236328,,,,,,,,,,,,,,,,,,,,
5034,82755.1136,,,,,,Frage 1,,,,,,1.0,730.0,-1.0,614.0,-1.0,0.8455783603512751,0.8331449599862875,82772.56900000003,514.417236328125,514.9190673828125,0.6929506063461303,0.2564203143119812,0.5250436067581176,0.261319875717163,0.0,0.0,1.0,0.3619909502262443,0.3586041693256734,672.0,,514.668151855469,,,,,,,,,,,,,,,,,,,,
5035,82771.7686,,,,,,Frage 1,,,,,,1.0,745.0,-1.0,622.0,-1.0,0.8424754991288025,0.8285249027779266,82789.223,514.1046752929688,514.5963134765625,0.6929189562797546,0.2563703954219818,0.5251494050025939,0.2615120410919189,0.0,0.0,1.0,0.36849547511312214,0.3607110339007904,683.5,,514.350494384766,,,,,,,,,,,,,,,,,,,,
5036,82788.4221,,,,,,Frage 1,,,,,,1.0,748.0,-1.0,634.0,-1.0,0.8436612264664329,0.8311764138714205,82805.87800000001,513.5424194335938,514.0228271484375,0.6928958892822265,0.2562556266784668,0.5251795649528503,0.2615693509578704,0.0,0.0,1.0,0.3727375565610859,0.36208577122832847,691.0,,513.782623291016,,,,,,,,,,,,,,,,,,,,
5037,82805.0779,,,,,,Frage 1,,,,,,1.0,739.0,-1.0,629.0,-1.0,0.8329521117550697,0.830881801527699,82822.53300000005,513.371337890625,513.8355712890625,0.692692220211029,0.2561964392662048,0.5250040888786315,0.2616854012012481,0.0,0.0,1.0,0.36877828054298634,0.36080259097917666,684.0,,513.603454589844,,,,,,,,,,,,,,,,,,,,
5038,82821.7318,,,,,,Frage 1,,,,,,1.0,743.0,-1.0,618.0,-1.0,0.8448893903614098,0.8276839184513033,82839.18700000003,513.018310546875,513.4671630859375,0.6925700902938842,0.256110280752182,0.5248690843582153,0.2617863118648529,0.0,0.0,1.0,0.36679864253393657,0.3601612576381862,680.5,,513.242736816406,,,,,,,,,,,,,,,,,,,,
5039,82838.3865,,,,,,Frage 1,,,,,,1.0,748.0,-1.0,619.0,-1.0,0.845059136590797,0.8261064032653762,82855.84200000006,512.6531982421875,513.0886840820312,0.6924735903739929,0.256067156791687,0.5247301459312439,0.2618888914585113,0.0,0.0,1.0,0.36849547511312214,0.3607108682872038,683.5,,512.870941162109,,,,,,,,,,,,,,,,,,,,
5040,82855.0427,,,,,,Frage 1,,,,,,1.0,745.0,-1.0,627.0,-1.0,0.8429772490127261,0.828982891057712,82872.49699999997,511.5304870605469,511.9471740722656,0.6924031376838684,0.2563828229904174,0.5245775580406189,0.2623206079006195,0.0,0.0,1.0,0.3699095022624434,0.3611692389532479,686.0,,511.738830566406,,,,,,,,,,,,,,,,,,,,
5041,82871.6951,,,,,,Frage 1,,,,,,1.0,793.0,-1.0,675.0,-1.0,0.8408029995157241,0.8267920465380373,82889.15100000007,512.1342163085938,512.5083618164064,0.691399097442627,0.2569547295570373,0.5237263441085815,0.263089895248413,0.0,0.0,1.0,0.3970588235294117,0.3699652425466652,734.0,,512.3212890625,,,,,,,,,,,,,,,,,,,,
5042,82888.351,,,,,,Frage 1,,,,,,1.0,823.0,-1.0,711.0,-1.0,0.8437261294364926,0.8209078345457078,82905.80599999998,513.4715576171875,513.8110961914064,0.6904131174087524,0.2569235861301422,0.5227903127670288,0.2631763219833374,0.0,0.0,1.0,0.4157239819004524,0.37601218662542446,767.0,,513.641326904297,,,,,,,,,,,,,,,,,,,,
5043,82905.0059,,,,,,Frage 1,,,,,,1.0,833.0,-1.0,701.0,-1.0,0.8463322333111999,0.8247029771916483,82922.46100000001,513.1005859375,513.4371948242188,0.6905954480171203,0.2570969760417938,0.5229323506355285,0.263555496931076,0.0,0.0,1.0,0.4157239819004524,0.37601266753174784,767.0,,513.268890380859,,,,,,,,,,,,,,,,,,,,
5044,82921.6614,,,,,,Frage 1,,,,,,1.0,828.0,-1.0,701.0,-1.0,0.8423856334779506,0.8207411014884809,82939.11600000004,512.9783935546875,513.290283203125,0.6901569366455078,0.2570928633213043,0.5223228335380554,0.2635777294635772,0.0,0.0,1.0,0.41430995475113114,0.37555398400909307,764.5,,513.134338378906,,,,,,,,,,,,,,,,,,,,
5045,82938.315,,,,,,Frage 1,,,,,,1.0,820.0,-1.0,701.0,-1.0,0.841399607586658,0.8199962169231687,82955.77000000003,513.0670776367188,513.3060913085938,0.6893236637115479,0.2581348419189453,0.5209799408912658,0.2654302418231964,0.0,0.0,1.0,0.4120475113122171,0.3748208485869689,760.5,,513.186584472656,,,,,,,,,,,,,,,,,,,,
5046,82954.9695,,,,,,Frage 1,,,,,,1.0,825.0,-1.0,701.0,-1.0,0.8432168907483313,0.823154923240093,82972.42500000003,513.086181640625,513.3333740234375,0.689576506614685,0.2571176290512085,0.521069347858429,0.2643983662128448,0.0,0.0,1.0,0.4134615384615384,0.3752793779765931,763.0,,513.209777832031,,,,,,,,,,,,,,,,,,,,
5047,82971.6254,,,,,,Frage 1,,,,,,1.0,823.0,-1.0,-1.0,-1.0,0.03386347384696087,0.0,82989.08000000006,513.135009765625,-1.0,0.6888217329978942,0.2576973140239715,-1.0,-1.0,0.0,4.0,1.0,0.4473981900452488,0.38616234983695785,823.0,,513.135009765625,,,,,,,,,,,,,,,,,,,,
5048,82988.2786,,,,,,Frage 1,,,,,,1.0,815.0,-1.0,690.0,-1.0,0.8423781446737129,0.8277455192140817,83005.73400000005,513.1657104492188,513.4052734375,0.6898626685142517,0.2575212717056274,0.5212638974189758,0.2653790712356567,0.0,0.0,1.0,0.3531881660250355,0.3557514247444184,752.5,,513.285491943359,,,,,,,,,,,,,,,,,,,,
5049,83004.9346,,,,,,Frage 1,,,,,,1.0,817.0,-1.0,696.0,-1.0,0.8421484880104246,0.826015341268226,83022.38899999997,512.7546997070312,512.9783935546875,0.6894269585609436,0.257304161787033,0.5209602713584899,0.2650189101696014,0.0,0.0,1.0,0.4097850678733031,0.37408847371043746,756.5,,512.866546630859,,,,,,,,,,,,,,,,,,,,
5050,83013.0098,,,,,,Frage 1,1.0,0.539928376674652,29.4004529214011,0.967510640621185,202.71484375,,,,,,0.6585048574425887,0.6495113533451946,,,,,,,,,,,0.37959439571535225,0.3642823432120883,,,,,,,,,,,,,,,,,,,,,,,
5051,83021.5895,,,,,,Frage 1,,,,,,1.0,820.0,-1.0,697.0,-1.0,0.8426752005751402,0.8278606858575361,83039.04399999998,512.7637939453125,512.9813232421875,0.6891977787017822,0.2574390769004821,0.520829439163208,0.2650971412658691,0.0,0.0,1.0,0.353172814878754,0.35574647284318817,758.5,,512.87255859375,,,,,,,,,,,,,,,,,,,,
5052,83038.2422,,,,,,Frage 1,,,,,,1.0,808.0,-1.0,694.0,-1.0,0.8291964938587825,0.8269393527098979,83055.69799999997,511.9953918457031,512.2156982421875,0.6893728971481323,0.2576735913753509,0.5210708379745483,0.2653234601020813,0.0,0.0,1.0,0.4066742081447963,0.37308023016397823,751.0,,512.105545043945,,,,,,,,,,,,,,,,,,,,
5053,83054.8985,,,,,,Frage 1,,,,,,1.0,802.0,-1.0,681.0,-1.0,0.8434989690412834,0.8251690003535348,83072.353,511.5940246582031,511.8145446777344,0.6894376873970031,0.2578589618206024,0.5211768150329589,0.2655094563961029,0.0,0.0,1.0,0.40130090497737547,0.3713395857429966,741.5,,511.704284667969,,,,,,,,,,,,,,,,,,,,
5054,83071.5526,,,,,,Frage 1,,,,,,1.0,798.0,-1.0,673.0,-1.0,0.8427950214429429,0.8272071821132811,83089.00800000003,511.332275390625,511.55126953125,0.6894360780715942,0.2579887807369232,0.5211960673332214,0.2656282782554626,0.0,0.0,1.0,0.39790723981900444,0.3702402362782302,735.5,,511.441772460938,,,,,,,,,,,,,,,,,,,,
5055,83088.2072,,,,,,Frage 1,,,,,,1.0,799.0,-1.0,681.0,-1.0,0.845059136590797,0.8244310465404858,83105.66200000001,511.39691162109375,511.614990234375,0.6893954277038574,0.2583159804344177,0.5211532115936279,0.2659515142440795,0.0,0.0,1.0,0.4004524886877827,0.3710646763399731,740.0,,511.505950927734,,,,,,,,,,,,,,,,,,,,
5056,83104.8632,,,,,,Frage 1,,,,,,1.0,795.0,-1.0,674.0,-1.0,0.8448893903614098,0.8266875930707177,83122.31700000005,511.1940307617188,511.41842651367193,0.6895335912704467,0.2585183680057525,0.5212941765785217,0.2661009728908538,0.0,0.0,1.0,0.39734162895927594,0.37005699545766496,734.5,,511.306228637695,,,,,,,,,,,,,,,,,,,,
5057,83121.5164,,,,,,Frage 1,,,,,,1.0,797.0,-1.0,682.0,-1.0,0.8438359652319782,0.8287070267722272,83138.97200000007,511.3753662109375,511.60549926757807,0.6895883083343505,0.2588401436805725,0.5213799476623535,0.2663961946964263,0.0,0.0,1.0,0.40016968325791846,0.3709734519846445,739.5,,511.490432739258,,,,,,,,,,,,,,,,,,,,
5058,83138.1716,,,,,,Frage 1,,,,,,1.0,793.0,-1.0,674.0,-1.0,0.8447021702554682,0.8302952551342897,83155.62600000003,511.88088989257807,512.112548828125,0.6894899010658264,0.2590348124504089,0.5212941765785217,0.2665591239929199,0.0,0.0,1.0,0.39677601809954743,0.36987410786204195,733.5,,511.996719360352,,,,,,,,,,,,,,,,,,,,
5059,83154.8269,,,,,,Frage 1,,,,,,1.0,789.0,-1.0,668.0,-1.0,0.8459528005631581,0.8305818325959098,83172.28100000006,512.3078002929688,512.5427856445312,0.6894513964653015,0.2592844069004058,0.5212517380714417,0.2667727470397949,0.0,0.0,1.0,0.3939479638009049,0.36895789753949737,728.5,,512.42529296875,,,,,,,,,,,,,,,,,,,,
5060,83171.48,,,,,,Frage 1,,,,,,1.0,796.0,-1.0,674.0,-1.0,0.847787557601386,0.8315647665063262,83188.93599999999,512.5800170898438,512.8173217773438,0.689462661743164,0.2595409452915191,0.5212495923042297,0.267043262720108,0.0,0.0,1.0,0.3976244343891402,0.37014922667064964,735.0,,512.698669433594,,,,,,,,,,,,,,,,,,,,
5061,83188.136,,,,,,Frage 1,,,,,,1.0,792.0,-1.0,679.0,-1.0,0.8469812630117975,0.8312781890447061,83205.59100000001,512.7999877929688,513.03857421875,0.6894913911819458,0.2596835196018219,0.5212599039077758,0.2672348618507385,0.0,0.0,1.0,0.39790723981900444,0.3702407982911962,735.5,,512.919281005859,,,,,,,,,,,,,,,,,,,,
5062,83204.7888,,,,,,Frage 1,,,,,,1.0,786.0,-1.0,688.0,-1.0,0.8478349866948912,0.8327726771155844,83222.24499999998,512.744873046875,512.9876708984375,0.6896242499351501,0.2598685026168823,0.5213931798934937,0.2674596309661865,0.0,0.0,1.0,0.3987556561085972,0.3705158664240703,737.0,,512.866271972656,,,,,,,,,,,,,,,,,,,,
5063,83221.4451,,,,,,Frage 1,,,,,,1.0,788.0,-1.0,679.0,-1.0,0.8491080834152942,0.8316290455631382,83238.90000000001,512.8372802734375,513.08447265625,0.6897189021110534,0.259959191083908,0.5214964151382446,0.2675756216049194,0.0,0.0,1.0,0.39677601809954743,0.3698743926900137,733.5,,512.960876464844,,,,,,,,,,,,,,,,,,,,
5064,83238.1002,,,,,,Frage 1,,,,,,1.0,797.0,-1.0,680.0,-1.0,0.8482443746598836,0.8302202629013425,83255.55500000005,512.55615234375,512.812255859375,0.6899937987327575,0.2598630487918853,0.5217554569244384,0.2674908638000488,0.0,0.0,1.0,0.39960407239818996,0.3707904992233789,738.5,,512.684204101563,,,,,,,,,,,,,,,,,,,,
5065,83254.7532,,,,,,Frage 1,,,,,,1.0,797.0,-1.0,686.0,-1.0,0.8463971362812596,0.8308148441768533,83272.20900000003,512.6318969726562,512.86669921875,0.6890788078308105,0.2616405487060546,0.5210384130477905,0.2688580155372619,0.0,0.0,1.0,0.40130090497737547,0.3713402686819274,741.5,,512.749298095703,,,,,,,,,,,,,,,,,,,,
5066,83271.4098,,,,,,Frage 1,,,,,,1.0,-1.0,-1.0,-1.0,-1.0,0.03388974098219233,0.0,83288.86400000006,-1.0,-1.0,-1.0,-1.0,-1.0,-1.0,4.0,4.0,1.0,0.4762576401214801,0.3955127310509079,684.833333333333,,512.676350911458,,,,,,,,,,,,,,,,,,,,
5067,83288.0632,,,,,,Frage 1,,,,,,1.0,-1.0,-1.0,-1.0,-1.0,0.0,0.0,83305.51899999997,-1.0,-1.0,-1.0,-1.0,-1.0,-1.0,4.0,4.0,1.0,0.4759322966953752,0.3954061960765668,628.166666666667,,512.603403727214,,,,,,,,,,,,,,,,,,,,
5068,83304.718,,,,,,Frage 1,,,,,,1.0,595.0,431.0,548.0,460.0,0.8546872425723544,0.8443321941656042,83322.17300000007,512.3331909179688,512.7277221679688,0.6945282816886901,0.2567885220050811,0.5247338414192199,0.2653115689754486,0.0,0.0,1.0,0.3051470588235293,0.4101964452759588,571.5,445.5,512.530456542969,,,,,,,,,,,,,,,,,,,,
5069,83321.3735,,,,,,Frage 1,,,,,,1.0,616.0,434.0,553.0,460.0,0.846867295475697,0.8477229144124359,83338.82799999998,512.6358032226562,512.9970092773438,0.6931763887405396,0.2524218261241912,0.5240545868873596,0.2605045735836029,0.0,0.0,1.0,0.31249999999999994,0.41159962581852194,584.5,447.0,512.81640625,17.043576393775,,,,,,,,,,,,,,,,,,,
5070,83338.0275,,,,,,Frage 1,,,,,,1.0,626.0,446.0,550.0,455.0,0.8546822500361959,0.8447660777990852,83355.483,512.8621215820312,513.2509765625,0.6934254169464111,0.2526623904705047,0.5246484279632568,0.2605151534080505,0.0,0.0,1.0,0.3144796380090497,0.41487371375116927,588.0,450.5,513.056549072266,7.39706738398917,-579.230755961855,,,,,,,,,,,,,,,,,,
5071,83354.6822,,,,,,Frage 1,,,,,,1.0,613.0,441.0,552.0,467.0,0.8540706643567868,0.845135682375754,83372.137,513.2374267578125,513.6582641601562,0.6938091516494751,0.2526700794696807,0.5251967906951904,0.2602787017822265,0.0,0.0,1.0,0.31136877828054293,0.4181478016838166,582.5,454.0,513.447845458984,23.340949308531,957.320271427444,,,,,,,,,,,,,,,,,,
5072,83371.3364,,,,,,Frage 1,,,,,,1.0,612.0,451.0,535.0,486.0,0.8540307240675193,0.8445785972167168,83388.79200000002,513.3013916015625,513.7548828125,0.6943581700325012,0.2526595592498779,0.5257845520973204,0.2600674927234649,0.0,0.0,1.0,0.3062782805429864,0.431711880261927,573.5,468.5,513.528137207031,31.2335969518485,473.913345781568,,,,,,,,,163.0,163.0,83363.0093,83379.6643,16.6549999999988,,31.2335969518485,473.913345781568,,
5073,83387.9922,,,,,,Frage 1,,,,,,1.0,616.0,460.0,514.0,499.0,0.853059675784702,0.8448651746783369,83405.44700000003,513.956298828125,514.447021484375,0.6949084997177124,0.2526987791061401,0.5263184905052185,0.2599095106124877,0.0,0.0,1.0,0.30147058823529405,0.44200187090739,565.0,479.5,514.20166015625,13.2075168858583,-1082.27044428953,,,,,,,,,,,,,,,,,,
5074,83404.6464,,,,,,Frage 1,,,,,,1.0,616.0,465.0,529.0,498.0,0.8535614256686255,0.8440311848600323,83422.10100000001,513.9141845703125,514.4458618164064,0.6957475543022155,0.2528179287910461,0.5271334052085876,0.2599037289619445,0.0,0.0,1.0,0.3057126696832579,0.44387277829747424,572.5,481.5,514.180023193359,11.2063695958225,-120.158716121775,,,,,,,,,,,,,,,,,,
5075,83421.3008,,,,,,Frage 1,,,,,,1.0,607.0,465.0,542.0,482.0,0.852033709604142,0.840041567123405,83438.75600000005,514.0615234375,514.6332397460938,0.6965476870536804,0.252939224243164,0.5278814435005188,0.2599145770072937,0.0,0.0,1.0,0.30684389140271484,0.43638914873713747,574.5,473.5,514.347381591797,55.6773805703241,2670.22594476553,,,,,,,,,164.0,164.0,83412.9736,83462.9378,49.9642000000022,2.63810577180622,75.889647811651,2670.22594476553,-2140.94393490119,244.277473083662
5076,83437.9562,,,,,,Frage 1,,,,,,1.0,579.0,423.0,527.0,436.0,0.8529398549168994,0.8409334390366714,83455.41099999996,513.6209716796875,514.2354736328125,0.6975510716438293,0.2528241574764251,0.52885502576828,0.2597170174121856,0.0,0.0,1.0,0.294683257918552,0.39522918615528524,553.0,429.5,513.92822265625,75.889647811651,1213.55639860483,,,,,,,,,164.0,164.0,83412.9736,83462.9378,49.9642000000022,2.63810577180622,75.889647811651,2670.22594476553,-2140.94393490119,244.277473083662
5077,83454.6108,,,,,,Frage 1,,,,,,1.0,566.0,397.0,517.0,413.0,0.8476856517341419,0.8475434687121695,83472.06599999998,513.404296875,514.0639038085938,0.6985183358192443,0.2527297139167785,0.5298208594322203,0.2595024704933166,0.0,0.0,1.0,0.2881787330316742,0.37231057062675393,541.5,405.0,513.734100341797,40.2330829534576,-2140.94393490119,,,,,,,,,164.0,164.0,83412.9736,83462.9378,49.9642000000022,2.63810577180622,75.889647811651,2670.22594476553,-2140.94393490119,244.277473083662
5078,83471.2648,,,,,,Frage 1,,,,,,1.0,577.0,385.0,509.0,396.0,0.8568764696778317,0.848328208864082,83488.71999999997,513.7861328125,514.484375,0.6991591453552246,0.2530832886695861,0.5304121375083923,0.2596522271633148,0.0,0.0,1.0,0.28902714932126694,0.35874649204864356,543.0,390.5,514.13525390625,18.3182863992538,-1315.88786803118,125.0,124.0,551.7,393.1,83462.9378,83629.48375,166.54595,0.242958987947487,,,,,,,,,,
5079,83487.9206,,,,,,Frage 1,,,,,,1.0,589.0,392.0,507.0,384.0,0.8530971198058903,0.8422993689939258,83505.375,513.548828125,514.2850952148438,0.7000048756599426,0.2533775568008422,0.5311485528945922,0.259822279214859,0.0,0.0,1.0,0.29185520361990946,0.3564078578110383,548.0,388.0,513.916961669922,8.86379470676823,-567.63960257024,125.0,124.0,551.7,393.1,83462.9378,83629.48375,166.54595,0.242958987947487,,,,,,,,,,
5080,83504.5752,,,,,,Frage 1,,,,,,1.0,590.0,387.0,512.0,386.0,0.8531844891886631,0.8399826446546608,83522.03000000003,513.9222412109375,514.6867065429688,0.700488269329071,0.2536111772060394,0.5315709114074707,0.2599445581436157,0.0,0.0,1.0,0.293552036199095,0.3550046772684752,551.0,386.5,514.304473876953,6.53315133404368,-139.939918864656,125.0,124.0,551.7,393.1,83462.9378,83629.48375,166.54595,0.242958987947487,,,,,,,,,,
5081,83521.2291,,,,,,Frage 1,,,,,,1.0,591.0,387.0,517.0,395.0,0.8532344145502475,0.8429609076202822,83538.684,513.5974731445312,514.3897094726562,0.7011337280273438,0.2540102899074554,0.5321268439292907,0.2602413296699523,0.0,0.0,1.0,0.2952488687782805,0.3592142188961646,554.0,391.0,513.993591308594,7.53188845176715,59.9701642092275,125.0,124.0,551.7,393.1,83462.9378,83629.48375,166.54595,0.242958987947487,,,,,,,,,,
5082,83537.8837,,,,,,Frage 1,,,,,,1.0,588.0,391.0,515.0,397.0,0.8524381050329758,0.8443911166343486,83555.33900000004,513.97607421875,514.7857055664064,0.7014153599739074,0.2543790340423584,0.5323373079299926,0.2605502605438232,0.0,0.0,1.0,0.29383484162895923,0.33652317900854034,551.5,394.0,514.380889892578,7.05223775579246,-28.7998928809116,125.0,124.0,551.7,393.1,83462.9378,83629.48375,166.54595,0.242958987947487,,,,,,,,,,
5083,83554.5395,,,,,,Frage 1,,,,,,1.0,594.0,394.0,513.0,402.0,0.8543777053305309,0.8460436240532233,83571.99400000006,513.896240234375,514.72412109375,0.7018181681632994,0.2547993957996368,0.5326620936393737,0.2609090209007263,0.0,0.0,1.0,0.29496606334841624,0.3657623947614593,553.5,398.0,514.310180664063,13.8876320275345,410.391231387552,125.0,124.0,551.7,393.1,83462.9378,83629.48375,166.54595,0.242958987947487,,,,,,,,,,
5084,83571.1932,,,,,,Frage 1,,,,,,1.0,602.0,404.0,521.0,404.0,0.85399577631441,0.8449696281456565,83588.64800000003,513.998291015625,514.8400268554688,0.7021090388298034,0.2551062703132629,0.5328913331031799,0.2611936926841735,0.0,0.0,1.0,0.2994909502262443,0.3713751169317118,561.5,404.0,514.419158935547,5.02335835228185,-532.2705269853,125.0,124.0,551.7,393.1,83462.9378,83629.48375,166.54595,0.242958987947487,,,,,,,,,,
5085,83587.847,,,,,,Frage 1,,,,,,1.0,603.0,401.0,510.0,387.0,0.8543277799689465,0.8401647686489614,83605.30300000006,513.7687377929688,514.6231079101562,0.7024574875831604,0.2554430365562439,0.5331719517707824,0.2615216970443725,0.0,0.0,1.0,0.29666289592760176,0.3620205799812909,556.5,394.0,514.195922851563,19.9019913909152,893.407693057036,125.0,124.0,551.7,393.1,83462.9378,83629.48375,166.54595,0.242958987947487,,,,,,,,,,
5086,83604.5042,,,,,,Frage 1,,,,,,1.0,595.0,392.0,502.0,385.0,0.6889762264070939,0.6863820400209328,83621.95799999998,513.5482177734375,514.41455078125,0.7027883529663085,0.2557558715343475,0.533440351486206,0.2618230581283569,0.0,0.0,1.0,0.2921380090497737,0.35687558465855934,548.5,388.5,513.981384277344,7.34664657063384,-753.748818545747,125.0,124.0,551.7,393.1,83462.9378,83629.48375,166.54595,0.242958987947487,,,,,,,,,,
5087,83621.1561,,,,,,Frage 1,,,,,,1.0,589.0,400.0,510.0,393.0,0.8513746948312275,0.8394149385383239,83638.61199999996,513.65771484375,514.539306640625,0.7031351923942565,0.25607630610466,0.5337293148040771,0.2621594369411468,0.0,0.0,1.0,0.2927036199095022,0.33615611390973055,549.5,396.5,514.098510742188,5.95783499904881,-83.4025889889604,125.0,124.0,551.7,393.1,83462.9378,83629.48375,166.54595,0.242958987947487,,,,,,,,,,
5088,83637.8114,,,,,,Frage 1,,,,,,1.0,591.0,398.0,516.0,386.0,0.8503487286506672,0.8374516567926894,83655.26699999998,513.4359130859375,514.3348388671875,0.7036188244819641,0.2564809322357177,0.5341588854789733,0.2626020908355712,0.0,0.0,1.0,0.29496606334841624,0.3368889011087832,553.5,392.0,513.885375976563,32.1345320988664,1571.6737074563,,,,,,,,,165.0,165.0,83629.48375,83662.7937,33.3099499999953,1.19756418817392,116.477336204314,5063.80908414432,,66.0375110254218
5089,83654.4674,,,,,,Frage 1,,,,,,1.0,596.0,413.0,539.0,434.0,0.8492154229427007,0.8430278649711281,83671.92200000002,512.4745483398438,513.3894653320312,0.7041215300559996,0.2579773068428039,0.5346817374229431,0.2640271484851837,0.0,0.0,1.0,0.3028846153846153,0.3896164639850327,567.5,423.5,512.932006835938,116.477336204314,5063.80908414432,,,,,,,,,165.0,165.0,83629.48375,83662.7937,33.3099499999953,1.19756418817392,116.477336204314,5063.80908414432,,66.0375110254218
5090,83671.12,,,,,,Frage 1,,,,,,1.0,622.0,463.0,579.0,533.0,0.8578175627436982,0.8600296754978948,83688.576,512.6320190429688,513.4244384765625,0.7013731598854064,0.260608822107315,0.5319170355796814,0.2667192816734314,0.0,0.0,1.0,0.3215497737556561,0.45930776426566877,600.5,498.0,513.028228759766,,,,,,,,,,,,,,,,,,,,
5091,83687.7767,,,,,,Frage 1,,,,,,1.0,-1.0,-1.0,-1.0,-1.0,0.0,0.0,83705.23100000003,-1.0,-1.0,-1.0,-1.0,-1.0,-1.0,4.0,4.0,1.0,0.4759322966953752,0.3954061960765668,645.333333333333,,513.102722167969,,,,,,,,,,,,,,,,,,,,
5092,83704.4306,,,,,,Frage 1,,,,,,1.0,-1.0,-1.0,-1.0,-1.0,0.0,0.0,83721.88600000004,-1.0,-1.0,-1.0,-1.0,-1.0,-1.0,4.0,4.0,1.0,0.4759322966953752,0.3954061960765668,690.166666666667,,513.177215576172,,,,,,,,,,,,,,,,,,,,
5093,83721.0869,,,,,,Frage 1,,,,,,1.0,785.0,-1.0,685.0,-1.0,0.8452962820583229,0.828618476690342,83738.54099999997,512.8659057617188,513.6375122070312,0.7017590999603271,0.2666437923908233,0.5321183800697326,0.2739592194557189,0.0,0.0,1.0,0.35307820653597327,0.3557159857432495,735.0,,513.251708984375,,,,,,,,,,,,,,,,,,,,
5094,83737.7405,,,,,,Frage 1,,,,,,1.0,800.0,-1.0,695.0,-1.0,0.8413971113185789,0.8290525267025916,83755.19500000007,511.8908386230469,512.8302612304688,0.7053212523460388,0.267104148864746,0.5363172888755798,0.2741512060165405,0.0,0.0,1.0,0.35297216632057893,0.3556815447299761,747.5,,512.360549926758,,,,,,,,,,,,,,,,,,,,
5095,83754.3946,,,,,,Frage 1,,,,,,1.0,809.0,-1.0,680.0,-1.0,0.839167943923834,0.8281392284370548,83771.84999999996,511.4208984375,512.3973388671875,0.7059691548347473,0.2673527002334594,0.5372867584228515,0.2741492688655853,0.0,0.0,1.0,0.402997737556561,0.3718895196750374,744.5,,511.909118652344,,,,,,,,,,,,,,,,,,,,
5096,83771.0509,,,,,,Frage 1,,,,,,1.0,806.0,-1.0,667.0,-1.0,0.8365868027299188,0.8233397255284275,83788.505,511.0096740722656,512.015869140625,0.7065601348876953,0.2676924169063568,0.5380447506904602,0.2743270397186279,0.0,0.0,1.0,0.39847285067873295,0.37042288464271245,736.5,,511.512771606445,,,,,,,,,,,,,,,,,,,,
5097,83787.7037,,,,,,Frage 1,,,,,,1.0,803.0,-1.0,674.0,-1.0,0.83542853434116,0.8251315042370614,83805.15899999999,510.8158264160156,511.8562622070313,0.7074103355407714,0.2675839066505432,0.538871943950653,0.2742455899715423,0.0,0.0,1.0,0.39960407239818996,0.3707895450658759,738.5,,511.336044311523,,,,,,,,,,,,,,,,,,,,
5098,83804.3588,,,,,,Frage 1,,,,,,1.0,809.0,-1.0,689.0,-1.0,0.8339782025871323,0.8252172096461441,83821.81400000001,510.6927185058594,511.75592041015625,0.7078608870506286,0.2680898904800415,0.5393608212471008,0.2746483385562896,0.0,0.0,1.0,0.40554298642533926,0.3727136972209334,749.0,,511.224319458008,,,,,,,,,,,,,,,,,,,,
5099,83821.0139,,,,,,Frage 1,,,,,,1.0,812.0,-1.0,685.0,-1.0,0.8368439183420787,0.8241003610340358,83838.46900000003,510.0575866699218,511.1487426757813,0.7085725665092468,0.2683081626892089,0.5400240421295166,0.274747610092163,0.0,0.0,1.0,0.405260180995475,0.37262204808584587,748.5,,510.603164672852,,,,,,,,,,,,,,,,,,,,
5100,83837.6681,,,,,,Frage 1,,,,,,1.0,805.0,-1.0,676.0,-1.0,0.8358504036465485,0.823473640230119,83855.12300000002,509.65335083007807,510.7679443359375,0.7091520428657531,0.2684034705162048,0.5405308604240417,0.2747431099414825,0.0,0.0,1.0,0.40073529411764697,0.37115589940941257,740.5,,510.210647583008,,,,,,,,,,,,,,,,,,,,
5101,83854.3222,,,,,,Frage 1,,,,,,1.0,805.0,-1.0,692.0,-1.0,0.8355084149196952,0.8200588153369831,83871.77800000005,509.6427001953125,510.7888488769531,0.7098799347877502,0.2685876488685607,0.5412392020225524,0.2749344408512115,0.0,0.0,1.0,0.405260180995475,0.37262158373579757,748.5,,510.215774536133,,,,,,,,,,,,,,,,,,,,
5102,83870.9779,,,,,,Frage 1,,,,,,1.0,811.0,-1.0,706.0,-1.0,0.8365942915341564,0.820313253270197,83888.43299999996,509.3977661132813,510.5614929199218,0.7103127837181091,0.2682875394821167,0.5415132045745848,0.2745272815227508,0.0,0.0,1.0,0.4109162895927601,0.37445420942963437,758.5,,509.979629516602,,,,,,,,,,,,,,,,,,,,
5103,83887.6318,,,,,,Frage 1,,,,,,1.0,813.0,-1.0,705.0,-1.0,0.8355808066939925,0.8257341203946734,83905.08700000006,508.8870544433594,510.07611083984375,0.7109567523002625,0.2681750655174255,0.5420190095901489,0.2742818295955658,0.0,0.0,1.0,0.41119909502262436,0.3745463673406471,759.0,,509.481582641602,,,,,,,,,,,,,,,,,,,,
5104,83904.2868,,,,,,Frage 1,,,,,,1.0,817.0,-1.0,702.0,-1.0,0.8350466053250392,0.8274375154001907,83921.74199999998,508.5906982421875,509.8034362792969,0.7114885449409484,0.2682441174983978,0.5423914790153503,0.2741756439208984,0.0,0.0,1.0,0.4114819004524886,0.3746381548053496,759.5,,509.197067260742,,,,,,,,,,,,,,,,,,,,
5105,83920.9425,,,,,,Frage 1,,,,,,1.0,814.0,-1.0,700.0,-1.0,0.8322907253655786,0.8279088951501452,83938.39699999998,508.6521606445313,509.8929138183594,0.7120653390884399,0.2684214413166046,0.5427936911582946,0.2742200195789337,0.0,0.0,1.0,0.41006787330316735,0.3741799715379346,757.0,,509.272537231445,,,,,,,,,,,,,,,,,,,,
5106,83937.5954,,,,,,Frage 1,,,,,,1.0,819.0,-1.0,709.0,-1.0,0.8333466467630892,0.8296604994482715,83955.05099999996,508.8244018554688,510.0891418457031,0.7125309109687805,0.2685537040233612,0.5431058406829834,0.2742426991462707,0.0,0.0,1.0,0.4140271493212669,0.37546298287115415,764.0,,509.456771850586,,,,,,,,,,,,,,,,,,,,
5107,83954.2513,,,,,,Frage 1,,,,,,1.0,823.0,-1.0,716.0,-1.0,0.8375952950339245,0.8291301972295727,83971.706,508.6343383789063,509.92037963867193,0.7130493521690368,0.2688402235507965,0.5434820652008056,0.2744572758674621,0.0,0.0,1.0,0.41713800904977366,0.37647097851678346,769.5,,509.277359008789,,,,,,,,,,,,,,,,,,,,
5108,83970.9051,,,,,,Frage 1,,,,,,1.0,815.0,-1.0,718.0,-1.0,0.8377275972421231,0.8291971545804185,83988.36100000003,508.80874633789057,510.10986328125,0.7133521437644958,0.2690785527229309,0.5436563491821289,0.2746505439281463,0.0,0.0,1.0,0.41544117647058815,0.3759212209011948,766.5,,509.45930480957,,,,,,,,,,,,,,,,,,,,
5109,83987.5613,,,,,,Frage 1,,,,,,1.0,818.0,-1.0,713.0,-1.0,0.8404859734696629,0.8312299797520971,84005.01600000006,508.57424926757807,509.8902587890625,0.7137680053710938,0.2692466080188751,0.5439205765724182,0.2747835218906402,0.0,0.0,1.0,0.41487556561085964,0.37573826738407423,765.5,,509.23225402832,,,,,,,,,,,,,,,,,,,,
5110,84004.2151,,,,,,Frage 1,,,,,,1.0,831.0,-1.0,715.0,-1.0,0.8405309062950891,0.8240491450989177,84021.67000000003,508.25146484375,509.58206176757807,0.7141836881637573,0.2693294584751129,0.5442032814025878,0.2748209536075592,0.0,0.0,1.0,0.353754673225238,0.35593452601910264,773.0,,508.916763305664,,,,,,,,,,,,,,,,,,,,
5111,84020.8692,,,,,,Frage 1,,,,,,1.0,829.0,-1.0,723.0,-1.0,0.835191388873634,0.8299926079084666,84038.32500000007,512.3739013671875,513.7593994140625,0.7143640518188475,0.2692396938800811,0.5443105101585388,0.2746624946594238,0.0,0.0,1.0,0.352764004607358,0.3556139926884295,776.0,,513.066650390625,,,,,,,,,,,,,,,,,,,,
5112,84036.2896,,,,,,Frage 1,1.0,2.84726691246033,29.3998476704375,0.762742519378662,202.71484375,,,,,,0.6585048574425887,0.6495113533451946,,,,,,,,,,,0.37959439571535225,0.3642823432120883,,,,,,,,,,,,,,,,,,,,,,,
5113,84037.5256,,,,,,Frage 1,,,,,,1.0,410.0,-1.0,321.0,-1.0,0.8416267679818672,0.8439840159412061,84054.97999999998,512.6468505859375,514.1077270507812,0.7160888314247131,0.268947958946228,0.5459535121917723,0.2744828462600708,0.0,0.0,1.0,0.18863122171945698,0.3024371021111543,365.5,,513.377288818359,,,,,,,,,,,,,,,,,,,,
5114,84054.1783,,,,,,Frage 1,,,,,,1.0,419.0,-1.0,305.0,-1.0,0.8466916959146078,0.8459150659395993,84071.63399999996,509.4901428222656,510.97219848632807,0.7174111604690551,0.2688423991203308,0.5471855998039244,0.274406611919403,0.0,0.0,1.0,0.18665158371040722,0.3017960737550718,362.0,,510.231170654297,,,,,,,,,,,,,,,,,,,,
5115,84070.8347,,,,,,Frage 1,,,,,,1.0,433.0,-1.0,297.0,-1.0,0.8441904352992278,0.8429528727381808,84088.28899999999,509.5177001953125,510.9812316894531,0.7169526815414428,0.2691680490970611,0.5466246008872985,0.2746457457542419,0.0,0.0,1.0,0.18834841628959273,0.30234545185989503,365.0,,510.249465942383,,,,,,,,,,,,,,,,,,,,
5116,84087.4897,,,,,,Frage 1,,,,,,1.0,437.0,-1.0,308.0,-1.0,0.8439607786359393,0.8392193308550188,84104.94400000003,509.1746826171875,510.6487426757813,0.7172565460205078,0.2694302201271057,0.5469040274620056,0.2748708724975585,0.0,0.0,1.0,0.19259049773755652,0.30371947862942417,372.5,,509.911712646484,,,,,,,,,,,,,,,,,,,,
5117,84104.1423,,,,,,Frage 1,,,,,,1.0,434.0,-1.0,315.0,-1.0,0.8438933793978003,0.841273582378968,84121.598,509.4554443359375,510.9125061035156,0.7168188095092773,0.2694035172462463,0.5463807582855223,0.2748332321643829,0.0,0.0,1.0,0.19372171945701352,0.30408620253121676,374.5,,510.183975219727,,,,,,,,,,,,,,,,,,,,
5118,84120.7987,,,,,,Frage 1,,,,,,1.0,429.0,-1.0,309.0,-1.0,0.6585048574425887,0.6495113533451946,84138.25300000001,508.9032897949218,510.3473510742188,0.7167081832885742,0.2694894969463348,0.5461869239807128,0.2749440670013427,0.0,0.0,1.0,0.37959439571535225,0.3642823432120883,369.0,,509.62532043457,,,,,,,,,,,,,,,,,,,,
5119,84137.4523,,,,,,Frage 1,,,,,,1.0,435.0,-1.0,318.0,-1.0,0.8426876819155364,0.8428725239171659,84154.90800000005,508.609619140625,510.0379333496094,0.7164884209632874,0.2695777714252471,0.5459215641021729,0.2750973105430603,0.0,0.0,1.0,0.19485294117647053,0.3044528413391838,376.5,,509.323776245117,,,,,,,,,,,,,,,,,,,,
5120,84154.1082,,,,,,Frage 1,,,,,,1.0,439.0,-1.0,330.0,-1.0,0.8418364545005218,0.8381780210503065,84171.56200000003,508.3381652832031,509.7535400390625,0.7162441611289978,0.2695458829402923,0.5456694960594177,0.2750316858291626,0.0,0.0,1.0,0.19937782805429857,0.3059183757716228,384.5,,509.045852661133,,,,,,,,,,,,,,,,,,,,
5121,84170.762,,,,,,Frage 1,,,,,,1.0,438.0,-1.0,332.0,-1.0,0.8474296813893138,0.8461025465219674,84188.21700000006,507.9963684082031,509.3885498046875,0.7158593535423278,0.2695977985858917,0.54524827003479,0.2751413881778717,0.0,0.0,1.0,0.19966063348416282,0.3060110131261674,385.0,,508.692459106445,,,,,,,,,,,,,,,,,,,,
5122,84187.4164,,,,,,Frage 1,,,,,,1.0,450.0,-1.0,332.0,-1.0,0.8474131173895028,0.8461025465219674,84204.87199999997,507.76513671875,509.14016723632807,0.715512990951538,0.2695109546184539,0.5448903441429138,0.2750223278999328,0.0,0.0,1.0,0.2030542986425339,0.30711055050605707,391.0,,508.452651977539,,,,,,,,,,,,,,,,,,,,
5123,84204.0714,,,,,,Frage 1,,,,,,1.0,454.0,-1.0,341.0,-1.0,0.8483592029915279,0.8471979687818048,84221.52600000007,507.3175964355469,508.6716918945313,0.7152600884437561,0.2696378529071807,0.5446195006370544,0.2752896547317504,0.0,0.0,1.0,0.2067307692307692,0.30830186183760544,397.5,,507.994644165039,,,,,,,,,,,,,,,,,,,,
5124,84220.7257,,,,,,Frage 1,,,,,,1.0,446.0,-1.0,332.0,-1.0,0.8468839085567078,0.8486147863257023,84238.18099999998,507.04934692382807,508.3840942382813,0.7149513959884644,0.2696190476417541,0.5442942380905151,0.2753465473651886,0.0,0.0,1.0,0.20192307692307687,0.30674428139445975,389.0,,507.716720581055,,,,,,,,,,,,,,,,,,,,
5125,84237.3817,,,,,,Frage 1,,,,,,1.0,441.0,-1.0,323.0,-1.0,0.8484765275912511,0.8503155030371855,84254.83600000001,506.5928955078125,507.91256713867193,0.7147642970085144,0.2696599066257476,0.5440977811813354,0.275437593460083,0.0,0.0,1.0,0.1979638009049773,0.30546171674687983,382.0,,507.252731323242,,,,,,,,,,,,,,,,,,,,
5126,84254.0367,,,,,,Frage 1,,,,,,1.0,443.0,-1.0,325.0,-1.0,0.8507231688625506,0.8338221052287167,84271.49100000004,506.5747985839844,507.87994384765625,0.7144991159439086,0.2696883082389831,0.5438248515129089,0.2755432724952697,0.0,0.0,1.0,0.35230783535605625,0.3554671085511569,384.0,,507.22737121582,,,,,,,,,,,,,,,,,,,,
5127,84270.6889,,,,,,Frage 1,,,,,,1.0,444.0,-1.0,336.0,-1.0,0.8528175377810174,0.8520403243949735,84288.14500000003,506.0005798339844,507.2986450195313,0.7145391106605529,0.2696884274482727,0.5438738465309143,0.2756245732307434,0.0,0.0,1.0,0.2024886877828054,0.3069280906330606,390.0,,506.649612426758,,,,,,,,,,,,,,,,,,,,
5128,84287.3463,,,,,,Frage 1,,,,,,1.0,446.0,-1.0,331.0,-1.0,0.8534141458519514,0.8489547148827313,84304.80000000003,505.7096252441406,506.9976806640625,0.714454174041748,0.2696971595287323,0.5437957644462585,0.2757317125797271,0.0,0.0,1.0,0.20164027149321262,0.3066529052662668,388.5,,506.353652954102,,,,,,,,,,,,,,,,,,,,
5129,84303.9993,,,,,,Frage 1,,,,,,1.0,446.0,-1.0,307.0,-1.0,0.8544550896409868,0.8537678240467953,84321.45500000006,505.0539245605469,506.3389892578125,0.7146196961402893,0.2699732184410095,0.5439532995223999,0.2761021852493286,0.0,0.0,1.0,0.19485294117647053,0.30445436416971705,376.5,,505.69645690918,,,,,,,,,,,,,,,,,,,,
5130,84320.6545,,,,,,Frage 1,,,,,,1.0,445.0,-1.0,303.0,-1.0,0.8543976754751647,0.8511029214831322,84338.10900000005,505.1867980957031,506.4734497070313,0.7146201133728027,0.2704449295997619,0.544021725654602,0.2766028642654418,0.0,0.0,1.0,0.34961175232936326,0.3545955031692221,374.0,,505.830123901367,,,,,,,,,,,,,,,,,,,,
5131,84337.3094,,,,,,Frage 1,,,,,,1.0,428.0,-1.0,284.0,-1.0,0.8554960334300222,0.8514189601791243,84354.76399999997,505.1562194824218,506.4471435546875,0.714714527130127,0.2706774771213531,0.5441498756408691,0.2768405973911285,0.0,0.0,1.0,0.18325791855203613,0.3006974000066697,356.0,,505.801681518555,,,,,,,,,,,,,,,,,,,,
5132,84353.9635,,,,,,Frage 1,,,,,,1.0,419.0,-1.0,292.0,-1.0,0.8588513627360528,0.8579941720321823,84371.41899999998,505.3798522949218,506.6763305664063,0.7148035764694213,0.2707251012325286,0.5442620515823364,0.2769233584403991,0.0,0.0,1.0,0.18297511312217188,0.30060656654342044,355.5,,506.028091430664,,,,,,,,,,,,,,,,,,,,
5133,84370.6185,,,,,,Frage 1,,,,,,1.0,418.0,-1.0,299.0,-1.0,0.8547221903254635,0.8597163150959365,84388.07299999997,505.26272583007807,506.5680847167969,0.7150499820709229,0.2707173228263855,0.5445256829261779,0.2769465446472168,0.0,0.0,1.0,0.18467194570135742,0.30115637746231905,358.5,,505.915405273438,,,,,,,,,,,,,,,,,,,,
5134,84387.2719,,,,,,Frage 1,,,,,,1.0,413.0,-1.0,288.0,-1.0,0.8563572459173536,0.8574504783433143,84404.728,505.33401489257807,506.647705078125,0.7152299284934996,0.2706663608551025,0.5446963906288147,0.2769036293029785,0.0,0.0,1.0,0.18014705882352935,0.299690145663531,350.5,,505.990859985352,,,,,,,,,,,,,,,,,,,,
5135,84403.9283,,,,,,Frage 1,,,,,,1.0,420.0,-1.0,272.0,-1.0,0.8587037379118221,0.8614089969253185,84421.38300000003,505.158935546875,506.48928833007807,0.7156271338462828,0.270603597164154,0.5450609922409057,0.2767921984195709,0.0,0.0,1.0,0.17760180995475108,0.29886598148693766,346.0,,505.824111938477,,,,,,,,,,,,,,,,,,,,
5136,84420.583,,,,,,Frage 1,,,,,,1.0,422.0,-1.0,284.0,-1.0,0.8582494171214036,0.861735748797446,84438.03700000001,505.0250244140625,506.3697204589844,0.7159637808799743,0.2705730497837066,0.5453560948371887,0.2767127752304077,0.0,0.0,1.0,0.18156108597285062,0.30014879462039223,353.0,,505.697372436524,,,,,,,,,,,,,,,,,,,,
5137,84437.2363,,,,,,Frage 1,,,,,,1.0,420.0,-1.0,294.0,-1.0,0.8595949056161041,0.8633561166879146,84454.69200000005,504.6470336914063,506.0068054199218,0.7164055109024047,0.2706153392791748,0.5457822680473327,0.2767554521560668,0.0,0.0,1.0,0.18382352941176464,0.30088203295884486,357.0,,505.326919555664,,,,,,,,,,,,,,,,,,,,
5138,84453.892,,,,,,Frage 1,,,,,,1.0,408.0,-1.0,310.0,-1.0,0.8597871182582041,0.8715142003149674,84471.34700000007,504.0935974121094,505.46575927734375,0.7168272733688354,0.2706872522830963,0.5461927056312561,0.2768231034278869,0.0,0.0,1.0,0.18495475113122167,0.30124939983777077,359.0,,504.779678344727,,,,,,,,,,,,,,,,,,,,
5139,84470.5453,,,,,,Frage 1,,,,,,1.0,410.0,-1.0,302.0,-1.0,0.8611675545060136,0.8723980373461322,84488.00100000003,503.9944763183594,505.373779296875,0.7169863581657409,0.2708461284637451,0.5463271737098693,0.2769338488578796,0.0,0.0,1.0,0.18325791855203613,0.3006997685382698,356.0,,504.684127807617,,,,,,,,,,,,,,,,,,,,
5140,84487.2011,,,,,,Frage 1,,,,,,1.0,432.0,-1.0,273.0,-1.0,0.865950404145802,0.8683645265311806,84504.65600000006,503.7103271484375,505.0999145507813,0.7172572016716003,0.2710307836532592,0.5465559363365173,0.2770532667636871,0.0,0.0,1.0,0.18127828054298636,0.3000581109337646,352.5,,504.405120849609,,,,,,,,,,,,,,,,,,,,
5141,84503.8559,,,,,,Frage 1,,,,,,1.0,431.0,-1.0,282.0,-1.0,0.8680173141153974,0.8694545922029504,84521.31099999999,503.7488098144531,505.142578125,0.7173478603363037,0.2712758481502533,0.5466510653495787,0.2773087620735168,0.0,0.0,1.0,0.18354072398190038,0.30079131809891246,356.5,,504.445693969727,,,,,,,,,,,,,,,,,,,,
5142,84520.51,,,,,,Frage 1,,,,,,1.0,427.0,-1.0,288.0,-1.0,0.8674513148709098,0.8669343175171143,84537.96600000001,503.6766052246094,505.07366943359375,0.7174336314201355,0.2715141475200653,0.5467253923416137,0.2775335609912872,0.0,0.0,1.0,0.1841063348416289,0.30097429370964773,357.5,,504.375137329102,,,,,,,,,,,,,,,,,,,,
5143,84537.1655,,,,,,Frage 1,,,,,,1.0,442.0,-1.0,317.0,-1.0,0.8702739404590137,0.8701536269457806,84554.61999999998,504.7379150390625,506.1263122558594,0.716947317123413,0.2715052664279937,0.5462775826454161,0.2775154709815979,0.0,0.0,1.0,0.19654977375565605,0.30500636103078327,379.5,,505.432113647461,,,,,,,,,,,,,,,,,,,,
5144,84553.819,,,,,,Frage 1,,,,,,1.0,435.0,-1.0,317.0,-1.0,0.8660502548689709,0.8701536269457806,84571.27500000001,503.19448852539057,504.5545654296875,0.7167056202888488,0.2711657881736755,0.5459694266319274,0.277154803276062,0.0,0.0,1.0,0.19457013574660628,0.3043648237432197,376.0,,503.874526977539,,,,,,,,,,,,,,,,,,,,
5145,84570.4744,,,,,,Frage 1,,,,,,1.0,610.0,-1.0,493.0,-1.0,0.8748021707547217,0.8738630641826381,84587.93000000005,501.0794677734375,502.4270629882813,0.716933250427246,0.2708969414234161,0.5461110472679138,0.2768053114414215,0.0,0.0,1.0,0.29383484162895923,0.3365269841292868,551.5,,501.753265380859,,,,,,,,,,,,,,,,,,,,
5146,84587.129,,,,,,Frage 1,,,,,,1.0,621.0,-1.0,499.0,-1.0,0.8755660287869635,0.8618313803369633,84604.58400000003,502.25436401367193,503.6087646484375,0.7168349027633667,0.2707617580890655,0.5460314750671386,0.2767452895641326,0.0,0.0,1.0,0.2986425339366515,0.3380834377766967,560.0,,502.931564331055,,,,,,,,,,,,,,,,,,,,
5147,84603.7832,,,,,,Frage 1,,,,,,1.0,627.0,-1.0,503.0,-1.0,0.8761676293940558,0.8728801302722218,84621.23900000006,502.3660888671875,503.7377014160156,0.7172465920448303,0.2707576155662536,0.5463671088218689,0.2767776250839233,0.0,0.0,1.0,0.30147058823529405,0.3390008876283918,565.0,,503.051895141602,,,,,,,,,,,,,,,,,,,,
5148,84620.44,,,,,,Frage 1,,,,,,1.0,619.0,-1.0,503.0,-1.0,0.8711681457584874,0.8706839291644796,84637.89399999997,503.05810546875,504.4519348144531,0.7175650596618652,0.2706779241561889,0.5466314554214478,0.2766632437705993,0.0,0.0,1.0,0.29920814479638,0.338267468187524,561.0,,503.755020141602,,,,,,,,,,,,,,,,,,,,
5149,84637.0919,,,,,,Frage 1,,,,,,1.0,611.0,-1.0,494.0,-1.0,0.8761102152282337,0.8705848322852275,84654.54800000007,503.4570007324218,504.87249755859375,0.717935562133789,0.2708533108234405,0.5469390749931335,0.2767896652221679,0.0,0.0,1.0,0.34674094073285605,0.3536681135681755,552.5,,504.164749145508,,,,,,,,,,,,,,,,,,,,
5150,84653.748,,,,,,Frage 1,,,,,,1.0,621.0,-1.0,500.0,-1.0,0.8803538709629104,0.8768520403243949,84671.20299999998,504.6604919433594,506.1082153320313,0.7183138132095336,0.271167516708374,0.547277808189392,0.2770344018936157,0.0,0.0,1.0,0.3457911037104634,0.35336116122078953,560.5,,505.384353637695,,,,,,,,,,,,,,,,,,,,
5151,84670.4034,,,,,,Frage 1,,,,,,1.0,619.0,-1.0,504.0,-1.0,0.8826679114723489,0.8787000632077392,84687.858,504.8802490234375,506.3659057617188,0.7191052436828613,0.2715091407299041,0.5479999780654907,0.2773384749889373,0.0,0.0,1.0,0.2994909502262443,0.33836031106987147,561.5,,505.623077392578,,,,,,,,,,,,,,,,,,,,
5152,84687.0559,,,,,,Frage 1,,,,,,1.0,615.0,-1.0,493.0,-1.0,0.8843179446727143,0.8787000632077392,84704.512,504.74749755859375,506.2649841308594,0.7198233008384703,0.2720323204994201,0.5486457347869873,0.2777849435806274,0.0,0.0,1.0,0.2952488687782805,0.33698594341387195,554.0,,505.506240844727,,,,,,,,,,,,,,,,,,,,
5153,84703.7127,,,,,,Frage 1,,,,,,1.0,615.0,-1.0,488.0,-1.0,0.8838935790992466,0.8801811598084485,84721.16700000002,504.9442138671875,506.4881896972656,0.7203213572502136,0.2725110948085784,0.5490813851356506,0.2781729996204376,0.0,0.0,1.0,0.29383484162895923,0.3365279424555331,551.5,,505.716201782227,,,,,,,,,,,,,,,,,,,,
5154,84720.3666,,,,,,Frage 1,,,,,,1.0,612.0,-1.0,484.0,-1.0,0.8826429487915567,0.8778055130004392,84737.82200000003,504.7396240234375,506.2969665527344,0.7206385731697083,0.2729816436767578,0.5491448640823364,0.2784943878650665,0.0,0.0,1.0,0.29185520361990946,0.33588625693073554,548.0,,505.518295288086,,,,,,,,,,,,,,,,,,,,
5155,84737.0216,,,,,,Frage 1,,,,,,1.0,617.0,-1.0,495.0,-1.0,0.8829599748376178,0.8791794778397951,84754.47600000001,504.7724304199218,506.326904296875,0.7210072875022888,0.2740674018859863,0.5492326021194458,0.2801057398319244,0.0,0.0,1.0,0.3454482545644193,0.35325040743544334,556.0,,505.549667358399,,,,,,,,,,,,,,,,,,,,
5156,84753.6764,,,,,,Frage 1,,,,,,1.0,625.0,-1.0,501.0,-1.0,0.8856389244863053,0.8857279067525149,84771.13100000005,504.43753051757807,506.03274536132807,0.7218919992446899,0.2733114659786224,0.5500798225402832,0.2791581153869628,0.0,0.0,1.0,0.30033936651583704,0.33863602453768876,563.0,,505.235137939453,,,,,,,,,,,,,,,,,,,,
5157,84770.5516,,,,,,Frage 1,,,,,,1.0,628.0,-1.0,519.0,-1.0,0.8832195867178568,0.8865421081387999,84787.78599999996,505.17916870117193,506.79205322265625,0.7219328880310057,0.2732914388179779,0.5502127408981323,0.2789430916309356,0.0,0.0,1.0,0.3062782805429864,0.3405602202479934,573.5,,505.985610961914,,,,,,,,,,,,,,,,,,,,
5158,84786.9867,,,,,,Frage 1,,,,,,1.0,628.0,-1.0,526.0,-1.0,0.88317715016051,0.883012116602209,84804.44099999998,505.4861755371094,507.1110229492188,0.7220360040664672,0.2732678353786468,0.5503566861152648,0.2788151204586029,0.0,0.0,1.0,0.30825791855203616,0.34120124909867927,577.0,,506.298599243164,,,,,,,,,,,,,,,,,,,,
5159,84803.6394,,,,,,Frage 1,,,,,,1.0,630.0,-1.0,524.0,-1.0,0.8856434630227811,0.8835183141746032,84821.09499999997,505.49072265625,507.1293029785156,0.7222820520401001,0.2732892930507659,0.5506197810173034,0.2787546813488006,0.0,0.0,1.0,0.30825791855203616,0.3412013835510185,577.0,,506.310012817383,,,,,,,,,,,,,,,,,,,,
5160,84820.2951,,,,,,Frage 1,,,,,,1.0,637.0,-1.0,521.0,-1.0,0.8880074288938038,0.8812230161876091,84837.75,505.43460083007807,507.08218383789057,0.7224949598312377,0.2734952569007873,0.5508214831352233,0.2789530158042907,0.0,0.0,1.0,0.3093891402714931,0.34156773609501745,579.0,,506.258392333984,,,,,,,,,,,,,,,,,,,,
5161,84836.9497,,,,,,Frage 1,,,,,,1.0,642.0,-1.0,522.0,-1.0,0.8870189067344321,0.8833576165325734,84854.40500000003,505.8245544433594,507.4866943359375,0.7226090431213378,0.2735142409801483,0.5509523749351501,0.2788209915161132,0.0,0.0,1.0,0.3110859728506787,0.34211769410169285,582.0,,506.655624389649,,,,,,,,,,,,,,,,,,,,
5162,84853.6039,,,,,,Frage 1,,,,,,1.0,617.0,-1.0,518.0,-1.0,0.8873708805336022,0.8873884490534909,84871.059,506.64739990234375,508.3259582519531,0.7226903438568115,0.2731825411319732,0.551051378250122,0.2783972918987274,0.0,0.0,1.0,0.344193113814098,0.3528447448968492,567.5,,507.486679077149,,,,,,,,,,,,,,,,,,,,
5163,84870.2598,,,,,,Frage 1,,,,,,1.0,591.0,-1.0,509.0,-1.0,0.8948047668735241,0.8947858971749354,84887.71400000004,506.75930786132807,508.37210083007807,0.7209846377372741,0.2754490673542022,0.5492849349975585,0.2803666889667511,0.0,0.0,1.0,0.2929864253393665,0.336254937906387,550.0,,507.565704345703,,,,,,,,,,,,,,,,,,,,
5164,84886.9132,,,,,,Frage 1,,,,,,1.0,-1.0,-1.0,-1.0,-1.0,0.0,0.0,84904.36900000006,-1.0,-1.0,-1.0,-1.0,-1.0,-1.0,4.0,4.0,1.0,0.4759322966953752,0.3954061960765668,496.5,,507.034606933594,,,,,,,,,,,,,,,,,,,,
5165,84903.5679,,,,,,Frage 1,,,,,,1.0,443.0,537.0,-1.0,-1.0,0.8915621146386152,0.8887972680619185,84921.02300000003,506.5035095214844,-1.0,0.7247658967971801,0.2727898061275482,-1.0,-1.0,0.0,4.0,1.0,0.2324660633484162,0.4957904583723105,443.0,537.0,506.503509521484,,,,,,,,,,,,,,,,,,,,
5166,84920.2227,,,,,,Frage 1,,,,,,1.0,452.0,525.0,-1.0,-1.0,0.8946524945206916,0.0,84937.67800000006,506.7942504882813,-1.0,0.7232935428619384,0.2688260972499847,-1.0,-1.0,0.0,4.0,1.0,0.2375565610859728,0.3182028196013449,452.0,525.0,506.794250488281,11.4048415588001,,126.0,125.0,439.5,543.1875,84911.8953,85045.1333,133.237999999998,0.587546456426555,,,,,,,,,,
5167,84936.8786,,,,,,Frage 1,,,,,,1.0,465.0,516.0,408.0,539.0,0.8968616917708028,0.8979087880183838,84954.33299999998,506.8990783691406,508.57568359375,0.7237510085105896,0.2681087851524353,0.550283670425415,0.2742772996425628,0.0,0.0,1.0,0.22878959276018093,0.48690364826941057,436.5,527.5,507.737380981445,14.0251578256753,157.320605123437,126.0,125.0,439.5,543.1875,84911.8953,85045.1333,133.237999999998,0.587546456426555,,,,,,,,,,
5168,84953.5321,,,,,,Frage 1,,,,,,1.0,468.0,519.0,408.0,539.0,0.8967144119541286,0.8876270629513017,84970.98699999996,506.0842590332031,507.84075927734375,0.7250993251800537,0.2663014531135559,0.5522365570068359,0.2717765271663665,0.0,0.0,1.0,0.2296380090497737,0.31572954925226643,438.0,529.0,506.962509155274,6.68000955109767,-441.057331766742,126.0,125.0,439.5,543.1875,84911.8953,85045.1333,133.237999999998,0.587546456426555,,,,,,,,,,
5169,84970.186,,,,,,Frage 1,,,,,,1.0,469.0,515.0,410.0,552.0,0.8964847552908403,0.8948769591720857,84987.64199999998,505.4997253417969,507.26507568359375,0.7250565886497496,0.2664076387882232,0.5525901913642883,0.2714702785015106,0.0,0.0,1.0,0.23048642533936645,0.4925163704396632,439.5,533.5,506.382400512695,20.3200893542972,819.032166831529,126.0,125.0,439.5,543.1875,84911.8953,85045.1333,133.237999999998,0.587546456426555,,,,,,,,,,
5170,84986.8428,,,,,,Frage 1,,,,,,1.0,477.0,521.0,388.0,576.0,0.8976580012880744,0.8997675240778633,85004.29700000002,505.05322265625,506.8247985839844,0.725046157836914,0.2664920389652252,0.5528054237365722,0.2712616324424743,0.0,0.0,1.0,0.2265271493212669,0.5065481758652945,432.5,548.5,505.939010620117,18.741657720263,-94.761997144381,126.0,125.0,439.5,543.1875,84911.8953,85045.1333,133.237999999998,0.587546456426555,,,,,,,,,,
5171,85003.4955,,,,,,Frage 1,,,,,,1.0,480.0,527.0,395.0,577.0,0.8971262961872003,0.8990899156873038,85020.951,504.4775085449218,506.2544555664063,0.7251546382904052,0.2666789293289184,0.5530511140823364,0.2712624073028564,0.0,0.0,1.0,0.41083566167492136,0.5098222637979419,437.5,552.0,505.365982055664,12.5536046672187,-371.59457944009,126.0,125.0,439.5,543.1875,84911.8953,85045.1333,133.237999999998,0.587546456426555,,,,,,,,,,
5172,85020.1511,,,,,,Frage 1,,,,,,1.0,478.0,527.0,401.0,591.0,0.894917098937089,0.9040313681797242,85037.60600000003,503.93893432617193,505.7210693359375,0.7252932786941528,0.2668233513832092,0.5532543659210205,0.271257996559143,0.0,0.0,1.0,0.23048642533936645,0.5163704396632366,439.5,559.0,504.830001831055,19.4114171045742,411.742143024341,126.0,125.0,439.5,543.1875,84911.8953,85045.1333,133.237999999998,0.587546456426555,,,,,,,,,,
5173,85036.806,,,,,,Frage 1,,,,,,1.0,478.0,539.0,403.0,603.0,0.8944253341254825,0.9028181009823982,85054.26100000004,503.55316162109375,505.3385314941406,0.7253794074058532,0.2669344842433929,0.5533792972564697,0.2712539136409759,0.0,0.0,1.0,0.23105203619909495,0.5275958840037418,440.5,571.0,504.445846557617,14.3472701663148,-304.063485116167,126.0,125.0,439.5,543.1875,84911.8953,85045.1333,133.237999999998,0.587546456426555,,,,,,,,,,
5174,85053.4606,,,,,,Frage 1,,,,,,1.0,477.0,535.0,414.0,557.0,0.8948921362562968,0.8986935281702968,85070.91599999997,502.88333129882807,504.6656494140625,0.7254729866981506,0.2670396268367767,0.5534852147102356,0.2713348567485809,0.0,0.0,1.0,0.2338800904977375,0.31710506131331884,445.5,546.0,503.774490356445,108.764469914252,5669.13643965553,,,,,,,,,166.0,166.0,85045.1333,85111.7517,66.6183999999921,5.22873132519867,125.913733751239,5669.13643965553,-3530.55366955818,290.578709688145
5175,85056.9496,,,,,,Frage 1,1.0,0.684295058250427,29.3999203005531,1.14975380897522,202.69921875,,,,,,0.6585048574425887,0.6495113533451946,,,,,,,,,,,0.37959439571535225,0.3642823432120883,,,,,,,,,,,,,,,,,,,,,,,
5176,85070.1159,,,,,,Frage 1,,,,,,1.0,505.0,469.0,434.0,466.0,0.8938961252926875,0.8978525438436735,85087.57000000007,503.423583984375,505.1914978027344,0.7249870896339417,0.2664609849452972,0.5530682802200317,0.2707628309726715,0.0,0.0,1.0,0.24745475113122165,0.43077642656688486,469.5,467.5,504.307540893555,125.913733751239,1029.65805701417,,,,,,,,,166.0,166.0,85045.1333,85111.7517,66.6183999999921,5.22873132519867,125.913733751239,5669.13643965553,-3530.55366955818,290.578709688145
5177,85086.7698,,,,,,Frage 1,,,,,,1.0,514.0,438.0,449.0,416.0,0.8963374754741661,0.895814362083927,85104.22499999996,503.954833984375,505.7160949707031,0.7246522307395935,0.2660561501979827,0.5528146028518676,0.2703321278095245,0.0,0.0,1.0,0.2542420814479638,0.39289055191768,481.5,427.0,504.835464477539,67.1162459938184,-3530.55366955818,,,,,,,,,166.0,166.0,85045.1333,85111.7517,66.6183999999921,5.22873132519867,125.913733751239,5669.13643965553,-3530.55366955818,290.578709688145
5178,85103.4241,,,,,,Frage 1,,,,,,1.0,539.0,413.0,456.0,402.0,0.8976355348753613,0.894984090933439,85120.88,503.50396728515625,505.2723693847656,0.7248747944831848,0.266215443611145,0.5529599785804749,0.270382285118103,0.0,0.0,1.0,0.26329185520361986,0.3266340955590467,497.5,407.5,504.388168334961,33.1126643297594,-2041.72986340105,,,,,,,,,166.0,166.0,85045.1333,85111.7517,66.6183999999921,5.22873132519867,125.913733751239,5669.13643965553,-3530.55366955818,290.578709688145
5179,85120.0793,,,,,,Frage 1,,,,,,1.0,554.0,417.0,459.0,394.0,0.8971512588679923,0.8948823157601534,85137.53399999999,503.23974609375,505.0109558105469,0.7249782085418701,0.2663772106170654,0.5529624223709106,0.2704645693302154,0.0,0.0,1.0,0.2683823529411764,0.372778297474275,506.5,405.5,504.125350952149,7.8331227282596,-1517.81675401732,127.0,126.0,502.5,406.083333333333,85111.7517,85211.6801,99.9284000000043,0.127301486682922,,,,,,,,,,
5180,85136.7337,,,,,,Frage 1,,,,,,1.0,556.0,418.0,454.0,392.0,0.8940883379347875,0.8919549403811747,85154.18900000001,503.1260986328125,504.8966979980469,0.7249924540519714,0.266473114490509,0.5528940558433532,0.2705283761024475,0.0,0.0,1.0,0.26753393665158365,0.3280080854431218,505.0,405.0,504.01139831543,5.72413156119945,-126.632671669962,127.0,126.0,502.5,406.083333333333,85111.7517,85211.6801,99.9284000000043,0.127301486682922,,,,,,,,,,
5181,85153.3892,,,,,,Frage 1,,,,,,1.0,546.0,416.0,456.0,391.0,0.8940633752539953,0.8892311153487674,85170.84400000003,503.2262268066406,504.9992980957031,0.7250210046768188,0.2666710317134857,0.5528462529182434,0.2706998884677887,0.0,0.0,1.0,0.26527149321266963,0.37090739008419077,501.0,403.5,504.112762451172,6.89398849970858,70.2384760894939,127.0,126.0,502.5,406.083333333333,85111.7517,85211.6801,99.9284000000043,0.127301486682922,,,,,,,,,,
5182,85170.0426,,,,,,Frage 1,,,,,,1.0,542.0,409.0,454.0,402.0,0.8907982566063735,0.884511961261155,85187.49800000002,503.3146362304688,505.09085083007807,0.7250557541847229,0.2669860124588012,0.5528056025505065,0.2709720730781555,0.0,0.0,1.0,0.2635746606334841,0.372778297474275,498.0,405.5,504.202743530273,7.65821707148449,45.8902429399474,127.0,126.0,502.5,406.083333333333,85111.7517,85211.6801,99.9284000000043,0.127301486682922,,,,,,,,,,
5183,85186.6981,,,,,,Frage 1,,,,,,1.0,551.0,416.0,453.0,406.0,0.8890259062701261,0.8790915333023888,85204.15300000005,503.5379028320313,505.3173828125,0.7250874638557434,0.2673208117485046,0.5527715682983398,0.2713090479373931,0.0,0.0,1.0,0.26583710407239813,0.3779232927970065,502.0,411.0,504.427642822266,4.42582531138403,-194.07353487447,127.0,126.0,502.5,406.083333333333,85111.7517,85211.6801,99.9284000000043,0.127301486682922,,,,,,,,,,
5184,85203.3538,,,,,,Frage 1,,,,,,1.0,552.0,422.0,453.0,390.0,0.8859430151922877,0.875980637852418,85220.80799999996,503.7469177246094,505.5285034179688,0.7251240611076355,0.267581820487976,0.5527403950691223,0.2716093063354492,0.0,0.0,1.0,0.2661199095022624,0.37324602432179604,502.5,406.0,504.637710571289,20.2465566166333,949.868892045754,127.0,126.0,502.5,406.083333333333,85111.7517,85211.6801,99.9284000000043,0.127301486682922,,,,,,,,,,
5185,85220.0064,,,,,,Frage 1,,,,,,1.0,556.0,419.0,489.0,400.0,0.8810827812420432,0.8627936992378806,85237.46200000006,502.1687622070313,503.93569946289057,0.7252238988876342,0.2682268321514129,0.5527454614639282,0.2722172737121582,0.0,0.0,1.0,0.3577617561950509,0.3765201122544434,522.5,409.5,503.052230834961,204.199220568098,11046.4830687971,,,,,,,,,167.0,167.0,85211.6801,85244.9893,33.3092000000033,6.55783612600568,314.9749062933,11046.4830687971,,49.8181398792811
5186,85236.6624,,,,,,Frage 1,,,,,,1.0,671.0,552.0,613.0,550.0,0.8817218258703238,0.8746558392166526,85254.11699999998,502.5103454589844,504.23681640625,0.7242220640182495,0.2696770131587982,0.5518636107444763,0.2737098336219787,0.0,0.0,1.0,0.3450226244343891,0.5088868101028998,642.0,551.0,503.373580932617,314.9749062933,6650.79765400964,,,,,,,,,167.0,167.0,85211.6801,85244.9893,33.3092000000033,6.55783612600568,314.9749062933,11046.4830687971,,49.8181398792811
5187,85253.3162,,,,,,Frage 1,,,,,,1.0,698.0,602.0,673.0,735.0,0.8810128857358249,0.8729685139753383,85270.77199999998,502.99365234375,504.6922912597656,0.7233963012695312,0.2718827724456787,0.5513002276420593,0.275912195444107,0.0,0.0,1.0,0.3696266968325791,0.6188026192703461,685.5,668.5,503.842971801758,,,,,,,,,,,,,,,,,,,,
5188,85269.9711,,,,,,Frage 1,,,,,,1.0,836.0,-1.0,770.0,-1.0,0.8720063505059936,0.846976786512842,85287.42599999996,503.7034606933594,505.3699951171875,0.7224273085594177,0.2738656997680664,0.5507835745811462,0.2779817879199981,0.0,0.0,1.0,0.4360859728506786,0.38261306198157985,803.0,,504.536727905273,,,,,,,,,,,,,,,,,,,,
5189,85286.6262,,,,,,Frage 1,,,,,,1.0,836.0,-1.0,794.0,-1.0,0.8720063505059936,0.8596252530987861,85304.081,504.4302978515625,505.98483276367193,0.7201664447784423,0.2765321433544158,0.5483083724975585,0.2812159061431884,0.0,0.0,1.0,0.44287330316742074,0.3848134523765756,815.0,,505.207565307617,,,,,,,,,,,,,,,,,,,,
5190,85303.2805,,,,,,Frage 1,,,,,,1.0,904.0,-1.0,858.0,-1.0,0.8668016315608166,0.8515903709972896,85320.73600000003,503.64358520507807,505.1657104492188,0.7203122377395629,0.2780210971832275,0.5481976866722106,0.2835726141929626,0.0,0.0,1.0,0.48020361990950217,0.39690736183135605,881.0,,504.404647827148,,,,,,,,,,,,,,,,,,,,
5191,85319.9407,,,,,,Frage 1,,,,,,1.0,910.0,-1.0,841.0,-1.0,0.8566809492094241,0.8554444361119741,85337.39100000006,503.9826049804688,505.5725708007813,0.7215245366096495,0.2765580117702484,0.5500686764717102,0.2820329070091247,0.0,0.0,1.0,0.4770927601809954,0.39589951675731117,875.5,,504.777587890625,,,,,,,,,,,,,,,,,,,,
5192,85336.5892,,,,,,Frage 1,,,,,,1.0,917.0,-1.0,806.0,-1.0,0.8534867786382335,0.8521313863921237,85354.04500000003,504.1415710449218,505.7332153320313,0.721332311630249,0.2766320407390594,0.5501747727394104,0.281948834657669,0.0,0.0,1.0,0.46917420814479627,0.3933334779370089,861.5,,504.937393188477,,,,,,,,,,,,,,,,,,,,
5193,85353.245,,,,,,Frage 1,,,,,,1.0,915.0,-1.0,808.0,-1.0,0.8598545174963431,0.8471095850786884,85370.70000000007,504.4791870117188,506.0849609375,0.7215421795845031,0.2766002714633941,0.5503792166709899,0.2818880379199981,0.0,0.0,1.0,0.46917420814479627,0.39333316734072066,861.5,,505.282073974609,,,,,,,,,,,,,,,,,,,,
5194,85369.9006,,,,,,Frage 1,,,,,,1.0,913.0,-1.0,819.0,-1.0,0.8559303840758068,0.8450044459680962,85387.35499999998,504.4616088867188,506.0603942871094,0.7212710380554199,0.2768009603023529,0.5502569079399108,0.281976968050003,0.0,0.0,1.0,0.47171945701357454,0.3941574717825707,866.0,,505.261001586914,,,,,,,,,,,,,,,,,,,,
5195,85386.5532,,,,,,Frage 1,,,,,,1.0,911.0,-1.0,821.0,-1.0,0.8557656303825781,0.8431724928489552,85404.00899999996,504.45220947265625,506.0481872558594,0.7212077379226683,0.2768258154392242,0.5501858592033386,0.2819961607456207,0.0,0.0,1.0,0.47171945701357454,0.3941572759231612,866.0,,505.250198364258,,,,,,,,,,,,,,,,,,,,
5196,85403.2093,,,,,,Frage 1,,,,,,1.0,913.0,-1.0,816.0,-1.0,0.841499451151798,0.8396666059586686,85420.66399999999,504.1280517578125,505.73385620117193,0.7215121984481812,0.2767670452594757,0.5504854321479797,0.2819280922412872,0.0,0.0,1.0,0.4708710407239818,0.39388155365957456,864.5,,504.930953979492,,,,,,,,,,,,,,,,,,,,
5197,85419.8634,,,,,,Frage 1,,,,,,1.0,915.0,-1.0,816.0,-1.0,0.8540656718206283,0.8396666059586686,85437.31900000003,503.9453125,505.5566101074218,0.7216764092445374,0.276757538318634,0.5506290197372437,0.2818991541862487,0.0,0.0,1.0,0.4714366515837103,0.3940652269881645,865.5,,504.750961303711,,,,,,,,,,,,,,,,,,,,
5198,85436.5184,,,,,,Frage 1,,,,,,1.0,905.0,-1.0,818.0,-1.0,0.852405653547946,0.8381319434772828,85453.973,503.9742431640625,505.58596801757807,0.7216871976852417,0.2766517698764801,0.5506101250648499,0.2817935347557067,0.0,0.0,1.0,0.46917420814479627,0.3933319871193498,861.5,,504.78010559082,,,,,,,,,,,,,,,,,,,,
5199,85453.1729,,,,,,Frage 1,,,,,,1.0,907.0,-1.0,819.0,-1.0,0.8495923594226632,0.8229122314438433,85470.62800000001,503.9201049804688,505.5339660644531,0.7217756509780883,0.2766354978084564,0.5506466627120971,0.2817952036857605,0.0,0.0,1.0,0.470022624434389,0.39360519648175907,863.0,,504.727035522461,,,,,,,,,,,,,,,,,,,,
5200,85469.8269,,,,,,Frage 1,,,,,,1.0,920.0,-1.0,821.0,-1.0,0.8474680352872457,0.8384560170553764,85487.28300000005,503.8494567871094,505.46484375,0.7218744754791259,0.2766638994216918,0.5506705641746521,0.2818591892719268,0.0,0.0,1.0,0.47426470588235287,0.3949811638404976,870.5,,504.657150268555,,,,,,,,,,,,,,,,,,,,
5201,85486.4822,,,,,,Frage 1,,,,,,1.0,924.0,-1.0,813.0,-1.0,0.8471659868496598,0.8354590060315183,85503.93700000003,503.7578125,505.3727722167969,0.7219704389572144,0.2768172919750213,0.5506839156150817,0.282097965478897,0.0,0.0,1.0,0.4731334841628958,0.39461432969911386,868.5,,504.565292358399,,,,,,,,,,,,,,,,,,,,
5202,85503.1359,,,,,,Frage 1,,,,,,1.0,868.0,-1.0,758.0,-1.0,0.8489558110624617,0.8392246874430863,85520.59200000006,501.9364929199218,503.57034301757807,0.7229923009872437,0.2766540050506591,0.5515485405921936,0.2820271849632263,0.0,0.0,1.0,0.44174208144796373,0.38444405460708375,813.0,,502.75341796875,,,,,,,,,,,,,,,,,,,,
5203,85519.7918,,,,,,Frage 1,,,,,,1.0,838.0,-1.0,734.0,-1.0,0.84941013185288,0.8406923925736264,85537.24699999997,501.8685302734375,503.5389099121094,0.7238616347312927,0.2761894166469574,0.5523866415023803,0.2815802097320556,0.0,0.0,1.0,0.42647058823529405,0.3794963015369395,786.0,,502.703720092774,,,,,,,,,,,,,,,,,,,,
5204,85536.4464,,,,,,Frage 1,,,,,,1.0,724.0,-1.0,597.0,-1.0,0.8489183670412735,0.83897560609794,85553.90100000007,504.0739440917969,505.7521362304688,0.7234495282173156,0.2762944996356964,0.5519944429397583,0.2817007899284362,0.0,0.0,1.0,0.3554864253393665,0.3564974384348327,660.5,,504.913040161133,,,,,,,,,,,,,,,,,,,,
5205,85553.1002,,,,,,Frage 1,,,,,,1.0,728.0,-1.0,593.0,-1.0,0.8505334524885297,0.8414262451388964,85570.55599999998,503.75991821289057,505.4401245117188,0.7236661314964294,0.2763251662254333,0.5520521998405457,0.2817952930927276,0.0,0.0,1.0,0.3554864253393665,0.3564977467222367,660.5,,504.600021362305,,,,,,,,,,,,,,,,,,,,
5206,85569.7629,,,,,,Frage 1,,,,,,1.0,731.0,-1.0,592.0,-1.0,0.8524955191987978,0.8441848879937436,85587.21100000001,503.6187133789063,505.30029296875,0.723805546760559,0.2762027382850647,0.5520440936088562,0.2817211747169494,0.0,0.0,1.0,0.356052036199095,0.3566813548560912,661.5,,504.459503173828,,,,,,,,,,,,,,,,,,,,
5207,85586.4108,,,,,,Frage 1,,,,,,1.0,731.0,-1.0,596.0,-1.0,0.8532693623033566,0.8432930160804775,85603.86600000004,503.4373779296875,505.1103515625,0.7237099409103394,0.276100218296051,0.5516780614852905,0.281589388847351,0.0,0.0,1.0,0.357183257918552,0.3570478004881852,663.5,,504.273864746094,,,,,,,,,,,,,,,,,,,,
5208,85603.0653,,,,,,Frage 1,,,,,,1.0,729.0,-1.0,610.0,-1.0,0.8541929814926685,0.8426903999228653,85620.52000000003,503.4580993652344,505.1060180664063,0.7235730290412902,0.2767780423164367,0.5512019395828247,0.2827686667442321,0.0,0.0,1.0,0.360576923076923,0.35814730643884707,669.5,,504.28205871582,,,,,,,,,,,,,,,,,,,,
5209,85619.7191,,,,,,Frage 1,,,,,,1.0,732.0,-1.0,610.0,-1.0,0.855775615454895,0.8426903999228653,85637.17500000003,503.2328186035156,504.9000854492188,0.7240161299705505,0.2760205566883087,0.5515777468681335,0.2819035649299621,0.0,0.0,1.0,0.3614253393665158,0.3584222434405633,671.0,,504.066452026367,,,,,,,,,,,,,,,,,,,,
5210,85636.3746,,,,,,Frage 1,,,,,,1.0,737.0,-1.0,598.0,-1.0,0.8565844063125628,0.8443214809894689,85653.83000000006,503.3311462402344,504.9964599609375,0.7239405512809753,0.2762158811092376,0.5514832139015197,0.2820871472358703,0.0,0.0,1.0,0.359445701357466,0.3577810426702861,667.5,,504.163803100586,,,,,,,,,,,,,,,,,,,,
5211,85653.0291,,,,,,Frage 1,,,,,,1.0,731.0,-1.0,598.0,-1.0,0.8543252837008674,0.8367751882129356,85670.48400000005,503.3667907714844,505.0224609375,0.723708152770996,0.2764296233654022,0.551248550415039,0.2822934687137603,0.0,0.0,1.0,0.3577488687782805,0.35723041446235015,664.5,,504.194625854492,,,,,,,,,,,,,,,,,,,,
5212,85669.6828,,,,,,Frage 1,,,,,,1.0,708.0,-1.0,604.0,-1.0,0.8570312382987434,0.8481166236354092,85687.13899999997,502.7801208496094,504.43472290039057,0.7238689661026001,0.2766690850257873,0.5513556003570556,0.2825529277324676,0.0,0.0,1.0,0.3529411764705882,0.35567400422336637,656.0,,503.607421875,,,,,,,,,,,,,,,,,,,,
5213,85686.3391,,,,,,Frage 1,,,,,,1.0,708.0,-1.0,608.0,-1.0,0.8570312382987434,0.8454436861896449,85703.79399999998,504.3396301269531,506.0164184570313,0.7240628600120544,0.2764171659946441,0.5516146421432495,0.2824860215187072,0.0,0.0,1.0,0.3505315166403647,0.35489300344754304,658.0,,505.178024291992,,,,,,,,,,,,,,,,,,,,
5214,85702.9925,,,,,,Frage 1,,,,,,1.0,436.0,-1.0,323.0,-1.0,0.8610976589997954,0.8580718425591635,85720.44799999997,506.66058349609375,508.364990234375,0.7241474390029907,0.2764929234981536,0.5517603754997253,0.2827109098434448,0.0,0.0,1.0,0.3485745854987271,0.35426041065114566,379.5,,507.512786865234,,,,,,,,,,,,,,,,,,,,
5215,85719.6481,,,,,,Frage 1,,,,,,1.0,448.0,-1.0,306.0,-1.0,0.868192052880943,0.861143845815969,85737.103,504.808349609375,506.497802734375,0.7243945002555847,0.2767482697963714,0.5519620180130004,0.2830771207809448,0.0,0.0,1.0,0.1951357466063348,0.30454721476702995,377.0,,505.653076171875,,,,,,,,,,,,,,,,,,,,
5216,85736.303,,,,,,Frage 1,,,,,,1.0,453.0,-1.0,298.0,-1.0,0.7246385522725156,0.727600241919882,85753.75800000003,504.5267028808594,506.1901550292969,0.7239868640899658,0.2769474685192108,0.5514771938323973,0.2833953499794006,0.0,0.0,1.0,0.19428733031674203,0.30425368751301474,375.5,,505.358428955078,,,,,,,,,,,,,,,,,,,,
5217,85752.956,,,,,,Frage 1,,,,,,1.0,450.0,-1.0,311.0,-1.0,0.8671211538749569,0.8594083112820458,85770.41200000001,504.2843017578125,505.93994140625,0.7238578796386718,0.2767691016197204,0.5513405203819274,0.2831872403621673,0.0,0.0,1.0,0.19711538461538455,0.3051883959836217,380.5,,505.112121582031,,,,,,,,,,,,,,,,,,,,
5218,85769.6123,,,,,,Frage 1,,,,,,1.0,446.0,-1.0,325.0,-1.0,0.8687811721476393,0.8608626249424166,85787.06700000005,504.0474243164063,505.6773681640625,0.7235018014907836,0.2772475481033325,0.5509320497512817,0.2838798761367797,0.0,0.0,1.0,0.19994343891402708,0.30610488382349943,385.5,,504.862396240234,,,,,,,,,,,,,,,,,,,,
5219,85786.266,,,,,,Frage 1,,,,,,1.0,438.0,-1.0,331.0,-1.0,0.8682444745106066,0.8672155383906666,85803.72200000007,503.9558410644531,505.5677185058594,0.7232536077499389,0.2774659395217895,0.5506354570388793,0.2842771410942077,0.0,0.0,1.0,0.19937782805429857,0.30592226994034505,384.5,,504.761779785156,,,,,,,,,,,,,,,,,,,,
5220,85802.9213,,,,,,Frage 1,,,,,,1.0,444.0,-1.0,328.0,-1.0,0.8684716349058158,0.8680913405397298,85820.37600000003,503.652099609375,505.24896240234375,0.7231271266937255,0.2778267562389373,0.5504565238952636,0.2848108410835266,0.0,0.0,1.0,0.20022624434389133,0.3061972529817821,386.0,,504.450531005859,,,,,,,,,,,,,,,,,,,,
5221,85819.5776,,,,,,Frage 1,,,,,,1.0,465.0,-1.0,320.0,-1.0,0.8720363057229441,0.8664035194273391,85837.03100000006,503.7096252441406,505.30123901367193,0.7229853272438049,0.2781824767589569,0.5503148436546325,0.2851586639881134,0.0,0.0,1.0,0.20390271493212667,0.3073883619522026,392.5,,504.505432128906,,,,,,,,,,,,,,,,,,,,
5222,85836.2301,,,,,,Frage 1,,,,,,1.0,464.0,-1.0,336.0,-1.0,0.8721960668800144,0.8645934885315449,85853.68599999999,503.4596557617188,505.03851318359375,0.7229307293891906,0.2789420485496521,0.550241708755493,0.2861641943454742,0.0,0.0,1.0,0.20814479638009045,0.30876260155203583,400.0,,504.249084472656,,,,,,,,,,,,,,,,,,,,
5223,85852.886,,,,,,Frage 1,,,,,,1.0,451.0,-1.0,340.0,-1.0,0.8696174219541785,0.87322830849662,85870.34100000001,503.5960083007813,505.1673583984375,0.7228382229804992,0.2793419957160949,0.5501497387886047,0.2867363095283508,0.0,0.0,1.0,0.20559954751131218,0.30793875993684566,395.5,,504.381683349609,,,,,,,,,,,,,,,,,,,,
5224,85869.5391,,,,,,Frage 1,,,,,,1.0,456.0,-1.0,342.0,-1.0,0.870693313496323,0.8751191840845055,85886.99499999998,503.10693359375,504.6769409179688,0.7230505943298339,0.2796022891998291,0.5503345727920532,0.2871562242507934,0.0,0.0,1.0,0.20757918552036195,0.3085803892814448,399.0,,503.891937255859,,,,,,,,,,,,,,,,,,,,
5225,85886.195,,,,,,Frage 1,,,,,,1.0,446.0,-1.0,335.0,-1.0,0.8658929899799801,0.8722426962921697,85903.65000000001,502.9331665039063,504.502685546875,0.7231947779655457,0.2800077199935913,0.5504660010337828,0.2877236902713775,0.0,0.0,1.0,0.20277149321266966,0.3070222523013266,390.5,,503.717926025391,,,,,,,,,,,,,,,,,,,,
5226,85902.8506,,,,,,Frage 1,,,,,,1.0,448.0,-1.0,339.0,-1.0,0.8668989860159062,0.8614904936592055,85920.30500000005,502.35296630859375,503.9255981445313,0.7235187888145446,0.2801752984523773,0.5507850050926208,0.2880409657955169,0.0,0.0,1.0,0.20446832579185517,0.30757093718979656,393.5,,503.139282226563,,,,,,,,,,,,,,,,,,,,
5227,85919.5032,,,,,,Frage 1,,,,,,1.0,461.0,-1.0,336.0,-1.0,0.8774182597017459,0.8720686071799706,85936.95900000003,502.53411865234375,504.114013671875,0.7237131595611572,0.2801367342472076,0.5510308742523193,0.288140058517456,0.0,0.0,1.0,0.2072963800904977,0.3084886672445504,398.5,,503.324066162109,,,,,,,,,,,,,,,,,,,,
5228,85936.1596,,,,,,Frage 1,,,,,,1.0,445.0,-1.0,323.0,-1.0,0.8863673807657552,0.875767331240693,85953.61400000006,502.1958923339844,503.79006958007807,0.724177598953247,0.2802735567092895,0.5515055656433105,0.2883608341217041,0.0,0.0,1.0,0.19909502262443432,0.30583213195862136,384.0,,502.992980957031,,,,,,,,,,,,,,,,,,,,
5229,85952.8132,,,,,,Frage 1,,,,,,1.0,441.0,-1.0,328.0,-1.0,0.8883943504460833,0.8748379632109531,85970.26899999997,502.2025451660156,503.8140258789063,0.7245931029319763,0.2807869017124176,0.5519325137138366,0.2889280021190643,0.0,0.0,1.0,0.19937782805429857,0.305923730796113,384.5,,503.008285522461,,,,,,,,,,,,,,,,,,,,
5230,85969.4684,,,,,,Frage 1,,,,,,1.0,434.0,-1.0,329.0,-1.0,0.8873409253166518,0.8759226722946551,85986.92300000007,501.75885009765625,503.39108276367193,0.7252137660980223,0.2809599041938781,0.5525369644165039,0.2891468405723571,0.0,0.0,1.0,0.19768099547511306,0.30537403960583703,381.5,,502.574966430664,,,,,,,,,,,,,,,,,,,,
5231,85986.1237,,,,,,Frage 1,,,,,,1.0,424.0,-1.0,336.0,-1.0,0.8832195867178568,0.8817211788779019,86003.57799999998,501.7615051269531,503.4176025390625,0.7257673740386962,0.2810541987419128,0.5530861616134644,0.2892670929431915,0.0,0.0,1.0,0.34504901311391895,0.35312132710298444,380.0,,502.589553833008,,,,,,,,,,,,,,,,,,,,
5232,86002.7777,,,,,,Frage 1,,,,,,1.0,426.0,-1.0,336.0,-1.0,0.8824357585409812,0.8808614464930418,86020.233,501.6294860839844,503.3094177246094,0.7263524532318115,0.2812845408916473,0.5536651015281677,0.2895160019397735,0.0,0.0,1.0,0.3451773750766089,0.3531628006546497,381.0,,502.469451904297,,,,,,,,,,,,,,,,,,,,
5233,86019.4325,,,,,,Frage 1,,,,,,1.0,442.0,-1.0,340.0,-1.0,0.8801242142996221,0.8827683918451305,86036.887,500.946533203125,502.6468200683594,0.7269595265388488,0.2816566526889801,0.554256796836853,0.289831519126892,0.0,0.0,1.0,0.2030542986425339,0.30711544664137425,391.0,,501.796676635742,,,,,,,,,,,,,,,,,,,,
5234,86036.086,,,,,,Frage 1,,,,,,1.0,553.0,-1.0,442.0,-1.0,0.8776529089011926,0.8849458448946359,86053.54200000002,502.3038330078125,504.0013427734375,0.7264600396156311,0.2821473777294158,0.553875982761383,0.2902727723121643,0.0,0.0,1.0,0.26329185520361986,0.3266323891808078,497.5,,503.152587890625,,,,,,,,,,,,,,,,,,,,
5235,86052.743,,,,,,Frage 1,,,,,,1.0,586.0,-1.0,475.0,-1.0,0.8780298453811551,0.880588260501591,86070.19700000003,503.9800720214844,505.6958618164063,0.7263604402542114,0.2824594676494598,0.5538663268089294,0.2905366420745849,0.0,0.0,1.0,0.2819570135746606,0.3326794074248346,530.5,,504.837966918945,,,,,,,,,,,,,,,,,,,,
5236,86069.3963,,,,,,Frage 1,,,,,,1.0,586.0,-1.0,461.0,-1.0,0.8795350950329257,0.8839977288066593,86086.85100000001,503.2156066894531,504.9714965820313,0.7274765968322753,0.2825928926467895,0.5549314022064209,0.2906618118286132,0.0,0.0,1.0,0.27799773755656104,0.33139701746587397,523.5,,504.093551635742,,,,,,,,,,,,,,,,,,,,
5237,86079.7911,,,,,,Frage 1,1.0,1.08707368373871,29.3999445105916,0.381371706724167,202.75,,,,,,0.6585048574425887,0.6495113533451946,,,,,,,,,,,0.37959439571535225,0.3642823432120883,,,,,,,,,,,,,,,,,,,,,,,
5238,86086.0504,,,,,,Frage 1,,,,,,1.0,602.0,-1.0,458.0,-1.0,0.8820338593802266,0.8868206507183184,86103.50600000005,502.5406494140625,504.3219299316406,0.728225827217102,0.2827296555042266,0.5556461215019226,0.2907758057117462,0.0,0.0,1.0,0.2816742081447963,0.33258855985909946,530.0,,503.431289672852,,,,,,,,,,,,,,,,,,,,
5239,86102.7058,,,,,,Frage 1,,,,,,1.0,602.0,-1.0,471.0,-1.0,0.8833743553387685,0.8856047052269586,86120.16099999996,501.905029296875,503.7079772949218,0.7289090752601624,0.2829038500785827,0.5563408136367797,0.2909846603870391,0.0,0.0,1.0,0.2853506787330316,0.3337796440621295,536.5,,502.806503295899,,,,,,,,,,,,,,,,,,,,
5240,86119.3605,,,,,,Frage 1,,,,,,1.0,588.0,-1.0,475.0,-1.0,0.8797972031812441,0.8815631595299058,86136.81599999998,501.4710388183594,503.3005981445313,0.729654848575592,0.2829437851905822,0.5571058988571167,0.291067749261856,0.0,0.0,1.0,0.2825226244343891,0.33286282371554127,531.5,,502.385818481445,,,,,,,,,,,,,,,,,,,,
5241,86136.0149,,,,,,Frage 1,,,,,,1.0,578.0,-1.0,462.0,-1.0,0.8795500726414011,0.8821845237457548,86153.46999999997,501.17974853515625,503.0329895019531,0.730250597000122,0.2828573882579803,0.55772465467453,0.2909573018550872,0.0,0.0,1.0,0.2760180995475113,0.33075543239368355,520.0,,502.106369018555,,,,,,,,,,,,,,,,,,,,
5242,86152.6703,,,,,,Frage 1,,,,,,1.0,574.0,-1.0,459.0,-1.0,0.8804986545115053,0.8817265354659695,86170.125,501.3701171875,503.2572326660156,0.730916142463684,0.2827654778957366,0.5584373474121093,0.290807157754898,0.0,0.0,1.0,0.3450220453750807,0.35311249989496646,516.5,,502.313674926758,,,,,,,,,,,,,,,,,,,,
5243,86169.3239,,,,,,Frage 1,,,,,,1.0,574.0,-1.0,456.0,-1.0,0.8806359492558625,0.8821711322755857,86186.78000000003,501.1066284179688,503.02944946289057,0.7317676544189453,0.2825151681900024,0.5592850446701049,0.2905017733573913,0.0,0.0,1.0,0.2731900452488687,0.3298391854285131,515.0,,502.06803894043,,,,,,,,,,,,,,,,,,,,
5244,86185.9793,,,,,,Frage 1,,,,,,1.0,581.0,-1.0,465.0,-1.0,0.88465244459533,0.8854065114684551,86203.434,500.9764404296875,502.9372863769531,0.7326230406761169,0.2822025716304779,0.5601421594619751,0.2901224792003631,0.0,0.0,1.0,0.2777149321266968,0.3313057055357225,523.0,,501.95686340332,,,,,,,,,,,,,,,,,,,,
5245,86202.6328,,,,,,Frage 1,,,,,,1.0,585.0,-1.0,466.0,-1.0,0.8836863888486713,0.8858457516900036,86220.08900000004,501.1123046875,503.1057739257813,0.733256459236145,0.2819916009902954,0.5608018040657043,0.2898179590702056,0.0,0.0,1.0,0.27912895927601805,0.33176385993094754,525.5,,502.109039306641,,,,,,,,,,,,,,,,,,,,
5246,86219.2893,,,,,,Frage 1,,,,,,1.0,574.0,-1.0,457.0,-1.0,0.8775231029610733,0.8855645308164511,86236.74400000006,500.6796875,502.70364379882807,0.7340304255485534,0.2817540168762207,0.5615630149841307,0.2895081937313079,0.0,0.0,1.0,0.34438685774564615,0.35290700103048583,515.5,,501.691665649414,,,,,,,,,,,,,,,,,,,,
5247,86235.9432,,,,,,Frage 1,,,,,,1.0,566.0,-1.0,464.0,-1.0,0.8733817942176448,0.8856555928136014,86253.39800000003,500.6956176757813,502.7394409179688,0.7344787120819091,0.2815549671649932,0.56199711561203,0.2893068194389343,0.0,0.0,1.0,0.2731900452488687,0.3298393068358088,515.0,,501.717529296875,,,,,,,,,,,,,,,,,,,,
5248,86252.5969,,,,,,Frage 1,,,,,,1.0,598.0,-1.0,472.0,-1.0,0.8821936205372967,0.8889873905916889,86270.05300000006,500.0451354980469,502.1052856445313,0.7349358797073364,0.2819179892539978,0.5624406933784484,0.2895183265209198,0.0,0.0,1.0,0.28450226244343885,0.3335050719546789,535.0,,501.075210571289,,,,,,,,,,,,,,,,,,,,
5249,86269.2531,,,,,,Frage 1,,,,,,1.0,583.0,-1.0,468.0,-1.0,0.8812350535948756,0.8894534137535757,86286.70799999998,500.3908386230469,502.4586791992188,0.7349248528480529,0.2821534574031829,0.5624592304229736,0.2896394729614257,0.0,0.0,1.0,0.27912895927601805,0.3317641535228042,525.5,,501.424758911133,,,,,,,,,,,,,,,,,,,,
5250,86285.9066,,,,,,Frage 1,,,,,,1.0,598.0,-1.0,514.0,-1.0,0.8791082331913789,0.8905381228372775,86303.36199999996,497.9772033691406,500.0247192382813,0.735085904598236,0.2825281023979187,0.5625577569007874,0.2898813188076019,0.0,0.0,1.0,0.2963800904977375,0.3373535134855534,556.0,,499.000961303711,,,,,,,,,,,,,,,,,,,,
5251,86302.5611,,,,,,Frage 1,,,,,,1.0,644.0,-1.0,599.0,-1.0,0.8754611855276362,0.9001505201247015,86320.01699999998,498.13967895507807,500.05667114257807,0.7316449880599974,0.284439742565155,0.559432566165924,0.2912873923778533,0.0,0.0,1.0,0.3334276018099547,0.3493576805253564,621.5,,499.098175048828,,,,,,,,,,,,,,,,,,,,
5252,86319.2173,,,,,,Frage 1,,,,,,1.0,1065.0,-1.0,937.0,-1.0,0.9015072466662339,0.8948314281735106,86336.67200000002,498.17095947265625,500.0934448242188,0.7312908172607421,0.2855547070503234,0.5592830181121826,0.2917729616165161,0.0,0.0,1.0,0.548076923076923,0.41890376609727376,1001.0,,499.132202148438,,,,,,,,,,,,,,,,,,,,
5253,86335.8701,,,,,,Frage 1,,,,,,1.0,1053.0,-1.0,957.0,-1.0,0.8872078594744067,0.8871099064739723,86353.326,498.32122802734375,500.0596923828125,0.7273218631744384,0.286373883485794,0.5550558567047119,0.2929222881793975,0.0,0.0,1.0,0.550339366515837,0.4196355143759478,1005.0,,499.190460205078,,,,,,,,,,,,,,,,,,,,
5254,86352.5266,,,,,,Frage 1,,,,,,1.0,1056.0,-1.0,976.0,-1.0,0.8988686913064967,0.8845682054358657,86369.98100000003,497.37063598632807,499.2365417480469,0.730657935142517,0.2837732136249542,0.5582213997840881,0.2904782891273498,0.0,0.0,1.0,0.5565610859728506,0.42165145672024623,1016.0,,498.303588867188,,,,,,,,,,,,,,,,,,,,
5255,86369.1808,,,,,,Frage 1,,,,,,1.0,1054.0,-1.0,968.0,-1.0,0.8984667921457421,0.8836468722882272,86386.63600000004,497.5901794433594,499.41744995117193,0.7297780513763427,0.2835625410079956,0.5573092103004454,0.290350317955017,0.0,0.0,1.0,0.5537330316742081,0.42073506602260036,1011.0,,498.503814697266,,,,,,,,,,,,,,,,,,,,
5256,86385.836,,,,,,Frage 1,,,,,,1.0,1052.0,-1.0,953.0,-1.0,0.8989935047104579,0.882661260083777,86403.29099999997,497.30416870117193,499.0895690917969,0.728974163532257,0.2835431396961212,0.5564656257629395,0.2904224097728729,0.0,0.0,1.0,0.5489253393665158,0.41917730233470774,1002.5,,498.196868896484,,,,,,,,,,,,,,,,,,,,
5257,86402.4988,,,,,,Frage 1,,,,,,1.0,1047.0,-1.0,946.0,-1.0,0.8987488704386941,0.8631618163950313,86419.94500000007,497.9303283691406,499.6691589355469,0.7277876138687133,0.2838024199008941,0.5552781820297241,0.2907599210739135,0.0,0.0,1.0,0.5455316742081447,0.4180757297395271,996.5,,498.799743652344,,,,,,,,,,,,,,,,,,,,
5258,86419.1446,,,,,,Frage 1,,,,,,1.0,1036.0,-1.0,945.0,-1.0,0.8985891092816239,0.8815015587671277,86436.59999999996,497.9302368164063,499.6692504882813,0.7277925014495848,0.2838045060634613,0.5552733540534973,0.2907578647136688,0.0,0.0,1.0,0.5421380090497736,0.4169780925298272,990.5,,498.799743652344,,,,,,,,,,,,,,,,,,,,
5259,86435.8,,,,,,Frage 1,,,,,,1.0,1045.0,-1.0,944.0,-1.0,0.9002616088947025,0.8815417331776352,86453.255,498.60659790039057,500.2595520019531,0.7257527709007263,0.2843116521835327,0.5532642602920532,0.2914434373378753,0.0,0.0,1.0,0.5444004524886876,0.4177111774929627,994.5,,499.433074951172,,,,,,,,,,,,,,,,,,,,
5260,86452.4536,,,,,,Frage 1,,,,,,1.0,1053.0,-1.0,956.0,-1.0,0.9012126870328858,0.8903854600773491,86469.90899999999,499.45843505859375,501.0690307617188,0.7246609926223754,0.2843530476093292,0.5521847009658813,0.2916456758975982,0.0,0.0,1.0,0.34385229719898264,0.35273509208761683,1004.5,,500.263732910156,,,,,,,,,,,,,,,,,,,,
5261,86469.1095,,,,,,Frage 1,,,,,,1.0,1054.0,-1.0,955.0,-1.0,0.9028652165013306,0.8922388395487612,86486.56400000001,499.5173034667969,501.0934753417969,0.7239693999290466,0.2842086851596832,0.551494300365448,0.2916583716869354,0.0,0.0,1.0,0.3435752218988426,0.3526455679303693,1004.5,,500.305389404297,,,,,,,,,,,,,,,,,,,,
5262,86485.7648,,,,,,Frage 1,,,,,,1.0,1056.0,-1.0,953.0,-1.0,0.9014548250365705,0.8874875459327428,86503.21900000003,500.2274475097656,501.77066040039057,0.72310072183609,0.2840964198112487,0.5506601333618164,0.2916643917560577,0.0,0.0,1.0,0.5500565610859728,0.41954439824475437,1004.5,,500.999053955078,,,,,,,,,,,,,,,,,,,,
5263,86502.4169,,,,,,Frage 1,,,,,,1.0,1050.0,-1.0,963.0,-1.0,0.9026056046210915,0.8890597045306021,86519.87300000002,500.3623962402344,501.8768615722656,0.7225201725959777,0.2839710116386413,0.5501178503036499,0.2917136847972869,0.0,0.0,1.0,0.5511877828054298,0.4199111124683331,1006.5,,501.11962890625,,,,,,,,,,,,,,,,,,,,
5264,86519.0737,,,,,,Frage 1,,,,,,1.0,1049.0,-1.0,958.0,-1.0,0.9044004213700518,0.886874216598995,86536.52800000005,500.7946166992188,502.282958984375,0.7218332886695861,0.2835447788238525,0.5494461059570312,0.2913167178630828,0.0,0.0,1.0,0.5494909502262443,0.4193611759296795,1003.5,,501.538787841797,,,,,,,,,,,,,,,,,,,,
5265,86535.7273,,,,,,Frage 1,,,,,,1.0,1059.0,-1.0,964.0,-1.0,0.9036515409462854,0.8871393677083446,86553.18299999996,500.71484375,502.1824035644531,0.7215821743011473,0.2837687730789184,0.5492240190505981,0.2918591201305389,0.0,0.0,1.0,0.3443887780706664,0.35290865394667115,1011.5,,501.448623657227,,,,,,,,,,,,,,,,,,,,
5266,86552.382,,,,,,Frage 1,,,,,,1.0,1053.0,-1.0,908.0,-1.0,0.9032995671471151,0.8933744362191058,86569.83700000006,508.1015319824218,509.5999450683594,0.720535159111023,0.2837128043174743,0.5483285188674926,0.2921309471130371,0.0,0.0,1.0,0.5364819004524886,0.4151469195593703,980.5,,508.850738525391,,,,,,,,,,,,,,,,,,,,
5267,86569.0371,,,,,,Frage 1,,,,,,1.0,481.0,-1.0,536.0,-1.0,0.9066670327859849,0.9069748133229057,86586.49199999998,505.7804870605469,507.3820190429688,0.7236912250518798,0.2833781540393829,0.5514173507690429,0.2921297252178192,0.0,0.0,1.0,0.2695135746606334,0.3286514609821717,508.5,,506.581253051758,,,,,,,,,,,,,,,,,,,,
5268,86585.9237,,,,,,Frage 1,,,,,,1.0,455.0,-1.0,374.0,-1.0,0.9003015491839701,0.9118600216406157,86603.14699999998,501.7487182617188,503.3792419433594,0.7255477905273438,0.2832439839839935,0.5532293319702148,0.2921720147132873,0.0,0.0,1.0,0.21634615384615377,0.3114256632275926,414.5,,502.563980102539,,,,,,,,,,,,,,,,,,,,
5269,86602.3456,,,,,,Frage 1,,,,,,1.0,424.0,-1.0,331.0,-1.0,0.8906634581300955,0.9031743140888979,86619.80099999996,503.0397338867188,504.6428527832031,0.724581241607666,0.2834995687007904,0.5523703098297119,0.2924712300300598,0.0,0.0,1.0,0.19541855203619904,0.30464395679854456,377.5,,503.841293334961,,,,,,,,,,,,,,,,,,,,
5270,86619.0011,,,,,,Frage 1,,,,,,1.0,433.0,-1.0,337.0,-1.0,0.8910229207335034,0.898993497102086,86636.456,503.00433349609375,504.6045837402344,0.7245807647705078,0.2840077877044677,0.552383303642273,0.2930790185928344,0.0,0.0,1.0,0.19966063348416282,0.3060179566332337,385.0,,503.804458618164,,,,,,,,,,,,,,,,,,,,
5271,86635.6556,,,,,,Frage 1,,,,,,1.0,438.0,-1.0,344.0,-1.0,0.8904462828072033,0.8999201868377917,86653.11100000003,502.866943359375,504.4664001464844,0.7246435284614563,0.2842248380184173,0.5524471402168273,0.2933682799339294,0.0,0.0,1.0,0.2030542986425339,0.3071175717366586,391.0,,503.66667175293,,,,,,,,,,,,,,,,,,,,
5272,86652.3108,,,,,,Frage 1,,,,,,1.0,445.0,-1.0,334.0,-1.0,0.8934018642130016,0.8938270679108234,86669.76600000006,502.3518676757813,503.9460754394531,0.7246985435485839,0.2843952775001525,0.5524845123291015,0.2935939729213714,0.0,0.0,1.0,0.20220588235294115,0.30684215208595117,389.5,,503.148971557617,,,,,,,,,,,,,,,,,,,,
5273,86668.9652,,,,,,Frage 1,,,,,,1.0,452.0,-1.0,337.0,-1.0,0.8931048083115742,0.8934119323355795,86686.42000000003,502.23675537109375,503.8210754394531,0.7245745062828064,0.2844555377960205,0.5523554682731628,0.2937569916248321,0.0,0.0,1.0,0.20503393665158368,0.3077583806917831,394.5,,503.028915405274,,,,,,,,,,,,,,,,,,,,
5274,86685.6191,,,,,,Frage 1,,,,,,1.0,444.0,-1.0,351.0,-1.0,0.8883344400121818,0.8990872373932699,86703.07500000007,501.7628784179688,503.3350524902344,0.7245212793350219,0.2844264209270477,0.5522776246070861,0.293862372636795,0.0,0.0,1.0,0.2067307692307692,0.30830858117885734,397.5,,502.548965454102,,,,,,,,,,,,,,,,,,,,
5275,86702.2756,,,,,,Frage 1,,,,,,1.0,443.0,-1.0,356.0,-1.0,0.8875531081033854,0.8991729428023526,86719.72999999998,501.72573852539057,503.2808837890625,0.7242404818534851,0.2841193974018096,0.5520089268684387,0.2936980426311492,0.0,0.0,1.0,0.2078619909502262,0.30867507680096673,399.5,,502.503311157227,,,,,,,,,,,,,,,,,,,,
5276,86718.9279,,,,,,Frage 1,,,,,,1.0,448.0,-1.0,335.0,-1.0,0.8871187574576008,0.8948126801152737,86736.38399999996,501.830078125,503.372802734375,0.7240046858787536,0.2838754653930664,0.551787257194519,0.2935635149478912,0.0,0.0,1.0,0.20333710407239816,0.3072085586589347,391.5,,502.601440429688,,,,,,,,,,,,,,,,,,,,
5277,86735.5848,,,,,,Frage 1,,,,,,1.0,451.0,-1.0,335.0,-1.0,0.8957092677623857,0.8962937767159831,86753.03899999999,501.5989990234375,503.1335144042969,0.7239615321159362,0.2837078869342804,0.5517295002937316,0.2935103476047515,0.0,0.0,1.0,0.20418552036199092,0.30748388214344813,393.0,,502.366256713867,,,,,,,,,,,,,,,,,,,,
5278,86752.2397,,,,,,Frage 1,,,,,,1.0,448.0,-1.0,346.0,-1.0,0.8850892915091937,0.8964089433594378,86769.69400000003,501.7664184570313,503.2928161621094,0.7238242030143737,0.2835315465927124,0.5515996813774108,0.2934708595275878,0.0,0.0,1.0,0.34274545782577415,0.3523765702162332,397.0,,502.52961730957,,,,,,,,,,,,,,,,,,,,
5279,86768.892,,,,,,Frage 1,,,,,,1.0,444.0,-1.0,344.0,-1.0,0.8869864552494021,0.8685935457884992,86786.348,501.2950134277344,502.8228759765625,0.7240525484085083,0.2836443781852722,0.5517852902412415,0.2936770617961883,0.0,0.0,1.0,0.3471600974854702,0.3538040731465895,394.0,,502.058944702149,,,,,,,,,,,,,,,,,,,,
5280,86785.5485,,,,,,Frage 1,,,,,,1.0,445.0,-1.0,343.0,-1.0,0.8857508025501875,0.8965107185327233,86803.00300000001,501.1019592285156,502.6292724609375,0.7241460680961608,0.2838835716247558,0.551850140094757,0.2939966022968292,0.0,0.0,1.0,0.20475113122171942,0.3076668305422129,394.0,,501.865615844727,,,,,,,,,,,,,,,,,,,,
5281,86802.202,,,,,,Frage 1,,,,,,1.0,474.0,-1.0,368.0,-1.0,0.8891532159421666,0.8976891679076096,86819.65800000005,503.0270385742188,504.5329895019531,0.7231831550598145,0.2842495739459991,0.5509679913520813,0.2944473326206207,0.0,0.0,1.0,0.2200226244343891,0.31261498660795733,421.0,,503.780014038086,,,,,,,,,,,,,,,,,,,,
5282,86818.8575,,,,,,Frage 1,,,,,,1.0,494.0,-1.0,533.0,-1.0,0.8981173146146512,0.89969521013895,86836.31200000003,499.198486328125,500.6276245117188,0.7224416136741638,0.285178393125534,0.550011932849884,0.2953050434589386,0.0,0.0,1.0,0.27234162895927594,0.3295667023117348,513.5,,499.913055419922,,,,,,,,,,,,,,,,,,,,
5283,86835.5123,,,,,,Frage 1,,,,,,1.0,-1.0,-1.0,946.0,-1.0,0.0,0.8909398669423524,86852.96700000006,-1.0,500.6690368652344,-1.0,-1.0,0.5480051636695861,0.2965282201766967,4.0,0.0,1.0,0.5169683257918551,0.4087943476654586,946.0,,500.669036865234,,,,,,,,,,,,,,,,,,,,
5284,86852.1659,,,,,,Frage 1,,,,,,1.0,1225.0,-1.0,1053.0,-1.0,0.9081972451185478,0.8858886043945449,86869.62199999997,501.2600402832031,502.6003112792969,0.7191048264503479,0.2886022627353668,0.5459769368171691,0.2972829043865203,0.0,0.0,1.0,0.6261312217194569,0.4441924310691253,1139.0,,501.93017578125,,,,,,,,,,,,,,,,,,,,
5285,86868.8212,,,,,,Frage 1,,,,,,1.0,1212.0,-1.0,1102.0,-1.0,0.9150819524810409,0.8919736884394116,86886.27600000007,500.6017761230469,501.90625,0.7179726362228394,0.2892733514308929,0.5450271368026733,0.297282725572586,0.0,0.0,1.0,0.6363122171945701,0.44749190573868025,1157.0,,501.254013061524,,,,,,,,,,,,,,,,,,,,
5286,86885.4748,,,,,,Frage 1,,,,,,1.0,1206.0,-1.0,1088.0,-1.0,0.9183895076860096,0.8802266908070235,86902.93099999998,500.40673828125,501.690673828125,0.7175758481025695,0.2883047461509704,0.5446067452430725,0.2963126301765441,0.0,0.0,1.0,0.6306561085972849,0.44565823143558775,1147.0,,501.048706054688,,,,,,,,,,,,,,,,,,,,
5287,86902.1317,,,,,,Frage 1,,,,,,1.0,1197.0,-1.0,1072.0,-1.0,0.9200819774437217,0.8778590788811159,86919.58600000001,500.5406494140625,501.758056640625,0.716310977935791,0.2870376110076904,0.5435394644737243,0.2955335974693298,0.0,0.0,1.0,0.34601332609202345,0.35343458367258423,1134.5,,501.149353027344,,,,,,,,,,,,,,,,,,,,
5288,86918.786,,,,,,Frage 1,,,,,,1.0,1202.0,-1.0,1085.0,-1.0,0.890333014032347,0.8902810066100296,86936.24100000004,500.8416137695313,502.0193176269531,0.7154669761657714,0.2870498597621917,0.5427969694137573,0.2957945168018341,0.0,0.0,1.0,0.6286764705882351,0.4450169481917789,1143.5,,501.430465698242,,,,,,,,,,,,,,,,,,,,
5289,86935.4394,,,,,,Frage 1,,,,,,1.0,1197.0,-1.0,1085.0,-1.0,0.9246426592244594,0.8914246381624761,86952.89500000003,502.191650390625,503.3245849609375,0.7141605615615844,0.2872036099433898,0.541620910167694,0.2960792481899261,0.0,0.0,1.0,0.6272624434389139,0.44456006480096516,1141.0,,502.758117675781,,,,,,,,,,,,,,,,,,,,
5290,86952.0961,,,,,,Frage 1,,,,,,1.0,1202.0,-1.0,1074.0,-1.0,0.9235393087334436,0.8912800102846492,86969.55000000003,502.7818298339844,503.87310791015625,0.7131000757217407,0.2875787019729614,0.5405895113945007,0.2965117692947387,0.0,0.0,1.0,0.6255656108597284,0.4440102441908096,1138.0,,503.32746887207,,,,,,,,,,,,,,,,,,,,
5291,86968.7488,,,,,,Frage 1,,,,,,1.0,1209.0,-1.0,1073.0,-1.0,0.9258308828301689,0.8939636609065489,86986.20500000006,503.434814453125,504.4856262207031,0.7120261192321777,0.2882647216320037,0.5395383238792419,0.2972196638584137,0.0,0.0,1.0,0.3435230733490303,0.3526296133156122,1141.0,,503.960220336914,,,,,,,,,,,,,,,,,,,,
5292,86985.4044,,,,,,Frage 1,,,,,,1.0,1201.0,-1.0,1082.0,-1.0,0.925898282068308,0.8965991022358398,87002.85900000005,503.4696044921875,504.4499206542969,0.7104108929634094,0.2878999412059783,0.5379245281219482,0.2968157529830932,0.0,0.0,1.0,0.6275452488687783,0.44465227240347427,1141.5,,503.959762573242,,,,,,,,,,,,,,,,,,,,
5293,87002.0595,,,,,,Frage 1,,,,,,1.0,1208.0,-1.0,1087.0,-1.0,0.9269716773423732,0.9006808223434003,87019.51399999997,503.443115234375,504.3336486816406,0.7090044021606445,0.2902007699012756,0.5359137654304504,0.2998013496398925,0.0,0.0,1.0,0.6309389140271492,0.4457522701603544,1147.5,,503.888381958008,,,,,,,,,,,,,,,,,,,,
5294,87018.7132,,,,,,Frage 1,,,,,,1.0,1209.0,-1.0,1085.0,-1.0,0.9267170579982925,0.8985676483507065,87036.16899999998,503.1546936035156,504.0427856445313,0.7088821530342102,0.2893123924732208,0.5359177589416503,0.2987442910671234,0.0,0.0,1.0,0.6306561085972849,0.445660413931121,1147.0,,503.598739624024,,,,,,,,,,,,,,,,,,,,
5295,87035.3682,,,,,,Frage 1,,,,,,1.0,1203.0,-1.0,1095.0,-1.0,0.9257934388089806,0.899550582261123,87052.82299999997,503.1233215332031,503.96002197265625,0.7077112793922424,0.2892513871192932,0.5349071025848388,0.2987339496612548,0.0,0.0,1.0,0.631787330316742,0.44602699807905327,1149.0,,503.54167175293,,,,,,,,,,,,,,,,,,,,
5296,87052.0228,,,,,,Frage 1,,,,,,1.0,1205.0,-1.0,1077.0,-1.0,0.9283296471774697,0.891601405568709,87069.478,503.1082763671875,503.8856506347656,0.706442654132843,0.2887960076332092,0.5337427854537963,0.2984208464622497,0.0,0.0,1.0,0.6272624434389139,0.44456020552393677,1141.0,,503.496963500977,,,,,,,,,,,,,,,,,,,,
5297,87068.679,,,,,,Frage 1,,,,,,1.0,1205.0,-1.0,1071.0,-1.0,0.9281199606588153,0.8842937583693361,87086.13300000003,502.81686401367193,503.5417175292969,0.7054393291473388,0.2882880568504333,0.5328215956687927,0.298117846250534,0.0,0.0,1.0,0.6255656108597284,0.4440096701281137,1138.0,,503.179290771484,,,,,,,,,,,,,,,,,,,,
5298,87085.3328,,,,,,Frage 1,,,,,,1.0,1208.0,-1.0,1098.0,-1.0,0.9238563347795047,0.9068462552092819,87102.78700000001,503.38916015625,504.0628356933594,0.7042638659477233,0.2878049314022064,0.5317226648330688,0.2978320121765136,0.0,0.0,1.0,0.634049773755656,0.4467607173112787,1153.0,,503.725997924805,,,,,,,,,,,,,,,,,,,,
5299,87091.6349,,,,,,Frage 1,1.0,0.398047089576721,29.4031160256413,0.386435568332672,203.0234375,,,,,,0.6585048574425887,0.6495113533451946,,,,,,,,,,,0.37959439571535225,0.3642823432120883,,,,,,,,,,,,,,,,,,,,,,,
5300,87101.9859,,,,,,Frage 1,,,,,,1.0,1225.0,-1.0,1088.0,-1.0,0.921167854058183,0.9081693324619949,87119.44200000005,503.34292602539057,503.9874267578125,0.7036094069480896,0.2880294919013977,0.5310648679733276,0.2980481684207916,0.0,0.0,1.0,0.6360294117647058,0.44740216272567757,1156.5,,503.665176391602,,,,,,,,,,,,,,,,,,,,
5301,87118.6421,,,,,,Frage 1,,,,,,1.0,1224.0,-1.0,1075.0,-1.0,0.9263126625694587,0.9028582753929058,87136.09700000007,504.03958129882807,504.64105224609375,0.7026123404502868,0.2876585721969604,0.530144691467285,0.2979049980640411,0.0,0.0,1.0,0.6320701357466062,0.4461189872336754,1149.5,,504.340316772461,,,,,,,,,,,,,,,,,,,,
5302,87135.2953,,,,,,Frage 1,,,,,,1.0,1209.0,-1.0,1077.0,-1.0,0.9266022296666485,0.9040849340604009,87152.75100000003,503.7483215332031,504.3258666992188,0.7022496461868286,0.2878572940826416,0.5298030376434326,0.2982974052429199,0.0,0.0,1.0,0.6283936651583709,0.444927958237298,1143.0,,504.037094116211,,,,,,,,,,,,,,,,,,,,
5303,87151.9512,,,,,,Frage 1,,,,,,1.0,1194.0,-1.0,1080.0,-1.0,0.9057033781945559,0.9062650654039403,87169.40600000006,503.7269287109375,504.27944946289057,0.7016801834106445,0.2878209948539733,0.5292332768440245,0.2982407212257385,0.0,0.0,1.0,0.6249999999999999,0.4438279533621308,1137.0,,504.003189086914,,,,,,,,,,,,,,,,,,,,
5304,87168.6064,,,,,,Frage 1,,,,,,1.0,1190.0,-1.0,1088.0,-1.0,0.9247125547306776,0.9073470961936084,87186.06099999999,503.0816040039063,503.62161254882807,0.7016323804855346,0.2882804572582244,0.5292031168937683,0.2988728880882263,0.0,0.0,1.0,0.6261312217194569,0.4441952092740602,1139.0,,503.351608276367,,,,,,,,,,,,,,,,,,,,
5305,87185.2672,,,,,,Frage 1,,,,,,1.0,1205.0,-1.0,1094.0,-1.0,0.9239636743069112,0.9072613907845258,87202.71600000001,503.0475769042969,503.5728149414063,0.7013744711875916,0.2883146107196807,0.5289644598960876,0.2990269362926483,0.0,0.0,1.0,0.6320701357466062,0.44611936689214526,1149.5,,503.310195922852,,,,,,,,,,,,,,,,,,,,
5306,87201.9147,,,,,,Frage 1,,,,,,1.0,1151.0,-1.0,1023.0,-1.0,0.9249546927343621,0.9055928136014486,87219.36999999998,501.2497253417969,501.7828674316406,0.7020508646965026,0.2882177531719207,0.5295872688293457,0.2990516722202301,0.0,0.0,1.0,0.341676592445613,0.352032538240275,1087.0,,501.516296386719,,,,,,,,,,,,,,,,,,,,
5307,87218.569,,,,,,Frage 1,,,,,,1.0,1104.0,-1.0,979.0,-1.0,0.9188862650337746,0.9039135232422356,87236.02500000001,500.6600036621094,501.1999206542969,0.7024040818214417,0.2879939973354339,0.5299314856529235,0.2989251911640167,0.0,0.0,1.0,0.5709841628959276,0.4263271677286531,1041.5,,500.929962158203,,,,,,,,,,,,,,,,,,,,
5308,87235.2239,,,,,,Frage 1,,,,,,1.0,1081.0,-1.0,968.0,-1.0,0.9122187329941737,0.8987872684614807,87252.68000000005,501.22805786132807,501.76116943359375,0.7021362781524658,0.2878564298152923,0.5296905636787415,0.2988178133964538,0.0,0.0,1.0,0.5613687782805429,0.42321105623726774,1024.5,,501.494613647461,,,,,,,,,,,,,,,,,,,,
5309,87251.8794,,,,,,Frage 1,,,,,,1.0,1076.0,-1.0,957.0,-1.0,0.9160055716703528,0.8925950526552607,87269.33400000003,501.5357055664063,502.0728759765625,0.70213383436203,0.2878279685974121,0.5296934247016906,0.29874849319458,0.0,0.0,1.0,0.5568438914027148,0.42174448778228535,1016.5,,501.804290771484,,,,,,,,,,,,,,,,,,,,
5310,87268.533,,,,,,Frage 1,,,,,,1.0,1082.0,-1.0,968.0,-1.0,0.9140110534750548,0.8906586460688001,87285.98900000006,501.1700134277344,501.7180786132813,0.7024872303009033,0.2878876626491546,0.5300338864326477,0.2988463342189788,0.0,0.0,1.0,0.5616515837104071,0.4233018990804394,1025.0,,501.444046020508,,,,,,,,,,,,,,,,,,,,
5311,87285.1896,,,,,,Frage 1,,,,,,1.0,1093.0,-1.0,973.0,-1.0,0.9145826988651965,0.892686114652411,87302.64399999997,501.1054382324218,501.6618041992188,0.7027105093002319,0.2882243394851684,0.5302534699440002,0.299228549003601,0.0,0.0,1.0,0.5661764705882352,0.42476817933482547,1033.0,,501.38362121582,,,,,,,,,,,,,,,,,,,,
5312,87301.8419,,,,,,Frage 1,,,,,,1.0,1098.0,-1.0,971.0,-1.0,0.9105662035257291,0.8899703245021051,87319.29800000007,501.0330200195313,501.5972595214844,0.7029206156730651,0.2886351346969604,0.5304638743400573,0.2996766269207,0.0,0.0,1.0,0.5670248868778279,0.42504264828285393,1034.5,,501.315139770508,,,,,,,,,,,,,,,,,,,,
5313,87318.4982,,,,,,Frage 1,,,,,,1.0,1090.0,-1.0,970.0,-1.0,0.9077204579154164,0.890626506540394,87335.95299999998,501.0548706054688,501.6305847167969,0.7031636834144592,0.289156824350357,0.530702233314514,0.3001990914344787,0.0,0.0,1.0,0.5644796380090497,0.424217968596302,1030.0,,501.342727661133,,,,,,,,,,,,,,,,,,,,
5314,87335.1534,,,,,,Frage 1,,,,,,1.0,1095.0,-1.0,961.0,-1.0,0.9076954952346242,0.8879669605647986,87352.608,501.1877136230469,501.774658203125,0.7034093737602233,0.2894991040229797,0.5309168696403503,0.3005689978599548,0.0,0.0,1.0,0.34429679336890906,0.3528790713711246,1028.0,,501.481185913086,,,,,,,,,,,,,,,,,,,,
5315,87351.8063,,,,,,Frage 1,,,,,,1.0,1092.0,-1.0,962.0,-1.0,0.9102242147988756,0.8725893037614001,87369.262,501.13381958007807,501.7337036132813,0.7037004232406616,0.2898431420326232,0.5311957597732543,0.3008979260921478,0.0,0.0,1.0,0.5627828054298641,0.4236664081390698,1027.0,,501.43376159668,,,,,,,,,,,,,,,,,,,,
5316,87368.4621,,,,,,Frage 1,,,,,,1.0,1087.0,-1.0,964.0,-1.0,0.9089960509038987,0.883925414867746,87385.91700000002,501.0166931152344,501.6345825195313,0.7040911316871643,0.2899903655052185,0.5315729975700378,0.3009746074676513,0.0,0.0,1.0,0.5619343891402714,0.4233926610451222,1025.5,,501.325637817383,,,,,,,,,,,,,,,,,,,,
5317,87385.116,,,,,,Frage 1,,,,,,1.0,1099.0,-1.0,975.0,-1.0,0.9074009356012761,0.8807650279078238,87402.57200000003,500.28237915039057,500.909912109375,0.704464316368103,0.2899045050144195,0.5319226384162902,0.3008565008640289,0.0,0.0,1.0,0.5684389140271492,0.4254997273557294,1037.0,,500.596145629883,,,,,,,,,,,,,,,,,,,,
5318,87401.7716,,,,,,Frage 1,,,,,,1.0,1195.0,-1.0,995.0,-1.0,0.9058507531240795,0.8748727810333929,87419.22600000001,500.4442443847656,501.0714111328125,0.7043642401695251,0.289687842130661,0.531862735748291,0.3005679547786712,0.0,0.0,1.0,0.6012443438914026,0.4361279301934865,1095.0,,500.757827758789,,,,,,,,,,,,,,,,,,,,
5319,87418.4259,,,,,,Frage 1,,,,,,1.0,1235.0,-1.0,1114.0,-1.0,0.9033944253341255,0.8591503460971224,87435.88100000005,501.08639526367193,501.73046875,0.7045618891716003,0.2894559502601623,0.532059907913208,0.3002636432647705,0.0,0.0,1.0,0.6462104072398189,0.4506950922388182,1174.5,,501.408432006836,,,,,,,,,,,,,,,,,,,,
5320,87435.0803,,,,,,Frage 1,,,,,,1.0,1228.0,-1.0,1114.0,-1.0,0.9053739659209483,0.8752156026697235,87452.53599999996,500.9723510742188,501.6475524902344,0.7052918672561646,0.2895923852920532,0.5327610969543457,0.3003884851932525,0.0,0.0,1.0,0.6442307692307692,0.4500554304414683,1171.0,,501.309951782227,,,,,,,,,,,,,,,,,,,,
5321,87451.7369,,,,,,Frage 1,,,,,,1.0,1232.0,-1.0,1093.0,-1.0,0.9070963908956111,0.8632236978512585,87469.19099999998,500.6492614746094,501.3551025390625,0.7060149312019348,0.2896714210510253,0.5335039496421814,0.3004152178764343,0.0,0.0,1.0,0.6394230769230769,0.4484965625657718,1162.5,,501.002182006836,,,,,,,,,,,,,,,,,,,,
5322,87468.389,,,,,,Frage 1,,,,,,1.0,1230.0,-1.0,1117.0,-1.0,0.9057234434520393,0.8707562431033928,87485.84499999997,500.2486877441406,500.9819946289063,0.7066781520843505,0.2899642884731292,0.5341541171073912,0.3006306290626525,0.0,0.0,1.0,0.6456447963800904,0.4505131193883307,1173.5,,500.615341186524,,,,,,,,,,,,,,,,,,,,
5323,87485.0448,,,,,,Frage 1,,,,,,1.0,1230.0,-1.0,1130.0,-1.0,0.9009730452972805,0.8739809091201268,87502.5,500.2112121582031,500.971435546875,0.7072840332984924,0.2905331254005432,0.5347439646720886,0.301188975572586,0.0,0.0,1.0,0.6493212669683257,0.45170446297250355,1180.0,,500.591323852539,,,,,,,,,,,,,,,,,,,,
5324,87501.6998,,,,,,Frage 1,,,,,,1.0,1229.0,-1.0,-1.0,-1.0,0.8979350870448679,0.0,87519.15500000003,500.1624755859375,-1.0,0.7078788876533508,0.2907680571079254,-1.0,-1.0,0.0,4.0,1.0,0.6770361990950226,0.4605930904116696,1229.0,,500.162475585938,,,,,,,,,,,,,,,,,,,,
5325,87518.3528,,,,,,Frage 1,,,,,,1.0,1218.0,-1.0,-1.0,-1.0,0.8979725310660562,0.8519594313562016,87535.809,500.0069580078125,-1.0,0.7085115313529968,0.2908975183963775,-1.0,-1.0,0.0,4.0,1.0,0.6708144796380089,0.458665814963073,1218.0,,500.006958007813,,,,,,,,,,,,,,,,,,,,
5326,87535.009,,,,,,Frage 1,,,,,,1.0,1222.0,-1.0,1125.0,-1.0,0.8960678785216103,0.8654505426223712,87552.46400000004,499.387451171875,500.2345886230469,0.7093057632446289,0.2907393872737884,0.5366878509521484,0.3011354804039001,0.0,0.0,1.0,0.34774404596857256,0.3539932455236852,1173.5,,499.811019897461,,,,,,,,,,,,,,,,,,,,
5327,87551.6636,,,,,,Frage 1,,,,,,1.0,1230.0,-1.0,1111.0,-1.0,0.8956559942885386,0.8520099762460361,87569.11900000006,499.13482666015625,500.0096740722656,0.7100343108177185,0.2903171479701995,0.5373815894126892,0.3007435798645019,0.0,0.0,1.0,0.6439479638009049,0.44996106806671377,1170.5,,499.572250366211,,,,,,,,,,,,,,,,,,,,
5328,87568.3173,,,,,,Frage 1,,,,,,1.0,1143.0,-1.0,1064.0,-1.0,0.8975007363990836,0.8607688846512326,87585.77300000003,497.0193786621094,497.9450073242188,0.7116077542304992,0.2908083498477935,0.5388849973678588,0.3010710477828979,0.0,0.0,1.0,0.606052036199095,0.4376838660372715,1103.5,,497.482192993164,,,,,,,,,,,,,,,,,,,,
5329,87584.9737,,,,,,Frage 1,,,,,,1.0,1074.0,-1.0,953.0,-1.0,0.8877553058178025,0.8647247249392026,87602.42800000006,498.880126953125,499.87640380859375,0.7126767635345459,0.2910048365592956,0.540095031261444,0.3012149631977081,0.0,0.0,1.0,0.5551470588235293,0.4211908848185393,1013.5,,499.378265380859,,,,,,,,,,,,,,,,,,,,
5330,87601.6287,,,,,,Frage 1,,,,,,1.0,920.0,-1.0,791.0,-1.0,0.8777877073774707,0.865710337143653,87619.08299999998,501.9188232421875,502.972412109375,0.7131603956222534,0.2910472750663757,0.540704071521759,0.3012061417102813,0.0,0.0,1.0,0.46578054298642524,0.3922361576675687,855.5,,502.445617675781,,,,,,,,,,,,,,,,,,,,
5331,87618.2818,,,,,,Frage 1,,,,,,1.0,913.0,-1.0,781.0,-1.0,0.8777926999136291,0.8643979730670751,87635.73699999996,500.4674377441406,501.5538940429688,0.71415776014328,0.2914754748344421,0.5416492223739624,0.3014590442180633,0.0,0.0,1.0,0.46097285067873295,0.3906783427076985,847.0,,501.010665893555,,,,,,,,,,,,,,,,,,,,
5332,87634.9371,,,,,,Frage 1,,,,,,1.0,916.0,-1.0,779.0,-1.0,0.8765894986994442,0.8630775741083959,87652.39199999998,499.8912353515625,500.99505615234375,0.7146158814430236,0.2918466925621032,0.5420892238616943,0.3017089068889617,0.0,0.0,1.0,0.4612556561085972,0.39076979371350073,847.5,,500.443145751953,,,,,,,,,,,,,,,,,,,,
5333,87651.5915,,,,,,Frage 1,,,,,,1.0,905.0,-1.0,794.0,-1.0,0.877430741042142,0.8623624696013626,87669.04700000002,499.5983276367188,500.7236022949218,0.7151528596878051,0.292275458574295,0.542604923248291,0.3021053671836853,0.0,0.0,1.0,0.34805322014345036,0.3540924776757861,849.5,,500.16096496582,,,,,,,,,,,,,,,,,,,,
5334,87668.2469,,,,,,Frage 1,,,,,,1.0,902.0,-1.0,788.0,-1.0,0.8772385284000419,0.8499476722069308,87685.701,499.6249084472656,500.7679138183594,0.7154561877250671,0.2922797203063964,0.542889416217804,0.3019521534442901,0.0,0.0,1.0,0.45984162895927594,0.39031030987669946,845.0,,500.196411132813,,,,,,,,,,,,,,,,,,,,
5335,87684.9023,,,,,,Frage 1,,,,,,1.0,908.0,-1.0,781.0,-1.0,0.8750393162222478,0.855270346999775,87702.35600000003,499.0484313964844,500.20620727539057,0.715885043144226,0.2923853397369384,0.5432825684547424,0.3019633889198303,0.0,0.0,1.0,0.4595588235294117,0.39021916191306405,844.5,,499.627319335938,,,,,,,,,,,,,,,,,,,,
5336,87701.5555,,,,,,Frage 1,,,,,,1.0,909.0,-1.0,780.0,-1.0,0.8743578350366202,0.8549730563620196,87719.01100000004,498.7868347167969,499.9548645019531,0.7161276340484619,0.2922703623771667,0.5435155034065245,0.3017500936985015,0.0,0.0,1.0,0.4595588235294117,0.3902191084013123,844.5,,499.370849609375,,,,,,,,,,,,,,,,,,,,
5337,87718.212,,,,,,Frage 1,,,,,,1.0,904.0,-1.0,789.0,-1.0,0.8736513911702005,0.858176296026483,87735.66599999997,498.19244384765625,499.371337890625,0.7164544463157653,0.2917351126670837,0.5438287258148193,0.3010831475257873,0.0,0.0,1.0,0.4606900452488687,0.3905859305091511,846.5,,498.781890869141,,,,,,,,,,,,,,,,,,,,
5338,87734.8644,,,,,,Frage 1,,,,,,1.0,904.0,-1.0,787.0,-1.0,0.8721661116630637,0.8574665481075174,87752.32000000007,497.86764526367193,499.0531311035156,0.7166391611099243,0.2912457287311554,0.5440037846565245,0.3004999458789825,0.0,0.0,1.0,0.3487765142751656,0.3543261394011778,845.5,,498.460388183594,,,,,,,,,,,,,,,,,,,,
5339,87751.5205,,,,,,Frage 1,,,,,,1.0,910.0,-1.0,783.0,-1.0,0.8758730697607078,0.8560390173874849,87768.97499999996,497.7832946777344,498.97454833984375,0.7167916297912597,0.2911384403705596,0.5441392064094543,0.3003820776939392,0.0,0.0,1.0,0.4606900452488687,0.39058578211090395,846.5,,498.378921508789,,,,,,,,,,,,,,,,,,,,
5340,87768.1756,,,,,,Frage 1,,,,,,1.0,904.0,-1.0,787.0,-1.0,0.8746224394530178,0.8538106767513366,87785.63,497.7337951660156,498.9342956542969,0.7169789671897888,0.2909625768661499,0.5443578958511353,0.3001587092876434,0.0,0.0,1.0,0.4601244343891402,0.3904022526993967,845.5,,498.334045410156,,,,,,,,,,,,,,,,,,,,
5341,87784.8281,,,,,,Frage 1,,,,,,1.0,912.0,-1.0,787.0,-1.0,0.8550954569118498,0.8538106767513366,87802.28399999999,497.79248046875,498.998291015625,0.7170882225036621,0.2909500896930694,0.5444588661193847,0.3001481890678405,0.0,0.0,1.0,0.4623868778280542,0.3911346299875744,849.5,,498.395385742188,,,,,,,,,,,,,,,,,,,,
5342,87801.4848,,,,,,Frage 1,,,,,,1.0,912.0,-1.0,793.0,-1.0,0.8731346636778017,0.8544025797328134,87818.93900000001,497.7594299316406,498.9743347167969,0.7172843217849731,0.2910252213478088,0.5446807742118835,0.300206571817398,0.0,0.0,1.0,0.4640837104072397,0.3916850590946484,852.5,,498.366882324219,,,,,,,,,,,,,,,,,,,,
5343,87818.1385,,,,,,Frage 1,,,,,,1.0,896.0,-1.0,738.0,-1.0,0.8735265777662394,0.8604956986597817,87835.59400000003,502.53912353515625,503.797119140625,0.716954231262207,0.2906082868576049,0.5445840954780578,0.2997393310070037,0.0,0.0,1.0,0.44400452488687775,0.3851801059322188,817.0,,503.168121337891,,,,,,,,,,,,,,,,,,,,
5344,87834.794,,,,,,Frage 1,,,,,,1.0,458.0,-1.0,468.0,-1.0,0.8848022206800833,0.8686725303450713,87852.24800000002,501.5008544921875,502.85260009765625,0.7194412350654602,0.2897572219371795,0.546995460987091,0.2989929020404815,0.0,0.0,1.0,0.24377828054298636,0.32030859207320905,463.0,,502.176727294922,,,,,,,,,,,,,,,,,,,,
5345,87851.4489,,,,,,Frage 1,,,,,,1.0,445.0,-1.0,373.0,-1.0,0.8852141049131549,0.8671807205682268,87868.90300000005,498.54147338867193,499.9430236816406,0.7213367223739624,0.2894161939620971,0.5487843751907348,0.2985927760601043,0.0,0.0,1.0,0.213235294117647,0.310412609333911,409.0,,499.242248535156,,,,,,,,,,,,,,,,,,,,
5346,87868.1021,,,,,,Frage 1,,,,,,1.0,422.0,-1.0,341.0,-1.0,0.8661222057535323,0.8655389263254877,87885.55799999996,500.2399597167969,501.6340637207031,0.720532238483429,0.2897830009460449,0.547992467880249,0.298675537109375,0.0,0.0,1.0,0.19768099547511306,0.30537225630084935,381.5,,500.93701171875,,,,,,,,,,,,,,,,,,,,
5347,87884.7571,,,,,,Frage 1,,,,,,1.0,430.0,-1.0,342.0,-1.0,0.885249052666264,0.8662218913041149,87902.21200000006,500.560791015625,501.9718017578125,0.7207422256469725,0.2898562848567962,0.5480828285217285,0.2985552251338958,0.0,0.0,1.0,0.20022624434389133,0.30619761544732393,386.0,,501.266296386719,,,,,,,,,,,,,,,,,,,,
5348,87901.4112,,,,,,Frage 1,,,,,,1.0,430.0,-1.0,338.0,-1.0,0.889033395074364,0.8687930535765938,87918.86699999998,500.4920959472656,501.9206237792969,0.7211076617240905,0.2900455892086029,0.5483344793319702,0.2986222207546234,0.0,0.0,1.0,0.19909502262443432,0.3058314956036045,384.0,,501.206359863281,,,,,,,,,,,,,,,,,,,,
5349,87918.0678,,,,,,Frage 1,,,,,,1.0,456.0,-1.0,325.0,-1.0,0.895603572658875,0.8684207707058911,87935.52199999998,500.73291015625,502.18212890625,0.7214410901069641,0.2905175387859344,0.5485598444938659,0.2989453971385955,0.0,0.0,1.0,0.34727012315402683,0.3538399891532606,390.5,,501.45751953125,,,,,,,,,,,,,,,,,,,,
5350,87934.7212,,,,,,Frage 1,,,,,,1.0,457.0,-1.0,337.0,-1.0,0.8943254834023135,0.8694197743805105,87952.17599999996,500.5301208496094,501.9988098144531,0.7219353914260864,0.2912994921207428,0.5489662885665894,0.2997056543827056,0.0,0.0,1.0,0.3470999538678765,0.3537849161968551,397.0,,501.264465332031,,,,,,,,,,,,,,,,,,,,
5351,87951.3749,,,,,,Frage 1,,,,,,1.0,432.0,-1.0,332.0,-1.0,0.8696851592923978,0.8692430069742776,87968.831,500.1664123535156,501.6510314941406,0.7223945260047911,0.2920313477516174,0.5493404269218444,0.3004206418991088,0.0,0.0,1.0,0.1979638009049773,0.3054643876568597,382.0,,500.908721923828,,,,,,,,,,,,,,,,,,,,
5352,87968.044,,,,,,Frage 1,,,,,,1.0,435.0,-1.0,323.0,-1.0,0.8827178368339332,0.8708258787482724,87985.48600000003,500.1716003417969,501.6687316894531,0.722635805606842,0.2926648557186126,0.5495067834854126,0.3009693920612335,0.0,0.0,1.0,0.1962669683257918,0.3049152156837867,379.0,,500.920166015625,,,,,,,,,,,,,,,,,,,,
5353,87984.685,,,,,,Frage 1,,,,,,1.0,436.0,-1.0,332.0,-1.0,0.8814996580112732,0.8741175021158524,88002.14100000006,499.81451416015625,501.3230895996094,0.7229498624801635,0.2936028242111206,0.5497570037841796,0.3018362522125244,0.0,0.0,1.0,0.19909502262443432,0.30583179896018936,384.0,,500.568801879883,,,,,,,,,,,,,,,,,,,,
5354,88001.3403,,,,,,Frage 1,,,,,,1.0,439.0,-1.0,344.0,-1.0,0.8788785765280905,0.8750415135575244,88018.79500000003,500.7049865722656,502.2110290527344,0.7226005792617797,0.2942887246608734,0.5494109988212585,0.3024476468563079,0.0,0.0,1.0,0.34606310730469375,0.3534490524947599,391.5,,501.4580078125,,,,,,,,,,,,,,,,,,,,
5355,88017.995,,,,,,Frage 1,,,,,,1.0,443.0,-1.0,330.0,-1.0,0.8797248114069466,0.8743585485788972,88035.45000000007,499.7181091308594,501.20657348632807,0.7224715948104858,0.295058250427246,0.5492382645606994,0.3032236993312835,0.0,0.0,1.0,0.2005090497737556,0.3062899059179098,386.5,,500.462341308594,,,,,,,,,,,,,,,,,,,,
5356,88034.6499,,,,,,Frage 1,,,,,,1.0,451.0,-1.0,323.0,-1.0,0.8829375084249047,0.8749638430305433,88052.10499999998,501.59225463867193,503.0367126464844,0.7209804058074951,0.2956099510192871,0.5477911233901978,0.3037997782230377,0.0,0.0,1.0,0.20079185520361986,0.3063817035986114,387.0,,502.314483642578,,,,,,,,,,,,,,,,,,,,
5357,88051.3045,,,,,,Frage 1,,,,,,1.0,445.0,-1.0,463.0,-1.0,0.8803788336437026,0.8812980084205564,88068.75899999996,497.0599365234375,498.4059448242188,0.7199530601501464,0.2963882982730865,0.5466088652610778,0.3045514225959777,0.0,0.0,1.0,0.23868778280542982,0.3186604505365468,454.0,,497.732940673828,,,,,,,,,,,,,,,,,,,,
5358,88067.9586,,,,,,Frage 1,,,,,,1.0,-1.0,-1.0,721.0,-1.0,0.0,0.8917969210331786,88085.41399999999,-1.0,498.4865417480469,-1.0,-1.0,0.541074514389038,0.3107661008834838,4.0,0.0,1.0,0.38970588235294107,0.3675617643792085,721.0,,498.486541748047,,,,,,,,,,,,,,,,,,,,
5359,88084.6154,,,,,,Frage 1,,,,,,1.0,-1.0,-1.0,-1.0,-1.0,0.0,0.0,88102.06900000003,-1.0,-1.0,-1.0,-1.0,-1.0,-1.0,4.0,4.0,1.0,0.4759322966953752,0.3954061960765668,1044.75,,498.259452819824,,,,,,,,,,,,,,,,,,,,
5360,88101.2677,,,,,,Frage 1,,,,,,1.0,1416.0,-1.0,1321.0,-1.0,0.9059605889195652,0.8524133101807675,88118.723,497.52444458007807,498.540283203125,0.712375521659851,0.3059725165367126,0.5389181971549987,0.3143500089645385,0.0,0.0,1.0,0.7559389140271492,0.4862462036156256,1368.5,,498.032363891602,,,,,,,,,,,,,,,,,,,,
5361,88111.7665,,,,,,Frage 1,1.0,1.78161013126373,29.4030918156028,0.0,203.29296875,,,,,,0.6585048574425887,0.6495113533451946,,,,,,,,,,,0.37959439571535225,0.3642823432120883,,,,,,,,,,,,,,,,,,,,,,,
5362,88117.9224,,,,,,Frage 1,,,,,,1.0,1436.0,-1.0,1330.0,-1.0,0.906589648475529,0.8798704777005238,88135.37800000001,498.2581787109375,499.0672302246094,0.7073477506637573,0.3001030683517456,0.5342799425125122,0.3083003461360931,0.0,0.0,1.0,0.7641402714932125,0.4889062947355327,1383.0,,498.662704467774,,,,,,,,,,,,,,,,,,,,
5363,88134.5786,,,,,,Frage 1,,,,,,1.0,1449.0,-1.0,1333.0,-1.0,0.9059830553322783,0.8797526327630354,88152.03300000005,499.0420837402344,499.76321411132807,0.705029547214508,0.3006766438484191,0.5322892069816589,0.3088552951812744,0.0,0.0,1.0,0.7686651583710407,0.49037231293119027,1391.0,,499.402648925781,,,,,,,,,,,,,,,,,,,,
5364,88151.2311,,,,,,Frage 1,,,,,,1.0,1450.0,-1.0,1337.0,-1.0,0.9071837602783839,0.8819515121648114,88168.68700000003,499.441650390625,500.0618591308594,0.7025868892669677,0.3011787235736846,0.5300891399383544,0.3094221055507659,0.0,0.0,1.0,0.7700791855203619,0.4908307221064658,1393.5,,499.751754760742,,,,,,,,,,,,,,,,,,,,
5365,88167.8866,,,,,,Frage 1,,,,,,1.0,1443.0,-1.0,1360.0,-1.0,0.9092282038352665,0.8876241389284681,88185.34200000006,499.4988403320313,500.0183410644531,0.7002487182617188,0.3012400269508361,0.5277782678604126,0.3094390630722045,0.0,0.0,1.0,0.77460407239819,0.49229743007104204,1401.5,,499.758590698242,,,,,,,,,,,,,,,,,,,,
5366,88184.5426,,,,,,Frage 1,,,,,,1.0,1432.0,-1.0,1347.0,-1.0,0.9088138233341154,0.8847985387227751,88201.99699999997,500.0975036621094,500.5316467285156,0.6981990933418273,0.3016189038753509,0.526026427745819,0.3100629150867462,0.0,0.0,1.0,0.7678167420814478,0.4900980468004745,1389.5,,500.314575195313,,,,,,,,,,,,,,,,,,,,
5367,88201.1954,,,,,,Frage 1,,,,,,1.0,1427.0,-1.0,1316.0,-1.0,0.9099246626293691,0.8831031785993593,88218.65100000007,499.7255859375,500.07958984375,0.6965206861495971,0.3015417456626892,0.5245212316513062,0.3102088570594787,0.0,0.0,1.0,0.34508694846540694,0.3531346478803764,1371.5,,499.902587890625,,,,,,,,,,,,,,,,,,,,
5368,88217.851,,,,,,Frage 1,,,,,,1.0,1417.0,-1.0,1310.0,-1.0,0.8828323502420714,0.8823586128579539,88235.30599999998,500.2503051757813,500.5418090820313,0.694919466972351,0.3022500574588775,0.5229522585868835,0.3108460009098053,0.0,0.0,1.0,0.7531108597285067,0.4853322666723532,1363.5,,500.396057128906,,,,,,,,,,,,,,,,,,,,
5369,88234.5058,,,,,,Frage 1,,,,,,1.0,1415.0,-1.0,1329.0,-1.0,0.8830919890142763,0.8826237639673035,88251.96100000001,499.9307556152344,500.13912963867193,0.6930912733078002,0.3012112975120544,0.5211220979690551,0.309767335653305,0.0,0.0,1.0,0.7579185520361988,0.48688998157870034,1372.0,,500.034942626953,,,,,,,,,,,,,,,,,,,,
5370,88251.161,,,,,,Frage 1,,,,,,1.0,1413.0,-1.0,1303.0,-1.0,0.9051118577726299,0.8737318277749805,88268.61600000004,500.9952087402344,501.1478576660156,0.6917961239814758,0.3019857704639434,0.520181119441986,0.3111457228660583,0.0,0.0,1.0,0.7499999999999999,0.48432419967502444,1358.0,,501.071533203125,,,,,,,,,,,,,,,,,,,,
5371,88267.8148,,,,,,Frage 1,,,,,,1.0,1419.0,-1.0,1303.0,-1.0,0.906250156016755,0.8530419871412978,88285.27000000003,500.3204345703125,500.4368286132813,0.6910781860351562,0.3018620908260345,0.5194241404533386,0.3109349906444549,0.0,0.0,1.0,0.7516968325791854,0.48487185615032646,1361.0,,500.378631591797,,,,,,,,,,,,,,,,,,,,
5372,88284.4698,,,,,,Frage 1,,,,,,1.0,1434.0,-1.0,1329.0,-1.0,0.9123610202746893,0.8928709169407454,88301.92500000003,501.2551574707031,501.3409118652344,0.6903828978538513,0.3028852641582489,0.518934428691864,0.3124705553054809,0.0,0.0,1.0,0.7632918552036198,0.4886329528905742,1381.5,,501.298034667969,,,,,,,,,,,,,,,,,,,,
5373,88301.1255,,,,,,Frage 1,,,,,,1.0,1429.0,-1.0,1314.0,-1.0,0.8902505713595282,0.890066743087323,88318.58000000006,500.4498291015625,500.5213623046875,0.6903493404388427,0.3033483028411865,0.5189668536186218,0.3132154941558837,0.0,0.0,1.0,0.7576357466063347,0.48679936451121475,1371.5,,500.485595703125,,,,,,,,,,,,,,,,,,,,
5374,88317.7785,,,,,,Frage 1,,,,,,1.0,1419.0,-1.0,1306.0,-1.0,0.8888031006450836,0.888566898428377,88335.23400000005,500.44970703125,500.521484375,0.6903543472290039,0.3033520877361297,0.5189619064331054,0.3132117092609405,0.0,0.0,1.0,0.7525452488687782,0.48514985370633423,1362.5,,500.485595703125,,,,,,,,,,,,,,,,,,,,
5375,88334.4345,,,,,,Frage 1,,,,,,1.0,740.0,-1.0,713.0,-1.0,0.9128203336012661,0.8991488381560481,88351.88899999997,496.136474609375,496.38677978515625,0.6956751346588134,0.3035468459129333,0.5241767764091491,0.3139136433601379,0.0,0.0,1.0,0.3928167420814479,0.36860072994371146,726.5,,496.261627197266,,,,,,,,,,,,,,,,,,,,
5376,88351.0893,,,,,,Frage 1,,,,,,1.0,740.0,-1.0,713.0,-1.0,0.9128203336012661,0.8892484583244018,88368.54399999998,496.2894287109375,496.4411010742188,0.6937969923019409,0.3075275123119354,0.5220160484313964,0.3185674846172332,0.0,0.0,1.0,0.3928167420814479,0.3685997010123115,726.5,,496.365264892578,,,,,,,,,,,,,,,,,,,,
5377,88367.7426,,,,,,Frage 1,,,,,,1.0,405.0,-1.0,348.0,-1.0,0.90988971487626,0.8980989468947859,88385.19799999997,496.2801208496094,496.5006408691406,0.6955606341362,0.308858036994934,0.5235102176666259,0.3200702965259552,0.0,0.0,1.0,0.19485294117647053,0.3044608110204511,376.5,,496.390380859375,,,,,,,,,,,,,,,,,,,,
5378,88384.3983,,,,,,Frage 1,,,,,,1.0,407.0,-1.0,348.0,-1.0,0.9068867043769566,0.8980989468947859,88401.853,496.1787109375,496.54241943359375,0.6989459991455078,0.3080284595489502,0.5268241763114929,0.3192968666553497,0.0,0.0,1.0,0.19541855203619904,0.30464396768786706,377.5,,496.360565185547,,,,,,,,,,,,,,,,,,,,
5379,88401.0524,,,,,,Frage 1,,,,,,1.0,411.0,-1.0,321.0,-1.0,0.9027878321908747,0.8939047384378046,88418.50800000003,495.2018127441406,495.7274169921875,0.7028965353965759,0.3028805553913116,0.5307380557060241,0.3139429986476898,0.0,0.0,1.0,0.3433111719609533,0.35256018706237274,366.0,,495.464614868164,,,,,,,,,,,,,,,,,,,,
5380,88417.7058,,,,,,Frage 1,,,,,,1.0,418.0,-1.0,321.0,-1.0,0.9027728545823995,0.8939047384378046,88435.16200000001,495.0021667480469,495.590087890625,0.7044004201889038,0.3026407361030578,0.5321953892707824,0.3137077093124389,0.0,0.0,1.0,0.190893665158371,0.30317734470030816,369.5,,495.296127319336,,,,,,,,,,,,,,,,,,,,
5381,88434.3612,,,,,,Frage 1,,,,,,1.0,428.0,-1.0,343.0,-1.0,0.8910683037771008,0.8914728474550851,88451.81700000005,495.5491333007813,496.1951599121094,0.7054944634437561,0.3023067712783813,0.5332641005516052,0.3131556808948516,0.0,0.0,1.0,0.19994343891402708,0.30610880469039026,385.5,,495.872146606445,,,,,,,,,,,,,,,,,,,,
5382,88451.0177,,,,,,Frage 1,,,,,,1.0,430.0,-1.0,355.0,-1.0,0.9015796384405316,0.8914862389252541,88468.47200000007,494.8785705566406,495.5810546875,0.706892192363739,0.3021990656852722,0.5345184206962585,0.3128625154495239,0.0,0.0,1.0,0.20390271493212667,0.3073919491494019,392.5,,495.22981262207,,,,,,,,,,,,,,,,,,,,
5383,88467.67,,,,,,Frage 1,,,,,,1.0,432.0,-1.0,352.0,-1.0,0.8986015906220202,0.8915882393547139,88485.12600000003,495.3959045410156,496.1369018554688,0.7075951695442199,0.3021484613418579,0.5351540446281433,0.3126705586910247,0.0,0.0,1.0,0.20361990950226241,0.3073002327635571,392.0,,495.766403198242,,,,,,,,,,,,,,,,,,,,
5384,88484.3259,,,,,,Frage 1,,,,,,1.0,435.0,-1.0,342.0,-1.0,0.8950394160729709,0.8919924364976484,88501.78100000006,494.6188049316406,495.3985595703125,0.7086254358291626,0.302128791809082,0.5360714793205261,0.3125101625919342,0.0,0.0,1.0,0.3435390395393072,0.35263355964244797,388.5,,495.008682250977,,,,,,,,,,,,,,,,,,,,
5385,88500.9801,,,,,,Frage 1,,,,,,1.0,432.0,-1.0,342.0,-1.0,0.8920314130375089,0.8914112466923069,88518.43599999999,494.9783630371094,495.7809448242188,0.7090032696723938,0.3021405935287475,0.5363979339599609,0.3123912513256073,0.0,0.0,1.0,0.20079185520361986,0.3063837147312554,387.0,,495.379653930664,,,,,,,,,,,,,,,,,,,,
5386,88517.6363,,,,,,Frage 1,,,,,,1.0,426.0,-1.0,347.0,-1.0,0.88901342492973,0.8904845569566009,88535.09100000001,494.5461730957031,495.373779296875,0.7096675634384155,0.302059918642044,0.5369636416435241,0.312228113412857,0.0,0.0,1.0,0.2005090497737556,0.30629189010979946,386.5,,494.959976196289,,,,,,,,,,,,,,,,,,,,
5387,88534.2905,,,,,,Frage 1,,,,,,1.0,430.0,-1.0,337.0,-1.0,0.7229952033466123,0.7256657149255448,88551.74499999998,495.19482421875,496.0329895019531,0.7097213268280029,0.3019490242004394,0.5369650721549987,0.3120253980159759,0.0,0.0,1.0,0.19881221719457007,0.30571948249918246,383.5,,495.613906860352,,,,,,,,,,,,,,,,,,,,
5388,88550.9444,,,,,,Frage 1,,,,,,1.0,440.0,-1.0,344.0,-1.0,0.8896200180729809,0.8888266929496588,88568.40000000001,495.2049560546875,496.0578308105469,0.7100211977958679,0.3019146621227264,0.5372018218040466,0.3118974864482879,0.0,0.0,1.0,0.20361990950226241,0.3072996477089298,392.0,,495.631393432617,,,,,,,,,,,,,,,,,,,,
5389,88567.6007,,,,,,Frage 1,,,,,,1.0,423.0,-1.0,327.0,-1.0,0.8922610697007973,0.888885615418403,88585.05500000005,495.6603698730469,496.5208740234375,0.7100739479064941,0.3017463982105255,0.5372143983840942,0.3116778135299682,0.0,0.0,1.0,0.19400452488687778,0.3041843840082198,375.0,,496.090621948242,,,,,,,,,,,,,,,,,,,,
5390,88584.2529,,,,,,Frage 1,,,,,,1.0,424.0,-1.0,329.0,-1.0,0.8982121728016615,0.8886124294269522,88601.70900000003,495.84368896484375,496.7129821777344,0.7102298736572265,0.3018215596675872,0.5373619794845581,0.3117510676383972,0.0,0.0,1.0,0.19485294117647053,0.3044594375847246,376.5,,496.278335571289,,,,,,,,,,,,,,,,,,,,
5391,88600.9097,,,,,,Frage 1,,,,,,1.0,424.0,-1.0,339.0,-1.0,0.8994253590881632,0.8928646471119869,88618.36400000006,496.7557373046875,497.6251220703125,0.710003912448883,0.3020201623439788,0.5371252298355103,0.3119347989559173,0.0,0.0,1.0,0.19768099547511306,0.3053762013784956,381.5,,497.1904296875,,,,,,,,,,,,,,,,,,,,
5392,88617.5645,,,,,,Frage 1,,,,,,1.0,408.0,-1.0,344.0,-1.0,0.8937837932291225,0.8885749333104784,88635.01899999997,497.03216552734375,497.9030456542969,0.7100039720535278,0.3021504580974578,0.537079632282257,0.312098890542984,0.0,0.0,1.0,0.19457013574660628,0.3043676585723074,376.0,,497.46760559082,,,,,,,,,,,,,,,,,,,,
5393,88634.2188,,,,,,Frage 1,,,,,,1.0,409.0,-1.0,336.0,-1.0,0.8927753009251169,0.8894694835177784,88651.67300000007,497.5407104492188,498.4080505371094,0.7098203301429749,0.3023114502429962,0.5368741154670715,0.312282919883728,0.0,0.0,1.0,0.19259049773755652,0.303726320949397,372.5,,497.974380493164,,,,,,,,,,,,,,,,,,,,
5394,88650.8737,,,,,,Frage 1,,,,,,1.0,420.0,-1.0,330.0,-1.0,0.8960129606238674,0.8902006577890147,88668.32799999998,497.710205078125,498.5731506347656,0.7097173333168029,0.3025459945201873,0.5367459654808044,0.3125724494457244,0.0,0.0,1.0,0.19400452488687778,0.30418464518416455,375.0,,498.141677856445,,,,,,,,,,,,,,,,,,,,
5395,88667.5278,,,,,,Frage 1,,,,,,1.0,408.0,-1.0,333.0,-1.0,0.8948122556777618,0.8904952701327362,88684.983,498.0934753417969,498.94927978515625,0.7094998359680175,0.3027920126914978,0.5365378856658936,0.3128944635391235,0.0,0.0,1.0,0.1914592760180995,0.3033599825105018,370.5,,498.521377563477,,,,,,,,,,,,,,,,,,,,
5396,88684.1823,,,,,,Frage 1,,,,,,1.0,400.0,-1.0,315.0,-1.0,0.8927503382443247,0.8871474025904459,88701.637,498.48635864257807,499.337646484375,0.7093187570571899,0.3030455708503723,0.5363550186157225,0.3131808638572692,0.0,0.0,1.0,0.1841063348416289,0.30097723396677667,357.5,,498.912002563477,,,,,,,,,,,,,,,,,,,,
5397,88700.837,,,,,,Frage 1,,,,,,1.0,410.0,-1.0,311.0,-1.0,0.8934467970384276,0.8882829992607908,88718.29200000002,498.6871337890625,499.5363464355469,0.7092542648315429,0.3033191561698913,0.5362665057182312,0.3135000765323638,0.0,0.0,1.0,0.18580316742081443,0.3015271440642071,360.5,,499.111740112305,,,,,,,,,,,,,,,,,,,,
5398,88717.4909,,,,,,Frage 1,,,,,,1.0,405.0,-1.0,313.0,-1.0,0.8909754916399983,0.8905488360134128,88734.94700000003,498.772216796875,499.6161804199218,0.7091583609580993,0.3035745620727539,0.5361543297767639,0.3138284981250762,0.0,0.0,1.0,0.18495475113122167,0.3012524130571075,359.0,,499.194198608399,,,,,,,,,,,,,,,,,,,,
5399,88734.1459,,,,,,Frage 1,,,,,,1.0,402.0,-1.0,315.0,-1.0,0.8917243720637646,0.8911782351113634,88751.60100000001,498.6679382324218,499.5095825195313,0.7091649174690245,0.3037865459918975,0.5361414551734924,0.3140974044799804,0.0,0.0,1.0,0.18467194570135742,0.3011608751602164,358.5,,499.088760375977,,,,,,,,,,,,,,,,,,,,
5400,88750.8,,,,,,Frage 1,,,,,,1.0,401.0,-1.0,315.0,-1.0,0.8911880236272424,0.8914540993968482,88768.25600000005,498.6888427734375,499.5280456542969,0.7091330885887146,0.3040689826011657,0.5360929369926452,0.3144265711307525,0.0,0.0,1.0,0.34358715158960196,0.35264896405482005,358.0,,499.108444213867,,,,,,,,,,,,,,,,,,,,
5401,88767.4566,,,,,,Frage 1,,,,,,1.0,403.0,-1.0,321.0,-1.0,0.8927553307804831,0.8929887618782341,88784.91099999996,498.4974060058594,499.3367309570313,0.7092119455337524,0.3042725026607513,0.5361531376838684,0.3146796822547912,0.0,0.0,1.0,0.18665158371040722,0.30180249466319997,362.0,,498.917068481445,,,,,,,,,,,,,,,,,,,,
5402,88784.1115,,,,,,Frage 1,,,,,,1.0,428.0,-1.0,340.0,-1.0,0.8988062846045162,0.8942770213085073,88801.56599999998,497.5266418457031,498.3577880859375,0.7092737555503845,0.3044171333312988,0.5361819863319397,0.3148381114006042,0.0,0.0,1.0,0.19909502262443432,0.3058344684245421,384.0,,497.94221496582,,,,,,,,,,,,,,,,,,,,
5403,88800.764,,,,,,Frage 1,,,,,,1.0,547.0,-1.0,451.0,-1.0,0.9006984558085662,0.8930717889932828,88818.21999999997,498.7855224609375,499.5835876464844,0.7081836462020874,0.3047159314155578,0.5351491570472717,0.3151136040687561,0.0,0.0,1.0,0.2641402714932126,0.3269088829410996,499.0,,499.184555053711,,,,,,,,,,,,,,,,,,,,
5404,88817.4199,,,,,,Frage 1,,,,,,1.0,584.0,-1.0,505.0,-1.0,0.8974208558205484,0.8998318031346753,88834.875,501.16256713867193,501.9505004882813,0.7073652744293212,0.3046881258487701,0.5343988537788391,0.3150669932365417,0.0,0.0,1.0,0.2898755656108597,0.33524763936522395,544.5,,501.556533813477,,,,,,,,,,,,,,,,,,,,
5405,88834.0744,,,,,,Frage 1,,,,,,1.0,578.0,-1.0,498.0,-1.0,0.9000519223760478,0.9039778022990476,88851.53000000003,500.6070861816406,501.418212890625,0.7080220580101013,0.3045476377010345,0.5350204706192015,0.3149040937423706,0.0,0.0,1.0,0.28619909502262436,0.3340569914735527,538.0,,501.012649536133,,,,,,,,,,,,,,,,,,,,
5406,88850.7299,,,,,,Frage 1,,,,,,1.0,575.0,-1.0,489.0,-1.0,0.9010279631950234,0.8973383113891776,88868.184,500.1627197265625,500.9801940917969,0.7082551121711731,0.3043371140956878,0.5352494120597839,0.3146599531173706,0.0,0.0,1.0,0.28280542986425333,0.3329567959014895,532.0,,500.57145690918,,,,,,,,,,,,,,,,,,,,
5407,88867.384,,,,,,Frage 1,,,,,,1.0,577.0,-1.0,479.0,-1.0,0.9005062431664661,0.8971990400994182,88884.83900000004,500.2210693359375,501.0393981933594,0.7082389593124389,0.3041236102581024,0.5352005958557128,0.3143813014030456,0.0,0.0,1.0,0.2805429864253393,0.3322237388277087,528.0,,500.630233764649,,,,,,,,,,,,,,,,,,,,
5408,88884.0387,,,,,,Frage 1,,,,,,1.0,574.0,-1.0,471.0,-1.0,0.9009980079780727,0.8979730670751958,88901.49400000006,500.07623291015625,500.89761352539057,0.7083064913749694,0.3039774894714355,0.5352286100387573,0.3141453862190246,0.0,0.0,1.0,0.27743212669683254,0.33121592582148485,522.5,,500.486923217773,,,,,,,,,,,,,,,,,,,,
5409,88900.6934,,,,,,Frage 1,,,,,,1.0,573.0,-1.0,472.0,-1.0,0.9032795970024813,0.8991649079202512,88918.14800000003,500.0513305664063,500.8719787597656,0.7082924842834472,0.3038187026977539,0.5352069735527037,0.3139702379703521,0.0,0.0,1.0,0.27743212669683254,0.3312161254016695,522.5,,500.461654663086,,,,,,,,,,,,,,,,,,,,
5410,88917.3468,,,,,,Frage 1,,,,,,1.0,576.0,-1.0,476.0,-1.0,0.9049096600582129,0.8992184738009278,88934.80300000006,499.8497314453125,500.66751098632807,0.708294689655304,0.3036060333251953,0.5351987481117249,0.3137764632701873,0.0,0.0,1.0,0.2794117647058823,0.33185758218751626,526.0,,500.25862121582,,,,,,,,,,,,,,,,,,,,
5411,88934.0034,,,,,,Frage 1,,,,,,1.0,570.0,-1.0,484.0,-1.0,0.9050519473387286,0.9000246403051112,88951.45799999998,499.98977661132807,500.801025390625,0.7081111073493958,0.3034857511520385,0.5350395441055297,0.3136631548404693,0.0,0.0,1.0,0.2799773755656108,0.3320409270145362,527.0,,500.395401000977,,,,,,,,,,,,,,,,,,,,
5412,88950.6571,,,,,,Frage 1,,,,,,1.0,569.0,-1.0,476.0,-1.0,0.9080125212806853,0.8997487760196266,88968.11199999996,499.8688354492188,500.67202758789057,0.7079946994781494,0.3032679259777069,0.5349209904670715,0.3135008215904235,0.0,0.0,1.0,0.27743212669683254,0.33121634314314036,522.5,,500.270431518555,,,,,,,,,,,,,,,,,,,,
5413,88967.3115,,,,,,Frage 1,,,,,,1.0,576.0,-1.0,470.0,-1.0,0.911602154778606,0.9004799502908627,88984.76699999998,499.6270751953125,500.4247131347656,0.7079704403877258,0.3031237125396728,0.5348653197288513,0.3134078085422515,0.0,0.0,1.0,0.2777149321266968,0.331308166414886,523.0,,500.025894165039,,,,,,,,,,,,,,,,,,,,
5414,88983.9676,,,,,,Frage 1,,,,,,1.0,561.0,-1.0,466.0,-1.0,0.9039510081859116,0.9047946819793665,89001.42200000002,499.84710693359375,500.64077758789057,0.7078565955162048,0.3028897941112518,0.5347698926925659,0.3132230043411254,0.0,0.0,1.0,0.27234162895927594,0.32956742588178933,513.5,,500.243942260742,,,,,,,,,,,,,,,,,,,,
5415,89000.6207,,,,,,Frage 1,,,,,,1.0,524.0,-1.0,430.0,-1.0,0.9185592539153965,0.9057963639480197,89018.076,500.4384460449218,501.2252197265625,0.7075724601745605,0.302699476480484,0.5345005393028259,0.3130523562431335,0.0,0.0,1.0,0.2516968325791855,0.32287915901800635,477.0,,500.831832885742,,,,,,,,,,,,,,,,,,,,
5416,89017.2759,,,,,,Frage 1,,,,,,1.0,529.0,-1.0,426.0,-1.0,0.9222761970853574,0.9023413646443761,89034.73100000003,500.76806640625,501.54800415039057,0.7073549032211303,0.3029066622257232,0.5342698097229003,0.3132819533348083,0.0,0.0,1.0,0.25197963800904977,0.32297055145184755,477.5,,501.15803527832,,,,,,,,,,,,,,,,,,,,
5417,89033.9314,,,,,,Frage 1,,,,,,1.0,535.0,-1.0,428.0,-1.0,0.9219516822350586,0.9024592095818647,89051.38600000004,501.0514526367188,501.8258361816406,0.7072046399116516,0.3029989898204803,0.5340791940689086,0.313421756029129,0.0,0.0,1.0,0.2542420814479638,0.3237035782167203,481.5,,501.43864440918,,,,,,,,,,,,,,,,,,,,
5418,89050.5849,,,,,,Frage 1,,,,,,1.0,535.0,-1.0,413.0,-1.0,0.9218218762949391,0.903268054380082,89068.04099999997,500.8213806152344,501.5921630859375,0.7071689367294312,0.3029438555240631,0.5340211391448973,0.3133368492126464,0.0,0.0,1.0,0.24999999999999994,0.3223292355591972,474.0,,501.206771850586,,,,,,,,,,,,,,,,,,,,
5419,89067.2401,,,,,,Frage 1,,,,,,1.0,539.0,-1.0,407.0,-1.0,0.9200570147629294,0.9080818775330198,89084.69500000007,501.05276489257807,501.8130493164063,0.706892967224121,0.3031725883483886,0.5336907505989074,0.3135648369789123,0.0,0.0,1.0,0.24943438914027144,0.3221464209644101,473.0,,501.432907104492,,,,,,,,,,,,,,,,,,,,
5420,89083.8943,,,,,,Frage 1,,,,,,1.0,536.0,-1.0,407.0,-1.0,0.9199846229886319,0.9041786743515852,89101.34999999996,500.8442993164063,501.59976196289057,0.7068246006965637,0.3031291663646698,0.5336032509803772,0.3134931921958923,0.0,0.0,1.0,0.24858597285067865,0.321871128425753,471.5,,501.222030639648,,,,,,,,,,,,,,,,,,,,
5421,89100.5493,,,,,,Frage 1,,,,,,1.0,533.0,-1.0,412.0,-1.0,0.9175807168283416,0.904451860343036,89118.005,501.0620727539063,501.8041076660156,0.7065435051918029,0.3035025894641876,0.5332947969436646,0.3139879703521728,0.0,0.0,1.0,0.2491515837104072,0.3220543333661057,472.5,,501.433090209961,,,,,,,,,,,,,,,,,,,,
5422,89117.2043,,,,,,Frage 1,,,,,,1.0,532.0,-1.0,412.0,-1.0,0.9158857508025502,0.904451860343036,89134.65899999999,500.9441833496094,501.6803588867188,0.7064328789710999,0.3034409284591674,0.5331705808639526,0.3139051795005798,0.0,0.0,1.0,0.24886877828054293,0.3219626489582709,472.0,,501.312271118164,,,,,,,,,,,,,,,,,,,,
5423,89120.4506,,,,,,Frage 1,1.0,1.4414576292038,29.4029949754486,0.580510795116425,203.5703125,,,,,,0.6585048574425887,0.6495113533451946,,,,,,,,,,,0.37959439571535225,0.3642823432120883,,,,,,,,,,,,,,,,,,,,,,,
5424,89133.8586,,,,,,Frage 1,,,,,,1.0,530.0,-1.0,406.0,-1.0,0.9144079600996511,0.903763538776341,89151.31400000001,501.2525939941406,501.97955322265625,0.7061992287635803,0.3036710023880004,0.5329038500785827,0.3142005205154418,0.0,0.0,1.0,0.2466063348416289,0.32122950309555653,468.0,,501.616073608398,,,,,,,,,,,,,,,,,,,,
5425,89150.5143,,,,,,Frage 1,,,,,,1.0,506.0,-1.0,406.0,-1.0,0.909934647701686,0.903763538776341,89167.96900000003,501.6247253417969,502.35345458984375,0.7061692476272583,0.3035660684108734,0.5328897833824157,0.3141281008720397,0.0,0.0,1.0,0.23981900452488683,0.31903027879064155,456.0,,501.98908996582,,,,,,,,,,,,,,,,,,,,
5426,89167.1677,,,,,,Frage 1,,,,,,1.0,416.0,-1.0,307.0,-1.0,0.9069216521300656,0.9069694567348382,89184.62300000002,500.8605651855469,501.6110229492188,0.7069398164749146,0.3038098514080047,0.5336948633193969,0.3145830631256103,0.0,0.0,1.0,0.3412858861702711,0.3519054951605228,361.5,,501.235794067383,,,,,,,,,,,,,,,,,,,,
5427,89183.8232,,,,,,Frage 1,,,,,,1.0,387.0,-1.0,307.0,-1.0,0.9059524729377775,0.9069694567348382,89201.27800000005,500.13861083984375,500.8926696777344,0.7071609497070312,0.3035851120948791,0.5338600873947144,0.3142664432525634,0.0,0.0,1.0,0.17816742081447962,0.2990555407755954,347.0,,500.515640258789,,,,,,,,,,,,,,,,,,,,
5428,89200.4783,,,,,,Frage 1,,,,,,1.0,390.0,-1.0,305.0,-1.0,0.9033320186321451,0.898171492935013,89217.93299999996,500.1285400390625,500.8648986816406,0.7068588733673095,0.3036459982395172,0.5335961580276489,0.3145184814929962,0.0,0.0,1.0,0.1784502262443438,0.2991461676182688,347.5,,500.496719360352,,,,,,,,,,,,,,,,,,,,
5429,89217.1315,,,,,,Frage 1,,,,,,1.0,382.0,-1.0,317.0,-1.0,0.8988062846045162,0.9030162947409018,89234.58700000006,500.3856201171875,501.1139831542969,0.7067098021507263,0.3034067749977111,0.5334894061088562,0.3144519031047821,0.0,0.0,1.0,0.17958144796380085,0.2995130335889403,349.5,,500.749801635742,,,,,,,,,,,,,,,,,,,,
5430,89233.7877,,,,,,Frage 1,,,,,,1.0,387.0,-1.0,329.0,-1.0,0.8992830718076478,0.9036028411343111,89251.24199999998,500.3070373535156,501.0330810546875,0.70672607421875,0.3031782507896423,0.5335104465484619,0.314305305480957,0.0,0.0,1.0,0.3417446726878959,0.3520535373252102,358.0,,500.670059204102,,,,,,,,,,,,,,,,,,,,
5431,89250.4412,,,,,,Frage 1,,,,,,1.0,393.0,-1.0,335.0,-1.0,0.9065746708670538,0.9004630295853032,89267.89699999998,500.0936584472656,500.815185546875,0.7066970467567443,0.303131103515625,0.5334829092025756,0.3142955899238586,0.0,0.0,1.0,0.18778280542986422,0.3021702426871099,364.0,,500.45442199707,,,,,,,,,,,,,,,,,,,,
5432,89267.0963,,,,,,Frage 1,,,,,,1.0,393.0,-1.0,332.0,-1.0,0.9067419208283616,0.9065087901610192,89284.55099999996,499.61376953125,500.3340759277344,0.706813395023346,0.3030258119106292,0.5335941314697265,0.3142408728599548,0.0,0.0,1.0,0.18693438914027147,0.30189599208155926,362.5,,499.973922729492,,,,,,,,,,,,,,,,,,,,
5433,89283.7511,,,,,,Frage 1,,,,,,1.0,395.0,-1.0,320.0,-1.0,0.9023584740812487,0.9054642554878246,89301.206,499.50335693359375,500.2239074707031,0.7068432569503784,0.3028731048107147,0.533609926700592,0.3140716850757598,0.0,0.0,1.0,0.1841063348416289,0.3009794564530719,357.5,,499.863632202148,,,,,,,,,,,,,,,,,,,,
5434,89300.4051,,,,,,Frage 1,,,,,,1.0,389.0,-1.0,319.0,-1.0,0.9026829889315473,0.9052044609665427,89317.86100000003,499.3150634765625,500.0372009277344,0.7069487571716307,0.3029428720474243,0.5337180495262146,0.3141904175281524,0.0,0.0,1.0,0.18212669683257912,0.30033804309639184,354.0,,499.676132202148,,,,,,,,,,,,,,,,,,,,
5435,89317.062,,,,,,Frage 1,,,,,,1.0,398.0,-1.0,335.0,-1.0,0.903873708805336,0.9048402129779416,89334.51600000006,499.30807495117193,500.0325317382813,0.7070263028144836,0.3029228746891021,0.5337935090065002,0.3142078518867492,0.0,0.0,1.0,0.1891968325791855,0.3026287487743253,366.5,,499.670303344727,,,,,,,,,,,,,,,,,,,,
5436,89333.7143,,,,,,Frage 1,,,,,,1.0,395.0,-1.0,321.0,-1.0,0.9023809404939616,0.904818786625671,89351.17000000003,499.3997192382813,500.1257019042969,0.7070502638816833,0.302897423505783,0.5338027477264404,0.3141907453536987,0.0,0.0,1.0,0.18438914027149317,0.30107101827681515,358.0,,499.762710571289,,,,,,,,,,,,,,,,,,,,
5437,89350.3701,,,,,,Frage 1,,,,,,1.0,387.0,-1.0,308.0,-1.0,0.9057858501540197,0.9042724146427691,89367.82500000007,499.5486755371094,500.2778930664063,0.7070981264114379,0.3029221594333648,0.5338420867919921,0.3142266869544982,0.0,0.0,1.0,0.1784502262443438,0.2991468831075777,347.5,,499.913284301758,,,,,,,,,,,,,,,,,,,,
5438,89367.025,,,,,,Frage 1,,,,,,1.0,393.0,-1.0,307.0,-1.0,0.9070639394105812,0.9046179145731335,89384.47999999998,499.6528930664063,500.3859558105469,0.707168459892273,0.3029434084892272,0.5338861346244812,0.3142444491386413,0.0,0.0,1.0,0.1798642533936651,0.29960510223192666,350.0,,500.019424438477,,,,,,,,,,,,,,,,,,,,
5439,89383.6786,,,,,,Frage 1,,,,,,1.0,398.0,-1.0,312.0,-1.0,0.9040634251793569,0.9048937788586182,89401.13399999996,499.73443603515625,500.4712829589844,0.7072433829307556,0.3029766082763671,0.5339322090148925,0.3142772316932678,0.0,0.0,1.0,0.18269230769230763,0.3005213129387104,355.0,,500.10285949707,,,,,,,,,,,,,,,,,,,,
5440,89400.3347,,,,,,Frage 1,,,,,,1.0,389.0,-1.0,318.0,-1.0,0.9058881971452679,0.90531427102193,89417.78899999999,499.9152221679688,500.6536560058594,0.7072405815124511,0.302995890378952,0.5339264869689941,0.3142997324466705,0.0,0.0,1.0,0.18184389140271487,0.3002465327120469,353.5,,500.284439086914,,,,,,,,,,,,,,,,,,,,
5441,89416.9898,,,,,,Frage 1,,,,,,1.0,380.0,-1.0,322.0,-1.0,0.9087863643852441,0.9061418638783839,89434.44400000003,500.0653076171875,500.8069763183594,0.7072752714157104,0.3030333220958709,0.5339593291282653,0.3143311738967895,0.0,0.0,1.0,0.34143459438183993,0.35195365207076523,351.0,,500.436141967774,,,,,,,,,,,,,,,,,,,,
5442,89433.6426,,,,,,Frage 1,,,,,,1.0,388.0,-1.0,320.0,-1.0,0.908234689139736,0.9066239568044737,89451.098,500.1798095703125,500.9245300292969,0.7073175907135009,0.3031226396560668,0.5339717864990234,0.314405083656311,0.0,0.0,1.0,0.18212669683257912,0.30033837485426257,354.0,,500.552169799805,,,,,,,,,,,,,,,,,,,,
5443,89450.2981,,,,,,Frage 1,,,,,,1.0,391.0,-1.0,321.0,-1.0,0.9070090215128384,0.9075185070117737,89467.75300000001,500.3358154296875,501.0835876464844,0.7073714733123779,0.3031812310218811,0.5339964032173156,0.3144850134849548,0.0,0.0,1.0,0.18325791855203613,0.3007049397932068,356.0,,500.709701538086,,,,,,,,,,,,,,,,,,,,
5444,89466.9522,,,,,,Frage 1,,,,,,1.0,389.0,-1.0,315.0,-1.0,0.9075057788606035,0.9083648479264648,89484.40800000005,500.4031372070313,501.1551208496094,0.7074471712112426,0.303296685218811,0.534037172794342,0.3145756423473358,0.0,0.0,1.0,0.1809954751131221,0.29997201895052705,352.0,,500.77912902832,,,,,,,,,,,,,,,,,,,,
5445,89483.6071,,,,,,Frage 1,,,,,,1.0,396.0,-1.0,303.0,-1.0,0.9056884951167898,0.9066935924493534,89501.06200000003,500.5748291015625,501.3332214355469,0.7075221538543701,0.3034416735172271,0.5340805053710938,0.3146562874317169,0.0,0.0,1.0,0.17958144796380085,0.2995136441493842,349.5,,500.954025268555,,,,,,,,,,,,,,,,,,,,
5446,89500.2623,,,,,,Frage 1,,,,,,1.0,398.0,-1.0,324.0,-1.0,0.9067457613744179,0.9077863364151569,89517.71700000006,500.8941955566406,501.6539916992188,0.7074664831161499,0.3038038909435272,0.5340743660926818,0.3150431811809539,0.0,0.0,1.0,0.1860859728506787,0.3016212405000531,361.0,,501.27409362793,,,,,,,,,,,,,,,,,,,,
5447,89516.9164,,,,,,Frage 1,,,,,,1.0,397.0,-1.0,324.0,-1.0,0.9130999156261389,0.9101191305186248,89534.37199999997,501.0775146484375,501.7488708496094,0.7062058448791503,0.3056961596012115,0.5321674942970275,0.3179451823234558,0.0,0.0,1.0,0.18580316742081443,0.3015300656440685,360.5,,501.413192749024,,,,,,,,,,,,,,,,,,,,
5448,89533.5715,,,,,,Frage 1,,,,,,1.0,399.0,-1.0,308.0,-1.0,0.916277664890988,0.9082523595770438,89551.02600000007,500.8551635742188,501.4961853027344,0.7064884305000305,0.3058485984802246,0.5318048596382141,0.3192944824695587,0.0,0.0,1.0,0.18184389140271487,0.30024718283509294,353.5,,501.175674438477,,,,,,,,,,,,,,,,,,,,
5449,89550.2254,,,,,,Frage 1,,,,,,1.0,401.0,-1.0,308.0,-1.0,0.9184793733368614,0.9082523595770438,89567.68099999998,500.7020263671875,501.4098815917969,0.7077943682670593,0.3035793900489807,0.5332434773445129,0.3165894150733947,0.0,0.0,1.0,0.18240950226244337,0.30043051221984934,354.5,,501.055953979492,,,,,,,,,,,,,,,,,,,,
5450,89566.8819,,,,,,Frage 1,,,,,,1.0,412.0,-1.0,-1.0,-1.0,0.9182122726523847,0.0,89584.33600000001,500.6058349609375,-1.0,0.7073482275009155,0.3043452203273773,-1.0,-1.0,0.0,4.0,1.0,0.2149321266968325,0.310873348563142,412.0,,500.605834960938,,,,,,,,,,,,,,,,,,,,
5451,89583.537,,,,,,Frage 1,,,,,,1.0,413.0,-1.0,-1.0,-1.0,0.9119191808246673,0.0,89600.99100000004,500.5022277832031,-1.0,0.7070692777633667,0.3046745657920837,-1.0,-1.0,0.0,4.0,1.0,0.21549773755656101,0.31105639605000407,413.0,,500.502227783203,,,,,,,,,,,,,,,,,,,,
5452,89600.1896,,,,,,Frage 1,,,,,,1.0,412.0,-1.0,-1.0,-1.0,0.9107209721466409,0.0,89617.64500000003,500.1273498535156,-1.0,0.7079638242721557,0.3047159314155578,-1.0,-1.0,0.0,4.0,1.0,0.2149321266968325,0.310873099966145,412.0,,500.127349853516,,,,,,,,,,,,,,,,,,,,
5453,89616.8452,,,,,,Frage 1,,,,,,1.0,412.0,-1.0,349.0,-1.0,0.9150245383152188,0.9055285345446366,89634.30000000003,500.0513305664063,500.67593383789057,0.7080328464508056,0.3054612576961517,0.5322742462158203,0.3212670981884002,0.0,0.0,1.0,0.19711538461538455,0.30519477885043167,380.5,,500.363632202148,,,,,,,,,,,,,,,,,,,,
5454,89633.4996,,,,,,Frage 1,,,,,,1.0,413.0,-1.0,329.0,-1.0,0.9172961422673105,0.9062570305218389,89650.95500000006,499.47552490234375,500.2066345214844,0.7096330523490905,0.3020659983158111,0.534519374370575,0.3164503276348114,0.0,0.0,1.0,0.19174208144796376,0.3034539948893975,371.0,,499.841079711914,,,,,,,,,,,,,,,,,,,,
5455,89650.1543,,,,,,Frage 1,,,,,,1.0,409.0,-1.0,318.0,-1.0,0.9144354190485227,0.9066721660970828,89667.60900000005,499.4823303222656,500.21337890625,0.7092257738113403,0.3027434945106506,0.5341997146606445,0.3165143728256225,0.0,0.0,1.0,0.18749999999999997,0.3020795206894445,363.5,,499.847854614258,,,,,,,,,,,,,,,,,,,,
5456,89666.8091,,,,,,Frage 1,,,,,,1.0,409.0,-1.0,310.0,-1.0,0.9120939195902126,0.9058927825332378,89684.26399999997,499.2623291015625,499.98648071289057,0.7092120647430419,0.3035109639167785,0.5339215397834777,0.3173174262046814,0.0,0.0,1.0,0.18523755656108593,0.3013463367008291,359.5,,499.624404907227,,,,,,,,,,,,,,,,,,,,
5457,89683.4634,,,,,,Frage 1,,,,,,1.0,420.0,-1.0,327.0,-1.0,0.9000612272412845,0.9006808223434003,89700.91899999998,499.26858520507807,500.06787109375,0.7104977965354919,0.302538126707077,0.5355473160743713,0.3158097863197326,0.0,0.0,1.0,0.3422139862839563,0.3522053157471999,373.5,,499.668228149414,,,,,,,,,,,,,,,,,,,,
5458,89700.1186,,,,,,Frage 1,,,,,,1.0,416.0,-1.0,339.0,-1.0,0.9181024368568989,0.900329965824968,89717.57299999997,499.392333984375,500.2423095703125,0.7110738158226013,0.3023312389850616,0.5366202592849731,0.3149702847003936,0.0,0.0,1.0,0.19541855203619904,0.30464457174563914,377.5,,499.817321777344,,,,,,,,,,,,,,,,,,,,
5459,89716.772,,,,,,Frage 1,,,,,,1.0,409.0,-1.0,329.0,-1.0,0.9215273166615909,0.9053464105503358,89734.228,499.5441284179688,500.3884887695313,0.7108765244483947,0.3031258285045623,0.5364293456077575,0.3157487213611602,0.0,0.0,1.0,0.19061085972850675,0.30308752801736305,369.0,,499.96630859375,,,,,,,,,,,,,,,,,,,,
5460,89733.4287,,,,,,Frage 1,,,,,,1.0,417.0,-1.0,316.0,-1.0,0.9050485484546041,0.9060186623528277,89750.88300000003,499.2810974121094,500.18569946289057,0.7118796706199646,0.3026992380619049,0.5377951264381408,0.3147988021373748,0.0,0.0,1.0,0.1891968325791855,0.3026289102355442,366.5,,499.7333984375,,,,,,,,,,,,,,,,,,,,
5461,89750.0827,,,,,,Frage 1,,,,,,1.0,414.0,-1.0,338.0,-1.0,0.9150470047279318,0.9076470651253977,89767.53700000001,499.07421875,500.0091247558594,0.7123016119003295,0.3030905425548553,0.538464367389679,0.3148178458213806,0.0,0.0,1.0,0.3412567892075672,0.35189640788743043,376.0,,499.54167175293,,,,,,,,,,,,,,,,,,,,
5462,89766.7359,,,,,,Frage 1,,,,,,1.0,408.0,-1.0,345.0,-1.0,0.9154813553737163,0.908072913876777,89784.19200000005,499.1551818847656,500.1119079589844,0.712567925453186,0.3034614026546478,0.5389214754104614,0.3149596154689788,0.0,0.0,1.0,0.19485294117647053,0.3044620331568902,376.5,,499.633544921875,,,,,,,,,,,,,,,,,,,,
5463,89783.3925,,,,,,Frage 1,,,,,,1.0,399.0,-1.0,346.0,-1.0,0.9062187545496978,0.9072319295501536,89800.84700000007,498.9206848144531,499.89794921875,0.7129569053649902,0.3038593828678131,0.5394454002380371,0.3152220845222473,0.0,0.0,1.0,0.19259049773755652,0.303728613091125,372.5,,499.409317016602,,,,,,,,,,,,,,,,,,,,
5464,89800.0452,,,,,,Frage 1,,,,,,1.0,430.0,-1.0,382.0,-1.0,0.9117893748845476,0.9082095068725025,89817.50100000003,500.05706787109375,501.0367126464844,0.7126166224479675,0.3042644560337066,0.5392452478408813,0.31552255153656,0.0,0.0,1.0,0.21153846153846148,0.30986798632232526,406.0,,500.546890258789,,,,,,,,,,,,,,,,,,,,
5465,89816.7012,,,,,,Frage 1,,,,,,1.0,456.0,-1.0,384.0,-1.0,0.918621660617377,0.9082228983426718,89834.15600000006,499.2970581054688,500.2626037597656,0.7124439477920532,0.3046100735664367,0.5390435457229614,0.3157980442047119,0.0,0.0,1.0,0.2194570135746606,0.3124338029441428,420.0,,499.779830932617,,,,,,,,,,,,,,,,,,,,
5466,89833.3566,,,,,,Frage 1,,,,,,1.0,662.0,-1.0,566.0,-1.0,0.9117768935441515,0.9091147702559377,89850.81099999999,496.5494995117188,497.52395629882807,0.7133586406707763,0.3047147393226623,0.5399364233016967,0.3159735202789306,0.0,0.0,1.0,0.3291855203619909,0.3479853948822641,614.0,,497.036727905273,,,,,,,,,,,,,,,,,,,,
5467,89850.0107,,,,,,Frage 1,,,,,,1.0,666.0,-1.0,566.0,-1.0,0.910453871462164,0.9091147702559377,89867.46600000001,497.1812133789063,498.1724243164063,0.7135871052742004,0.3050601780414581,0.5401843190193176,0.3163484036922454,0.0,0.0,1.0,0.3303167420814479,0.34835186362128345,616.0,,497.676818847656,,,,,,,,,,,,,,,,,,,,
5468,89866.6653,,,,,,Frage 1,,,,,,1.0,668.0,-1.0,579.0,-1.0,0.9088737337680168,0.9051508950858661,89884.11999999998,497.4208068847656,498.4561462402344,0.7144492864608764,0.3052198588848114,0.54115891456604,0.3164362907409668,0.0,0.0,1.0,0.3345588235294117,0.34972582163723814,623.5,,497.9384765625,,,,,,,,,,,,,,,,,,,,
5469,89883.3191,,,,,,Frage 1,,,,,,1.0,662.0,-1.0,582.0,-1.0,0.905823294175208,0.9066453831567445,89900.77500000001,498.0621032714844,499.1337585449218,0.7150633335113525,0.3055515885353088,0.5418545007705688,0.316736489534378,0.0,0.0,1.0,0.33371040723981893,0.34945099124661627,622.0,,498.597930908203,,,,,,,,,,,,,,,,,,,,
5470,89899.9741,,,,,,Frage 1,,,,,,1.0,658.0,-1.0,584.0,-1.0,0.9068792155727188,0.9084934060400887,89917.43000000005,497.6954345703125,498.8113403320313,0.7161418795585632,0.3060187697410583,0.542964518070221,0.3172088861465454,0.0,0.0,1.0,0.3331447963800904,0.3492679620277232,621.0,,498.253387451172,,,,,,,,,,,,,,,,,,,,
5471,89916.6299,,,,,,Frage 1,,,,,,1.0,674.0,-1.0,587.0,-1.0,0.9104363975856095,0.9080514875245065,89934.08400000003,497.4873962402344,498.6457214355469,0.7171400785446167,0.3065946400165557,0.5439869165420532,0.3177936971187591,0.0,0.0,1.0,0.3385180995475113,0.3510089691991702,630.5,,498.066558837891,,,,,,,,,,,,,,,,,,,,
5472,89933.2836,,,,,,Frage 1,,,,,,1.0,684.0,-1.0,582.0,-1.0,0.9089685919550274,0.9082898556935174,89950.73900000006,497.3069458007813,498.5034790039063,0.7180432677268981,0.307069718837738,0.5448967218399047,0.31826913356781,0.0,0.0,1.0,0.33993212669683254,0.35146708606762006,633.0,,497.905212402344,,,,,,,,,,,,,,,,,,,,
5473,89949.9393,,,,,,Frage 1,,,,,,1.0,679.0,-1.0,571.0,-1.0,0.9119241733608258,0.9068864296197894,89967.39399999997,497.46966552734375,498.71206665039057,0.7190386652946472,0.3073965311050415,0.5459043979644775,0.3186056911945343,0.0,0.0,1.0,0.33540723981900444,0.3500009877191906,625.0,,498.090866088867,,,,,,,,,,,,,,,,,,,,
5474,89966.5919,,,,,,Frage 1,,,,,,1.0,677.0,-1.0,567.0,-1.0,0.9128103485289493,0.9074033403683189,89984.04800000007,496.89447021484375,498.18765258789057,0.720329463481903,0.3075283467769622,0.5471664667129515,0.3187038004398345,0.0,0.0,1.0,0.33371040723981893,0.34945130188366536,622.0,,497.541061401367,,,,,,,,,,,,,,,,,,,,
5475,89983.2487,,,,,,Frage 1,,,,,,1.0,682.0,-1.0,566.0,-1.0,0.6735920262616375,0.6675089971582711,90000.70299999998,497.1402282714844,498.4908447265625,0.7215996980667114,0.3076291978359222,0.5484179258346557,0.3188438117504119,0.0,0.0,1.0,0.33484162895927594,0.3497849442708497,624.0,,497.815536499024,,,,,,,,,,,,,,,,,,,,
5476,89999.9033,,,,,,Frage 1,,,,,,1.0,681.0,-1.0,585.0,-1.0,0.9123160874492633,0.9096022197700951,90017.358,496.7630615234375,498.1834716796875,0.7232196331024169,0.3074219524860382,0.5500386953353881,0.3185073733329772,0.0,0.0,1.0,0.33993212669683254,0.3514673335454491,633.0,,497.473266601563,,,,,,,,,,,,,,,,,,,,
5477,90016.5563,,,,,,Frage 1,,,,,,1.0,674.0,-1.0,579.0,-1.0,0.9123085986450257,0.9111850915440902,90034.012,497.1848754882813,498.6809997558594,0.7247760891914367,0.307190716266632,0.551584482192993,0.3181665241718292,0.0,0.0,1.0,0.3362556561085972,0.3502763317120292,626.5,,497.93293762207,,,,,,,,,,,,,,,,,,,,
5478,90033.2126,,,,,,Frage 1,,,,,,1.0,674.0,-1.0,577.0,-1.0,0.9155387695395385,0.9126581532626978,90050.66700000002,496.3933410644531,497.9720458984375,0.7268030643463134,0.3069077432155609,0.5535516142845153,0.3177248537540435,0.0,0.0,1.0,0.3356900452488687,0.3500933356759375,625.5,,497.182693481445,,,,,,,,,,,,,,,,,,,,
5479,90049.8667,,,,,,Frage 1,,,,,,1.0,678.0,-1.0,580.0,-1.0,0.9158458105132826,0.9135152073535241,90067.32200000003,496.3768005371094,498.0472412109375,0.7287863492965698,0.306668609380722,0.555504024028778,0.3172677755355835,0.0,0.0,1.0,0.33766968325791846,0.3507348320629223,629.0,,497.212020874023,,,,,,,,,,,,,,,,,,,,
5480,90066.5209,,,,,,Frage 1,,,,,,1.0,679.0,-1.0,581.0,-1.0,0.9116006631395559,0.9126822579090023,90083.976,496.2917175292969,498.04702758789057,0.7306342720985411,0.3064258694648742,0.5572934746742249,0.3168017268180847,0.0,0.0,1.0,0.338235294117647,0.35091786094315885,630.0,,497.169372558594,,,,,,,,,,,,,,,,,,,,
5481,90083.1764,,,,,,Frage 1,,,,,,1.0,671.0,-1.0,583.0,-1.0,0.9143505459338289,0.9106199715029515,90100.63100000004,497.02780151367193,498.8836975097656,0.7327823638916015,0.3062352836132049,0.5594273209571838,0.3167085945606231,0.0,0.0,1.0,0.33653846153846145,0.3503679689022881,627.0,,497.955749511719,,,,,,,,,,,,,,,,,,,,
5482,90099.8312,,,,,,Frage 1,,,,,,1.0,539.0,-1.0,444.0,-1.0,0.9130325477404344,0.9142490599187942,90117.28599999996,497.2005004882813,499.1669921875,0.7350634336471557,0.3054103851318359,0.5616875290870667,0.3155229091644287,0.0,0.0,1.0,0.25989819004524883,0.3255370707545264,491.5,,498.183746337891,,,,,,,,,,,,,,,,,,,,
5483,90104.2062,1.0,EndMedia,TestImage,90000.0,StimuliDisplay,Frage 1,,,,,,,,,,,0.6585048574425887,0.6495113533451946,,,,,,,,,,,0.37959439571535225,0.3642823432120883,,,,,,,,,,,,,,,,,,,,,,,
5484,90105.2032,1.0,EndSlide,TestImage,90000.0,StimuliDisplay,Frage 1,,,,,,,,,,,0.6585048574425887,0.6495113533451946,,,,,,,,,,,0.37959439571535225,0.3642823432120883,,,,,,,,,,,,,,,,,,,,,,,
